regime,budget,headway_s,seed,service_success,method,scenario,budget_attempts_per_sample,strategy,ablation,loss_probability,burst_persistence,maximum_delay_steps,gap_rmse_m,speed_rmse_mps,lateral_rmse_m,jerk_rms_mps3,minimum_safe_margin_m,minimum_friction_reserve_fraction,attempted_packets,delivered_packets,occupied_slots,attempts_per_vehicle_km,delivery_ratio,computation_p95_ms,computation_max_ms,combined_tracking_score,combined_tracking_score_definition,collision
nominal,0,1.8,3101,True,Proposed,service,0,aware,none,0.02,0.1,1,0.5510345333348761,1.3351987691405767,0.16699774598531356,1.5427051744467264,11.622221593288657,0.47879702213606135,0,0,0,0.0,,1.0352000000000139,60.09019999999943,2.146578208768762,(gap/tau_g)^2+(speed/tau_v)^2+(lateral/tau_y)^2,False
nominal,0,1.8,3102,True,Proposed,service,0,aware,none,0.02,0.1,1,0.5608313031711278,1.346677823542178,0.16739009600292334,1.588472659707843,11.534194983199086,0.4828716690776498,0,0,0,0.0,,1.7649999999997945,18.64650000000001,2.1849297649037296,(gap/tau_g)^2+(speed/tau_v)^2+(lateral/tau_y)^2,False
nominal,0,1.8,3103,True,Proposed,service,0,aware,none,0.02,0.1,1,0.5544983878478281,1.3327685290871232,0.16738472241141178,1.5704190935276507,11.554085514881187,0.48559983423247743,0,0,0,0.0,,0.9657000000000693,1.5761999999996945,2.153312931817265,(gap/tau_g)^2+(speed/tau_v)^2+(lateral/tau_y)^2,False
nominal,0,1.8,3104,True,Proposed,service,0,aware,none,0.02,0.1,1,0.5592344074749955,1.3419958959448093,0.1674532222212349,1.581746283432614,11.603918716513512,0.48458362047369974,0,0,0,0.0,,0.9310499999997113,1.7420999999995246,2.1758558777862786,(gap/tau_g)^2+(speed/tau_v)^2+(lateral/tau_y)^2,False
nominal,0,1.8,3105,True,Proposed,service,0,aware,none,0.02,0.1,1,0.5501335877017601,1.330140584641932,0.1668820745829288,1.5869176081755632,11.549757061551794,0.48876252620062277,0,0,0,0.0,,0.8444000000000784,7.300799999999441,2.1369705216296238,(gap/tau_g)^2+(speed/tau_v)^2+(lateral/tau_y)^2,False
nominal,0,1.8,3106,True,Proposed,service,0,aware,none,0.02,0.1,1,0.554900922315557,1.3405566861880347,0.16765492212367103,1.5395579451123587,11.451011968517648,0.488015443322504,0,0,0,0.0,,0.8281999999999456,1.7984000000001998,2.1669926172080656,(gap/tau_g)^2+(speed/tau_v)^2+(lateral/tau_y)^2,False
nominal,0,1.8,3107,True,Proposed,service,0,aware,none,0.02,0.1,1,0.5584753458885693,1.3482484082895092,0.1677364052109292,1.537012046589301,11.748437668177061,0.48702588293565297,0,0,0,0.0,,0.9221499999991778,2.096800000000343,2.1853026259365564,(gap/tau_g)^2+(speed/tau_v)^2+(lateral/tau_y)^2,False
nominal,0,1.8,3108,True,Proposed,service,0,aware,none,0.02,0.1,1,0.5573366679118477,1.341502243131628,0.16789036608750163,1.564588981620212,11.564190500236322,0.4918541429039762,0,0,0,0.0,,0.9590999999993244,2.0450000000007407,2.175077794923063,(gap/tau_g)^2+(speed/tau_v)^2+(lateral/tau_y)^2,False
nominal,0,1.8,3109,True,Proposed,service,0,aware,none,0.02,0.1,1,0.5658669077190208,1.3413309052164792,0.1678153305772565,1.5313830501219803,11.602573107220223,0.4898023083462858,0,0,0,0.0,,0.9610000000002117,8.078900000001,2.191246759748006,(gap/tau_g)^2+(speed/tau_v)^2+(lateral/tau_y)^2,False
nominal,0,1.8,3110,True,Proposed,service,0,aware,none,0.02,0.1,1,0.5538067364559247,1.3387578127988107,0.16623521698168697,1.5893171080092752,11.418505033044639,0.46365262279839736,0,0,0,0.0,,0.8118499999998363,1.710199999999773,2.1505262441075774,(gap/tau_g)^2+(speed/tau_v)^2+(lateral/tau_y)^2,False
nominal,0,1.8,3111,True,Proposed,service,0,aware,none,0.02,0.1,1,0.5560218186772508,1.336740583639829,0.16745791450989844,1.5487091070569141,11.650155095766678,0.481428515635296,0,0,0,0.0,,0.8337499999999665,1.4671999999986696,2.1623431896590626,(gap/tau_g)^2+(speed/tau_v)^2+(lateral/tau_y)^2,False
nominal,0,1.8,3112,True,Proposed,service,0,aware,none,0.02,0.1,1,0.5558503765993358,1.3424946003912612,0.1668430748718487,1.5457780142656148,11.410097223358292,0.4881340482118226,0,0,0,0.0,,0.7293999999999912,1.4422999999990083,2.164731261093477,(gap/tau_g)^2+(speed/tau_v)^2+(lateral/tau_y)^2,False
nominal,0,1.8,3113,True,Proposed,service,0,aware,none,0.02,0.1,1,0.5601959363524552,1.3407952707462485,0.16692999819709664,1.6132658771764483,11.454969079698579,0.48631692079046474,0,0,0,0.0,,0.9134499999996493,1.4172000000005625,2.1717521005437663,(gap/tau_g)^2+(speed/tau_v)^2+(lateral/tau_y)^2,False
nominal,0,1.8,3114,True,Proposed,service,0,aware,none,0.02,0.1,1,0.5561065790128649,1.3377192787347463,0.16662826381473753,1.5879294828241357,11.591220720218821,0.48691566095887806,0,0,0,0.0,,0.7955000000006152,1.5909000000000617,2.156916849381763,(gap/tau_g)^2+(speed/tau_v)^2+(lateral/tau_y)^2,False
nominal,0,1.8,3115,True,Proposed,service,0,aware,none,0.02,0.1,1,0.5540316872200071,1.3426073661785098,0.16701423424442197,1.5793745335535678,11.667124401988254,0.48711727435057584,0,0,0,0.0,,0.8079999999992538,1.5498000000011558,2.162725815709794,(gap/tau_g)^2+(speed/tau_v)^2+(lateral/tau_y)^2,False
nominal,0,1.8,3116,True,Proposed,service,0,aware,none,0.02,0.1,1,0.5538721599172799,1.3452502328986868,0.1677143834934832,1.5362629693849383,11.34871378331912,0.4765985408416257,0,0,0,0.0,,0.8587999999996043,1.4830000000003452,2.171894920318917,(gap/tau_g)^2+(speed/tau_v)^2+(lateral/tau_y)^2,False
nominal,0,1.8,3117,True,Proposed,service,0,aware,none,0.02,0.1,1,0.5530767019339338,1.3321921765265325,0.16706416341158284,1.565375777331295,11.52394538537554,0.48543574808864676,0,0,0,0.0,,0.8329499999994994,2.252099999999757,2.1470496839313955,(gap/tau_g)^2+(speed/tau_v)^2+(lateral/tau_y)^2,False
nominal,0,1.8,3118,True,Proposed,service,0,aware,none,0.02,0.1,1,0.5585217315857278,1.3420599507591167,0.16723264422517334,1.5642125354473968,11.550616757485244,0.4894930339951533,0,0,0,0.0,,0.9648500000007942,3.316099999999267,2.172681813090254,(gap/tau_g)^2+(speed/tau_v)^2+(lateral/tau_y)^2,False
nominal,0,1.8,3119,True,Proposed,service,0,aware,none,0.02,0.1,1,0.5531741406499687,1.3356405213553622,0.16744469778664423,1.5558898750109604,11.410636962253456,0.48634366603828993,0,0,0,0.0,,0.9528000000020853,1.5502000000005012,2.1551172936491096,(gap/tau_g)^2+(speed/tau_v)^2+(lateral/tau_y)^2,False
nominal,0,1.8,3120,True,Proposed,service,0,aware,none,0.02,0.1,1,0.5533620921615873,1.325377148446634,0.1665578779872041,1.5334642213260234,11.356704780192281,0.4944208412760488,0,0,0,0.0,,0.8552999999995592,1.688000000001466,2.134147832656711,(gap/tau_g)^2+(speed/tau_v)^2+(lateral/tau_y)^2,False
nominal,0,1.8,3121,True,Proposed,service,0,aware,none,0.02,0.1,1,0.5599058518871454,1.348603759970172,0.16811657500114724,1.6209659742818578,11.553361949008277,0.47805194708532495,0,0,0,0.0,,0.7958000000005683,1.74249999999887,2.1918277788019243,(gap/tau_g)^2+(speed/tau_v)^2+(lateral/tau_y)^2,False
nominal,0,1.8,3122,True,Proposed,service,0,aware,none,0.02,0.1,1,0.5541292606601441,1.3422412119906246,0.16736615704422972,1.5441093707882785,11.500807395410831,0.48773737548596396,0,0,0,0.0,,0.8331500000000602,9.092800000001233,2.165358378122991,(gap/tau_g)^2+(speed/tau_v)^2+(lateral/tau_y)^2,False
nominal,0,1.8,3123,True,Proposed,service,0,aware,none,0.02,0.1,1,0.5527637496418909,1.341801445152658,0.16799869136653348,1.6149282948859434,11.410641460847366,0.4865209981276759,0,0,0,0.0,,0.9179000000010262,1.4109999999973866,2.1673723356984205,(gap/tau_g)^2+(speed/tau_v)^2+(lateral/tau_y)^2,False
nominal,0,1.8,3124,True,Proposed,service,0,aware,none,0.02,0.1,1,0.5584253608706805,1.3296590857127464,0.1673729217096167,1.5228019292347947,11.636606522050279,0.48403113615494464,0,0,0,0.0,,1.1685500000009341,1.6712999999981548,2.1567600005718015,(gap/tau_g)^2+(speed/tau_v)^2+(lateral/tau_y)^2,False
nominal,0,1.8,3125,True,Proposed,service,0,aware,none,0.02,0.1,1,0.5437826304684661,1.3365802757384821,0.16703477258352414,1.5676020453760082,11.580291401631392,0.4865281361749575,0,0,0,0.0,,1.1611499999979458,1.828899999999578,2.13465593483393,(gap/tau_g)^2+(speed/tau_v)^2+(lateral/tau_y)^2,False
nominal,0,1.8,3126,True,Proposed,service,0,aware,none,0.02,0.1,1,0.5521418783209849,1.3406778620613415,0.1666642039944227,1.5418676608709285,11.47510956109732,0.4936846326881591,0,0,0,0.0,,1.0744000000020293,1.9101999999975305,2.1534479739956973,(gap/tau_g)^2+(speed/tau_v)^2+(lateral/tau_y)^2,False
nominal,0,1.8,3127,True,Proposed,service,0,aware,none,0.02,0.1,1,0.5612306595241019,1.34540781873178,0.16694764644083226,1.5533945349065512,11.545013212531082,0.49585498405584727,0,0,0,0.0,,1.146499999999051,6.460600000000483,2.180283833784928,(gap/tau_g)^2+(speed/tau_v)^2+(lateral/tau_y)^2,False
nominal,0,1.8,3128,True,Proposed,service,0,aware,none,0.02,0.1,1,0.557782595905026,1.3407515817598488,0.16658517337481155,1.5397695986831872,11.5199963359603,0.48669735038667006,0,0,0,0.0,,1.2812999999987085,2.0303999999988775,2.1640206642090853,(gap/tau_g)^2+(speed/tau_v)^2+(lateral/tau_y)^2,False
nominal,0,1.8,3129,True,Proposed,service,0,aware,none,0.02,0.1,1,0.5549029408766585,1.3344135696163142,0.16747034928563412,1.6094416065126063,11.65059344321645,0.48007325081010555,0,0,0,0.0,,1.109149999999559,2.5644000000006884,2.15706621703948,(gap/tau_g)^2+(speed/tau_v)^2+(lateral/tau_y)^2,False
nominal,0,1.8,3130,True,Proposed,service,0,aware,none,0.02,0.1,1,0.5529376265516033,1.3375134646972655,0.16769039404769148,1.5607357995343543,11.628767561777693,0.4947661653061963,0,0,0,0.0,,1.1731000000008152,2.0961000000028207,2.1592651647617638,(gap/tau_g)^2+(speed/tau_v)^2+(lateral/tau_y)^2,False
nominal,0,1.8,3131,True,Proposed,service,0,aware,none,0.02,0.1,1,0.5583358175454293,1.3475515278178982,0.16828852126846539,1.5095249936781685,11.48356932123066,0.48545237525047036,0,0,0,0.0,,1.2165499999987617,12.732499999998481,2.188705224368648,(gap/tau_g)^2+(speed/tau_v)^2+(lateral/tau_y)^2,False
nominal,0,1.8,3132,True,Proposed,service,0,aware,none,0.02,0.1,1,0.5488856733536385,1.3396203246810394,0.16675434728257607,1.5886741221182588,11.546534250224717,0.4812476964308319,0,0,0,0.0,,1.1698999999989468,1.828599999999625,2.146379540705951,(gap/tau_g)^2+(speed/tau_v)^2+(lateral/tau_y)^2,False
nominal,0,1.8,3133,True,Proposed,service,0,aware,none,0.02,0.1,1,0.5536080733527942,1.3423907811284002,0.16663284757667068,1.6409127874156695,11.547664930351914,0.47330765367513017,0,0,0,0.0,,1.1375000000004576,2.28869999999759,2.15841374888906,(gap/tau_g)^2+(speed/tau_v)^2+(lateral/tau_y)^2,False
nominal,0,1.8,3134,True,Proposed,service,0,aware,none,0.02,0.1,1,0.5580790601358798,1.3477732194962533,0.16743495176445716,1.5532147383230392,11.650286558886528,0.4882520384428227,0,0,0,0.0,,1.2990500000000793,2.1570000000004086,2.181336408124265,(gap/tau_g)^2+(speed/tau_v)^2+(lateral/tau_y)^2,False
nominal,0,1.8,3135,True,Proposed,service,0,aware,none,0.02,0.1,1,0.553517677565006,1.3414491203052048,0.1678840432514176,1.5406001310154174,11.449284178860559,0.4870958325132131,0,0,0,0.0,,1.2077499999989527,2.021800000001406,2.1674100600602957,(gap/tau_g)^2+(speed/tau_v)^2+(lateral/tau_y)^2,False
nominal,0,1.8,3136,True,Proposed,service,0,aware,none,0.02,0.1,1,0.5587932356565378,1.3409405013433302,0.16661162024918658,1.5776197854079015,11.353129203152427,0.48423845631482176,0,0,0,0.0,,1.0594999999984367,1.8587999999972737,2.166505590122017,(gap/tau_g)^2+(speed/tau_v)^2+(lateral/tau_y)^2,False
nominal,0,1.8,3137,True,Proposed,service,0,aware,none,0.02,0.1,1,0.5543772811531396,1.3434986144176195,0.16747274302640794,1.566207116352979,11.50004662857949,0.4759619883126408,0,0,0,0.0,,1.2844999999988005,2.147000000000787,2.168462362692344,(gap/tau_g)^2+(speed/tau_v)^2+(lateral/tau_y)^2,False
nominal,0,1.8,3138,True,Proposed,service,0,aware,none,0.02,0.1,1,0.5586775156318625,1.3431529959589341,0.16750881452929278,1.5383265210684303,11.50773736302709,0.4950816130028364,0,0,0,0.0,,1.3073000000005663,1.8484000000000833,2.1767998411740668,(gap/tau_g)^2+(speed/tau_v)^2+(lateral/tau_y)^2,False
nominal,0,1.8,3139,True,Proposed,service,0,aware,none,0.02,0.1,1,0.5601215167814128,1.3261970452811493,0.16660945141588573,1.5841438759163702,11.692380623154904,0.4869340603906894,0,0,0,0.0,,1.2284500000010468,2.4492999999985443,2.149067049279319,(gap/tau_g)^2+(speed/tau_v)^2+(lateral/tau_y)^2,False
nominal,0,1.8,3140,True,Proposed,service,0,aware,none,0.02,0.1,1,0.5570001040382039,1.3323227451382806,0.1664818144297462,1.5520656657504184,11.382630461430807,0.47569261696612264,0,0,0,0.0,,0.7999000000005196,1.5628999999997006,2.1501138968135605,(gap/tau_g)^2+(speed/tau_v)^2+(lateral/tau_y)^2,False
nominal,0,1.8,3141,True,Proposed,service,0,aware,none,0.02,0.1,1,0.5599735813089144,1.3456569713954518,0.1676702659080339,1.5366409312829012,11.430345013857526,0.4896332392653132,0,0,0,0.0,,0.8704499999989679,1.654999999999518,2.1841652802510394,(gap/tau_g)^2+(speed/tau_v)^2+(lateral/tau_y)^2,False
nominal,0,1.8,3142,True,Proposed,service,0,aware,none,0.02,0.1,1,0.5540272045164594,1.329728825899893,0.16729116956952017,1.5535603081586447,11.54545288460114,0.48086142878428406,0,0,0,0.0,,0.7865999999996376,1.7239999999993927,2.147472433535633,(gap/tau_g)^2+(speed/tau_v)^2+(lateral/tau_y)^2,False
nominal,0,1.8,3143,True,Proposed,service,0,aware,none,0.02,0.1,1,0.5480851789968162,1.330297154493762,0.1670322606574517,1.585327505264085,11.787138474167762,0.4823321897748154,0,0,0,0.0,,0.8932500000007337,1.523900000002243,2.13443748587808,(gap/tau_g)^2+(speed/tau_v)^2+(lateral/tau_y)^2,False
nominal,0,1.8,3144,True,Proposed,service,0,aware,none,0.02,0.1,1,0.5523637824420017,1.3406218059784805,0.16746711162199354,1.5598749917054535,11.487517610859769,0.48478038806378065,0,0,0,0.0,,0.858299999997314,1.5159000000011247,2.160513926562577,(gap/tau_g)^2+(speed/tau_v)^2+(lateral/tau_y)^2,False
nominal,0,1.8,3145,True,Proposed,service,0,aware,none,0.02,0.1,1,0.5620317033426713,1.3540372646876462,0.16764671049922683,1.5890520104476045,11.608035686572656,0.484147837739917,0,0,0,0.0,,0.8129500000002565,1.343200000000877,2.1996160780256315,(gap/tau_g)^2+(speed/tau_v)^2+(lateral/tau_y)^2,False
nominal,0,1.8,3146,True,Proposed,service,0,aware,none,0.02,0.1,1,0.5513625279083207,1.3432986590224916,0.1672727478734262,1.537223644042429,11.605545129912201,0.4800839764224536,0,0,0,0.0,,0.8161500000021249,1.9294000000016354,2.160588293643533,(gap/tau_g)^2+(speed/tau_v)^2+(lateral/tau_y)^2,False
nominal,0,1.8,3147,True,Proposed,service,0,aware,none,0.02,0.1,1,0.5528572260354475,1.3379618542150387,0.16726414032168277,1.5626701040469457,11.67455037771147,0.4921560134112133,0,0,0,0.0,,0.8653999999999051,48.82220000000004,2.1561497872673305,(gap/tau_g)^2+(speed/tau_v)^2+(lateral/tau_y)^2,False
nominal,0,1.8,3148,True,Proposed,service,0,aware,none,0.02,0.1,1,0.5554749116539334,1.3297418881255778,0.1671757786281561,1.5649032289319422,11.669507010750834,0.49428404839205564,0,0,0,0.0,,1.341600000000387,18.943699999999453,2.1493808232612377,(gap/tau_g)^2+(speed/tau_v)^2+(lateral/tau_y)^2,False
nominal,0,1.8,3149,True,Proposed,service,0,aware,none,0.02,0.1,1,0.5588341585132303,1.3404671053053525,0.16697823226815856,1.563217760264608,11.427897151933983,0.4779572532338554,0,0,0,0.0,,0.9524999999999118,1.6064999999994,2.168996714098352,(gap/tau_g)^2+(speed/tau_v)^2+(lateral/tau_y)^2,False
nominal,0,1.8,3150,True,Proposed,service,0,aware,none,0.02,0.1,1,0.5550369192730064,1.3413004947109746,0.16680340109855268,1.5437810919720936,11.585300358805881,0.49187036577750465,0,0,0,0.0,,0.7001999999998176,1.792800000000483,2.16115876124916,(gap/tau_g)^2+(speed/tau_v)^2+(lateral/tau_y)^2,False
nominal,0,2.0,3101,True,Proposed,service,0,aware,none,0.02,0.1,1,0.5699841456562253,1.3974183207769324,0.1663535007077198,1.502704251316953,17.034923616427108,0.4833780858075284,0,0,0,0.0,,0.8746000000003917,52.02470000000048,2.2657203362885343,(gap/tau_g)^2+(speed/tau_v)^2+(lateral/tau_y)^2,False
nominal,0,2.0,3102,False,Proposed,service,0,aware,none,0.02,0.1,1,0.5798347077524377,1.4098687748912593,0.16673370192713316,1.5482429922122676,16.996066752195354,0.4879989482153573,0,0,0,0.0,,0.8219500000006263,1.5519000000008276,2.3068547476349432,(gap/tau_g)^2+(speed/tau_v)^2+(lateral/tau_y)^2,False
nominal,0,2.0,3103,True,Proposed,service,0,aware,none,0.02,0.1,1,0.5738034895577531,1.3959675334123534,0.16673105765316612,1.5295723487735915,16.949565303884455,0.4891589341058954,0,0,0,0.0,,0.9243500000000182,1.5263999999994837,2.2745628932038646,(gap/tau_g)^2+(speed/tau_v)^2+(lateral/tau_y)^2,False
nominal,0,2.0,3104,False,Proposed,service,0,aware,none,0.02,0.1,1,0.5780812727662078,1.405167762770219,0.16680008667580656,1.5400113799014563,17.032674902698297,0.48820902290429535,0,0,0,0.0,,0.9035500000003083,2.4647000000008745,2.297047013932152,(gap/tau_g)^2+(speed/tau_v)^2+(lateral/tau_y)^2,False
nominal,0,2.0,3105,True,Proposed,service,0,aware,none,0.02,0.1,1,0.5691128456337686,1.3923549742853374,0.16624625694751616,1.5451947560949173,16.971971964993045,0.49253341172462484,0,0,0,0.0,,0.9225499999994113,6.110800000000083,2.255857236026034,(gap/tau_g)^2+(speed/tau_v)^2+(lateral/tau_y)^2,False
nominal,0,2.0,3106,False,Proposed,service,0,aware,none,0.02,0.1,1,0.5743822853921636,1.403787038158294,0.16699214029114895,1.5008722319858494,17.14539242805961,0.49166593859557084,0,0,0,0.0,,0.8117000000007479,1.3180000000012626,2.289092317588351,(gap/tau_g)^2+(speed/tau_v)^2+(lateral/tau_y)^2,False
nominal,0,2.0,3107,False,Proposed,service,0,aware,none,0.02,0.1,1,0.5782478105427561,1.411472737193205,0.16707097852889535,1.4971371077798359,17.147736712609685,0.48907951219082724,0,0,0,0.0,,0.7663999999998339,1.4789000000003938,2.308711074659534,(gap/tau_g)^2+(speed/tau_v)^2+(lateral/tau_y)^2,False
nominal,0,2.0,3108,False,Proposed,service,0,aware,none,0.02,0.1,1,0.5770255728094739,1.405112266672693,0.16722909117441268,1.5257261326046554,17.1484789241508,0.4951997458207167,0,0,0,0.0,,0.9135499999999297,1.4254000000004652,2.298382038780784,(gap/tau_g)^2+(speed/tau_v)^2+(lateral/tau_y)^2,False
nominal,0,2.0,3109,False,Proposed,service,0,aware,none,0.02,0.1,1,0.5850686565248453,1.4051330820733214,0.16715238317212872,1.4917534210325505,17.052278305187443,0.4939407889896116,0,0,0,0.0,,0.7738499999998538,1.2477000000004068,2.3143872114734876,(gap/tau_g)^2+(speed/tau_v)^2+(lateral/tau_y)^2,False
nominal,0,2.0,3110,False,Proposed,service,0,aware,none,0.02,0.1,1,0.5725993091204499,1.4007154888211246,0.1656086374277577,1.5498830926882101,16.889686327311765,0.4690133882949872,0,0,0,0.0,,0.7829499999996159,8.859899999999143,2.269557852382734,(gap/tau_g)^2+(speed/tau_v)^2+(lateral/tau_y)^2,False
nominal,0,2.0,3111,True,Proposed,service,0,aware,none,0.02,0.1,1,0.5749645174638357,1.3998546903846965,0.16680247161323036,1.5091247245884558,17.157538792786546,0.4856352735118801,0,0,0,0.0,,0.8302000000002252,1.3632999999995121,2.2830742769573265,(gap/tau_g)^2+(speed/tau_v)^2+(lateral/tau_y)^2,False
nominal,0,2.0,3112,False,Proposed,service,0,aware,none,0.02,0.1,1,0.5751987887067582,1.4048553658101575,0.1662026856724824,1.5054390228440748,16.82161480171081,0.49072035387887514,0,0,0,0.0,,0.8612999999995097,1.2740000000004414,2.285715843333071,(gap/tau_g)^2+(speed/tau_v)^2+(lateral/tau_y)^2,False
nominal,0,2.0,3113,False,Proposed,service,0,aware,none,0.02,0.1,1,0.5796350582378371,1.4036772379873095,0.16628907553444155,1.5728055112257853,16.990762598140222,0.48961422834838775,0,0,0,0.0,,0.8884000000008996,2.234400000000747,2.2938536023987814,(gap/tau_g)^2+(speed/tau_v)^2+(lateral/tau_y)^2,False
nominal,0,2.0,3114,True,Proposed,service,0,aware,none,0.02,0.1,1,0.5755168768981076,1.3995599586684222,0.16598927434058297,1.5470704265759017,16.983270817309872,0.4905035940659995,0,0,0,0.0,,0.8650999999986198,5.745599999997353,2.277017427057977,(gap/tau_g)^2+(speed/tau_v)^2+(lateral/tau_y)^2,False
nominal,0,2.0,3115,False,Proposed,service,0,aware,none,0.02,0.1,1,0.5731599698148088,1.40501654811795,0.1663726459674256,1.5402299082909274,17.18280829212101,0.49088809628105456,0,0,0,0.0,,0.9590000000017085,1.8289000000031308,2.283197727467322,(gap/tau_g)^2+(speed/tau_v)^2+(lateral/tau_y)^2,False
nominal,0,2.0,3116,False,Proposed,service,0,aware,none,0.02,0.1,1,0.5733280973191353,1.4085098894643922,0.16705114718316055,1.497028088235393,16.961706886837945,0.47988063607295395,0,0,0,0.0,,0.7625500000010277,2.204100000000153,2.294210712378953,(gap/tau_g)^2+(speed/tau_v)^2+(lateral/tau_y)^2,False
nominal,0,2.0,3117,True,Proposed,service,0,aware,none,0.02,0.1,1,0.5722602477945792,1.3945400818462268,0.16641415728310163,1.5243372376389692,17.0638024070144,0.48908246034042846,0,0,0,0.0,,0.9059500000017096,2.2327000000004205,2.266746971106041,(gap/tau_g)^2+(speed/tau_v)^2+(lateral/tau_y)^2,False
nominal,0,2.0,3118,False,Proposed,service,0,aware,none,0.02,0.1,1,0.5779290971817621,1.4046327941915415,0.16658191768726946,1.5233714620237908,16.959990898419328,0.49255038109592864,0,0,0,0.0,,0.8941000000000088,8.558000000000732,2.2941490172034866,(gap/tau_g)^2+(speed/tau_v)^2+(lateral/tau_y)^2,False
nominal,0,2.0,3119,True,Proposed,service,0,aware,none,0.02,0.1,1,0.5728874401074824,1.3986079233233895,0.1667933493146815,1.5158587223373723,16.87784372209714,0.4905085796809767,0,0,0,0.0,,0.9484999999997967,1.634400000000369,2.2769795426395856,(gap/tau_g)^2+(speed/tau_v)^2+(lateral/tau_y)^2,False
nominal,0,2.0,3120,True,Proposed,service,0,aware,none,0.02,0.1,1,0.572591424504811,1.3870699770460466,0.1659329022774614,1.495932367927757,16.935279581141614,0.49693954825614794,0,0,0,0.0,,1.2806999999988022,2.120300000001407,2.2528209311098766,(gap/tau_g)^2+(speed/tau_v)^2+(lateral/tau_y)^2,False
nominal,0,2.0,3121,False,Proposed,service,0,aware,none,0.02,0.1,1,0.5793241218948045,1.4125525289114345,0.16744304835538992,1.5787712665118274,17.03007465777459,0.4819197622043623,0,0,0,0.0,,1.1197999999978947,1.5564999999995166,2.3155933817352286,(gap/tau_g)^2+(speed/tau_v)^2+(lateral/tau_y)^2,False
nominal,0,2.0,3122,False,Proposed,service,0,aware,none,0.02,0.1,1,0.5734805220243815,1.4049677315150844,0.1667073075830104,1.5039580175087144,17.09316882126283,0.49077483179590076,0,0,0,0.0,,1.1988499999997515,9.440999999998922,2.2865679043739195,(gap/tau_g)^2+(speed/tau_v)^2+(lateral/tau_y)^2,False
nominal,0,2.0,3123,False,Proposed,service,0,aware,none,0.02,0.1,1,0.572656290422241,1.4051766590865948,0.16733347382892252,1.5730417559906225,16.863210284380536,0.490258425292437,0,0,0,0.0,,1.167200000001145,2.0834000000000685,2.290417145244801,(gap/tau_g)^2+(speed/tau_v)^2+(lateral/tau_y)^2,False
nominal,0,2.0,3124,True,Proposed,service,0,aware,none,0.02,0.1,1,0.5775458837698623,1.392685932310919,0.16672203487056927,1.4847040835164487,17.014822455336137,0.4878120506353104,0,0,0,0.0,,1.2320500000004841,1.8004000000004794,2.277478766740642,(gap/tau_g)^2+(speed/tau_v)^2+(lateral/tau_y)^2,False
nominal,0,2.0,3125,True,Proposed,service,0,aware,none,0.02,0.1,1,0.5634647769247156,1.3982193551372102,0.16639119429544294,1.5283913502431756,16.959450465825142,0.48986251947003967,0,0,0,0.0,,1.2602000000008218,2.0051000000016472,2.254039786398523,(gap/tau_g)^2+(speed/tau_v)^2+(lateral/tau_y)^2,False
nominal,0,2.0,3126,False,Proposed,service,0,aware,none,0.02,0.1,1,0.5709324346590094,1.4025405780771414,0.16603254632039718,1.503718060464872,17.0646333197058,0.4986092910719464,0,0,0,0.0,,1.269100000000023,7.687900000000525,2.272294131228438,(gap/tau_g)^2+(speed/tau_v)^2+(lateral/tau_y)^2,False
nominal,0,2.0,3127,False,Proposed,service,0,aware,none,0.02,0.1,1,0.5801536682787299,1.4082280047642963,0.16630197075434602,1.5133950587394196,16.983615151565296,0.49724084190266715,0,0,0,0.0,,1.2012499999993764,1.8737000000008663,2.3015588548521,(gap/tau_g)^2+(speed/tau_v)^2+(lateral/tau_y)^2,False
nominal,0,2.0,3128,False,Proposed,service,0,aware,none,0.02,0.1,1,0.5767238172971193,1.403342871271338,0.16594324505950991,1.5009099518287388,16.981663407863337,0.49056434427158624,0,0,0,0.0,,1.2201499999999754,1.819799999999816,2.2845175555549466,(gap/tau_g)^2+(speed/tau_v)^2+(lateral/tau_y)^2,False
nominal,0,2.0,3129,True,Proposed,service,0,aware,none,0.02,0.1,1,0.5745932853701544,1.3971343505963143,0.1668120557885549,1.5702174873462988,17.038566593914382,0.48506235518842855,0,0,0,0.0,,1.1560500000005192,1.6464000000020462,2.278513520202925,(gap/tau_g)^2+(speed/tau_v)^2+(lateral/tau_y)^2,False
nominal,0,2.0,3130,False,Proposed,service,0,aware,none,0.02,0.1,1,0.5715679699259234,1.4003547945067356,0.16702730070361993,1.5202815434104795,16.987703842152428,0.4947661653061963,0,0,0,0.0,,1.3159500000003987,1.958299999998303,2.2787420161304768,(gap/tau_g)^2+(speed/tau_v)^2+(lateral/tau_y)^2,False
nominal,0,2.0,3131,False,Proposed,service,0,aware,none,0.02,0.1,1,0.5781441874162292,1.4114971802350595,0.16760620415536798,1.472189368476117,17.02175534612433,0.4891329543427754,0,0,0,0.0,,1.128750000001233,1.7695000000017558,2.3130114456142947,(gap/tau_g)^2+(speed/tau_v)^2+(lateral/tau_y)^2,False
nominal,0,2.0,3132,False,Proposed,service,0,aware,none,0.02,0.1,1,0.5678466193756899,1.4013817394066928,0.16611569512854746,1.5483059837880404,16.953105509197968,0.48521477842117033,0,0,0,0.0,,1.196250000001342,2.0638000000019474,2.265079550631866,(gap/tau_g)^2+(speed/tau_v)^2+(lateral/tau_y)^2,False
nominal,0,2.0,3133,False,Proposed,service,0,aware,none,0.02,0.1,1,0.573007507524888,1.4043558968212853,0.16599909340798083,1.5990309968913377,17.08510326551506,0.47845530795686175,0,0,0,0.0,,1.251549999999213,1.999899999997723,2.2788361610115295,(gap/tau_g)^2+(speed/tau_v)^2+(lateral/tau_y)^2,False
nominal,0,2.0,3134,False,Proposed,service,0,aware,none,0.02,0.1,1,0.577489633855534,1.4109373599955435,0.16677498778428224,1.5135109831481297,17.095324928819267,0.49132514018427487,0,0,0,0.0,,1.1811999999995493,1.6359000000001345,2.303911962389596,(gap/tau_g)^2+(speed/tau_v)^2+(lateral/tau_y)^2,False
nominal,0,2.0,3135,False,Proposed,service,0,aware,none,0.02,0.1,1,0.5730892905137066,1.4047271978762261,0.16721195972583935,1.5022318824581475,17.046426429843606,0.49001717219670593,0,0,0,0.0,,1.0668000000002564,1.8749999999982947,2.2896384566452257,(gap/tau_g)^2+(speed/tau_v)^2+(lateral/tau_y)^2,False
nominal,0,2.0,3136,False,Proposed,service,0,aware,none,0.02,0.1,1,0.57808669620124,1.403186735398939,0.16597829903972583,1.5386442050683555,16.863970097759264,0.4887557856870106,0,0,0,0.0,,0.8404499999983273,1.2348000000024228,2.2873828490107004,(gap/tau_g)^2+(speed/tau_v)^2+(lateral/tau_y)^2,False
nominal,0,2.0,3137,False,Proposed,service,0,aware,none,0.02,0.1,1,0.5738348465271332,1.4064428431233056,0.16681400269735697,1.5269196760352777,17.12091878864276,0.4794527161094613,0,0,0,0.0,,0.7741500000015833,1.3272999999998092,2.2902961274035287,(gap/tau_g)^2+(speed/tau_v)^2+(lateral/tau_y)^2,False
nominal,0,2.0,3138,False,Proposed,service,0,aware,none,0.02,0.1,1,0.5781638553741207,1.4064776350397235,0.16684572191588523,1.4984718484614994,16.87245483636209,0.4953216374050543,0,0,0,0.0,,0.8755499999981708,2.2269999999977586,2.299476445263809,(gap/tau_g)^2+(speed/tau_v)^2+(lateral/tau_y)^2,False
nominal,0,2.0,3139,True,Proposed,service,0,aware,none,0.02,0.1,1,0.5790005555538211,1.3881612613645171,0.16597583699459248,1.5446754930749327,17.09714323608005,0.491556451849267,0,0,0,0.0,,0.7582500000005155,1.9822999999945523,2.2678436296138695,(gap/tau_g)^2+(speed/tau_v)^2+(lateral/tau_y)^2,False
nominal,0,2.0,3140,True,Proposed,service,0,aware,none,0.02,0.1,1,0.5757872653607617,1.3942301072042427,0.16585685441057432,1.5119163814075944,16.848393910228253,0.47980342166834156,0,0,0,0.0,,0.8876499999992404,1.9673999999980651,2.2688750853366035,(gap/tau_g)^2+(speed/tau_v)^2+(lateral/tau_y)^2,False
nominal,0,2.0,3141,False,Proposed,service,0,aware,none,0.02,0.1,1,0.5788555040622456,1.4093560789944521,0.16700390375626606,1.498170341836466,17.05370466594109,0.4938180409581475,0,0,0,0.0,,0.8704500000007442,3.387299999999982,2.30635465336232,(gap/tau_g)^2+(speed/tau_v)^2+(lateral/tau_y)^2,False
nominal,0,2.0,3142,True,Proposed,service,0,aware,none,0.02,0.1,1,0.5736881287629044,1.3919348654018748,0.166642774671981,1.5143983999875914,17.20080256937012,0.4850401876125482,0,0,0,0.0,,0.789300000000992,4.371100000000183,2.2678557143234768,(gap/tau_g)^2+(speed/tau_v)^2+(lateral/tau_y)^2,False
nominal,0,2.0,3143,True,Proposed,service,0,aware,none,0.02,0.1,1,0.5674292728188994,1.3920901225940752,0.1663784146142032,1.5452439037330203,17.208545990334322,0.4872289840327817,0,0,0,0.0,,1.3402000000004577,58.19360000000007,2.253178259486457,(gap/tau_g)^2+(speed/tau_v)^2+(lateral/tau_y)^2,False
nominal,0,2.0,3144,False,Proposed,service,0,aware,none,0.02,0.1,1,0.5718309410026233,1.4033170415181322,0.16680831900360754,1.5193571367749867,17.11913660886392,0.4890499017995923,0,0,0,0.0,,1.2079499999999577,24.88409999999952,2.281686293438759,(gap/tau_g)^2+(speed/tau_v)^2+(lateral/tau_y)^2,False
nominal,0,2.0,3145,False,Proposed,service,0,aware,none,0.02,0.1,1,0.5817158921294908,1.4173719071099324,0.16697725087028512,1.5478000559635396,16.992112402480622,0.4877942127538031,0,0,0,0.0,,0.7935999999997279,1.520800000000655,2.3235942684709663,(gap/tau_g)^2+(speed/tau_v)^2+(lateral/tau_y)^2,False
nominal,0,2.0,3146,False,Proposed,service,0,aware,none,0.02,0.1,1,0.5705887087080277,1.4059928894679123,0.16662474828454435,1.4973461194360038,17.13386780122613,0.4833235778953726,0,0,0,0.0,,0.7056999999992541,6.987300000000474,2.281468495483006,(gap/tau_g)^2+(speed/tau_v)^2+(lateral/tau_y)^2,False
nominal,0,2.0,3147,False,Proposed,service,0,aware,none,0.02,0.1,1,0.5716887422175406,1.4008479751526148,0.16661611911382385,1.5238600604165033,17.07401302450154,0.49562579878713287,0,0,0,0.0,,0.9135000000002336,1.9889000000006263,2.276262626174189,(gap/tau_g)^2+(speed/tau_v)^2+(lateral/tau_y)^2,False
nominal,0,2.0,3148,True,Proposed,service,0,aware,none,0.02,0.1,1,0.5745440650008576,1.3921958332879067,0.1665215120375972,1.525023306478503,17.023219979027537,0.4965724233478914,0,0,0,0.0,,0.9235500000004393,1.4649000000002133,2.2689636272426705,(gap/tau_g)^2+(speed/tau_v)^2+(lateral/tau_y)^2,False
nominal,0,2.0,3149,False,Proposed,service,0,aware,none,0.02,0.1,1,0.5785113784750405,1.402869694214121,0.16633233077511242,1.5245094400795864,16.880728022747157,0.4827025546540725,0,0,0,0.0,,0.8684999999992726,1.4111999999997238,2.2907433868947598,(gap/tau_g)^2+(speed/tau_v)^2+(lateral/tau_y)^2,False
nominal,0,2.0,3150,False,Proposed,service,0,aware,none,0.02,0.1,1,0.574595687384203,1.403702432782958,0.1661686067094175,1.5039971125595866,17.10603061012943,0.49660465121572295,0,0,0,0.0,,0.935750000000013,1.8612000000004514,2.28254780367316,(gap/tau_g)^2+(speed/tau_v)^2+(lateral/tau_y)^2,False
nominal,0,2.2,3101,False,Proposed,service,0,aware,none,0.02,0.1,1,0.5825798328214005,1.4513549974374509,0.16572398263576799,1.4668160296542352,22.449362264441845,0.48764185753373346,0,0,0,0.0,,0.959799999999511,61.074000000001405,2.364697287125135,(gap/tau_g)^2+(speed/tau_v)^2+(lateral/tau_y)^2,False
nominal,0,2.2,3102,False,Proposed,service,0,aware,none,0.02,0.1,1,0.5923938314989963,1.4646560877551507,0.16609304606256212,1.5120660902569245,22.5009259616263,0.492828657137781,0,0,0,0.0,,0.8245000000002278,1.6369000000011624,2.40804755888885,(gap/tau_g)^2+(speed/tau_v)^2+(lateral/tau_y)^2,False
nominal,0,2.2,3103,False,Proposed,service,0,aware,none,0.02,0.1,1,0.5867915327331027,1.450837701460325,0.16609263634659707,1.492925311948345,22.42015622664887,0.4924865642028813,0,0,0,0.0,,0.8518500000000984,1.381900000000158,2.375745086143366,(gap/tau_g)^2+(speed/tau_v)^2+(lateral/tau_y)^2,False
nominal,0,2.2,3104,False,Proposed,service,0,aware,none,0.02,0.1,1,0.5906192159602998,1.4599681329103158,0.16616190421353472,1.5024967485469645,22.492971520730926,0.4917150123363865,0,0,0,0.0,,0.8978999999991188,2.0175000000008936,2.397892109338942,(gap/tau_g)^2+(speed/tau_v)^2+(lateral/tau_y)^2,False
nominal,0,2.2,3105,False,Proposed,service,0,aware,none,0.02,0.1,1,0.5817242937689827,1.446268858868825,0.16562492691490435,1.5076989198512163,22.359932844496427,0.49611725917187854,0,0,0,0.0,,0.892849999999612,8.724400000000188,2.3545866358665797,(gap/tau_g)^2+(speed/tau_v)^2+(lateral/tau_y)^2,False
nominal,0,2.2,3106,False,Proposed,service,0,aware,none,0.02,0.1,1,0.587558649745059,1.4587228072155245,0.16634486670719623,1.4661282484704314,22.600748190466355,0.49515597022664615,0,0,0,0.0,,0.7967500000010119,1.5554000000008728,2.3911480930896643,(gap/tau_g)^2+(speed/tau_v)^2+(lateral/tau_y)^2,False
nominal,0,2.2,3107,False,Proposed,service,0,aware,none,0.02,0.1,1,0.5915104836979349,1.4664170883817327,0.16642120901343915,1.4613686785177058,22.47425178434944,0.4911108911112342,0,0,0,0.0,,0.9222500000003464,1.2881000000000142,2.411549812118322,(gap/tau_g)^2+(speed/tau_v)^2+(lateral/tau_y)^2,False
nominal,0,2.2,3108,False,Proposed,service,0,aware,none,0.02,0.1,1,0.5903315965526122,1.4604193542297554,0.16658259324993138,1.4909041192995214,22.499135070820202,0.4951997458207167,0,0,0,0.0,,0.9187999999991092,1.7707999999991841,2.4014601274997815,(gap/tau_g)^2+(speed/tau_v)^2+(lateral/tau_y)^2,False
nominal,0,2.2,3109,False,Proposed,service,0,aware,none,0.02,0.1,1,0.5978414136856478,1.4605824552146554,0.16650441284448225,1.4561504593703558,22.567729351833123,0.49417859389643337,0,0,0,0.0,,1.0182499999995542,5.739799999997075,2.416915219724711,(gap/tau_g)^2+(speed/tau_v)^2+(lateral/tau_y)^2,False
nominal,0,2.2,3110,False,Proposed,service,0,aware,none,0.02,0.1,1,0.5850183530446994,1.4541784783570455,0.164997349095258,1.5145506921428415,22.452566576113696,0.47401547331965166,0,0,0,0.0,,0.9474999999987688,2.184899999999601,2.3679367372437667,(gap/tau_g)^2+(speed/tau_v)^2+(lateral/tau_y)^2,False
nominal,0,2.2,3111,False,Proposed,service,0,aware,none,0.02,0.1,1,0.5876189972892033,1.4546455504472686,0.16616222231355732,1.4735097830334642,22.61380234339518,0.48957552731085285,0,0,0,0.0,,0.9171000000005591,1.9529999999967629,2.3836954224415545,(gap/tau_g)^2+(speed/tau_v)^2+(lateral/tau_y)^2,False
nominal,0,2.2,3112,False,Proposed,service,0,aware,none,0.02,0.1,1,0.5881335182016951,1.458831023581992,0.16557750091761786,1.4692269500611452,22.328724243678188,0.49322318077742433,0,0,0,0.0,,0.852349999998836,2.3178000000001475,2.3861430753082287,(gap/tau_g)^2+(speed/tau_v)^2+(lateral/tau_y)^2,False
nominal,0,2.2,3113,False,Proposed,service,0,aware,none,0.02,0.1,1,0.5926294955001103,1.4581244470777914,0.16566326271865894,1.5364827467522648,22.525167317635763,0.4927741886741186,0,0,0,0.0,,0.8862999999994514,1.8989000000004808,2.3952393730942996,(gap/tau_g)^2+(speed/tau_v)^2+(lateral/tau_y)^2,False
nominal,0,2.2,3114,False,Proposed,service,0,aware,none,0.02,0.1,1,0.588536709368849,1.453073804169373,0.1653657325905542,1.5103582248845677,22.470172566073444,0.4939467419121363,0,0,0,0.0,,1.052299999999562,8.384700000000578,2.3766811081049997,(gap/tau_g)^2+(speed/tau_v)^2+(lateral/tau_y)^2,False
nominal,0,2.2,3115,False,Proposed,service,0,aware,none,0.02,0.1,1,0.5859566439404261,1.4590655906095222,0.16574582545924074,1.5051092231949337,22.504279065412803,0.49445500520393837,0,0,0,0.0,,1.1993999999990734,1.865399999999795,2.383342799371884,(gap/tau_g)^2+(speed/tau_v)^2+(lateral/tau_y)^2,False
nominal,0,2.2,3116,False,Proposed,service,0,aware,none,0.02,0.1,1,0.5863813721596715,1.4634676332106114,0.16640333191694517,1.461810931817199,22.402948690145834,0.4830469529271597,0,0,0,0.0,,1.0849499999991963,2.0617999999998915,2.396251589405265,(gap/tau_g)^2+(speed/tau_v)^2+(lateral/tau_y)^2,False
nominal,0,2.2,3117,False,Proposed,service,0,aware,none,0.02,0.1,1,0.5850373056609539,1.4486154815966756,0.1657795334990835,1.487489107418453,22.62566631674197,0.4925115921195563,0,0,0,0.0,,1.2011999999970158,1.72759999999883,2.3662054789392877,(gap/tau_g)^2+(speed/tau_v)^2+(lateral/tau_y)^2,False
nominal,0,2.2,3118,False,Proposed,service,0,aware,none,0.02,0.1,1,0.5908734086273678,1.4589009270174198,0.16594627583316865,1.4866350959528585,22.40869541118534,0.49552050556700533,0,0,0,0.0,,1.15684999999921,5.306699999998443,2.3950464216625598,(gap/tau_g)^2+(speed/tau_v)^2+(lateral/tau_y)^2,False
nominal,0,2.2,3119,False,Proposed,service,0,aware,none,0.02,0.1,1,0.586260213882565,1.4532843067656265,0.1661567430693234,1.4799450440473785,22.290956825566816,0.4938553211860275,0,0,0,0.0,,1.1728500000032227,2.2169000000005212,2.3787946684350816,(gap/tau_g)^2+(speed/tau_v)^2+(lateral/tau_y)^2,False
nominal,0,2.2,3120,False,Proposed,service,0,aware,none,0.02,0.1,1,0.5853479548540924,1.4405085624782257,0.1653220783496085,1.4622748849858835,22.593866885001667,0.49941516805139863,0,0,0,0.0,,1.2270000000018655,1.860699999998161,2.351115292191224,(gap/tau_g)^2+(speed/tau_v)^2+(lateral/tau_y)^2,False
nominal,0,2.2,3121,False,Proposed,service,0,aware,none,0.02,0.1,1,0.5923798124091825,1.4681719575316474,0.16678493921749704,1.5408186264654802,22.51192940992062,0.4855932732700957,0,0,0,0.0,,1.140050000000059,1.6581999999978336,2.4190368704998684,(gap/tau_g)^2+(speed/tau_v)^2+(lateral/tau_y)^2,False
nominal,0,2.2,3122,False,Proposed,service,0,aware,none,0.02,0.1,1,0.5864863647495995,1.4593744303976592,0.16606410829600984,1.4680149376381129,22.53501815325874,0.49369585037413377,0,0,0,0.0,,1.0662500000009345,7.221300000001207,2.3875470169219213,(gap/tau_g)^2+(speed/tau_v)^2+(lateral/tau_y)^2,False
nominal,0,2.2,3123,False,Proposed,service,0,aware,none,0.02,0.1,1,0.5862497651348848,1.4603033362950755,0.16668298383921462,1.5353174663780815,22.40900717057348,0.4937601047391401,0,0,0,0.0,,1.2399000000016258,1.7086000000006152,2.3935856922810084,(gap/tau_g)^2+(speed/tau_v)^2+(lateral/tau_y)^2,False
nominal,0,2.2,3124,False,Proposed,service,0,aware,none,0.02,0.1,1,0.5902959477198317,1.447408227742003,0.1660860463301783,1.4506461375549207,22.47764420744535,0.491347313515204,0,0,0,0.0,,1.1834000000003897,1.6569000000004053,2.377952546083478,(gap/tau_g)^2+(speed/tau_v)^2+(lateral/tau_y)^2,False
nominal,0,2.2,3125,False,Proposed,service,0,aware,none,0.02,0.1,1,0.5767967256802601,1.451674154828693,0.16576253138749314,1.4932756397904685,22.42930148771383,0.49305071751370266,0,0,0,0.0,,1.2005499999983016,1.870400000001382,2.353569820423886,(gap/tau_g)^2+(speed/tau_v)^2+(lateral/tau_y)^2,False
nominal,0,2.2,3126,False,Proposed,service,0,aware,none,0.02,0.1,1,0.5834033886248312,1.4560376436483171,0.1654155725580809,1.4695012070200308,22.45892574651542,0.4993701769731437,0,0,0,0.0,,1.2647499999989265,2.054299999997511,2.3707972997406594,(gap/tau_g)^2+(speed/tau_v)^2+(lateral/tau_y)^2,False
nominal,0,2.2,3127,False,Proposed,service,0,aware,none,0.02,0.1,1,0.592633362636849,1.4625852974392888,0.16567182260672142,1.4774758471768514,22.336988872332753,0.49724084190266715,0,0,0,0.0,,1.137050000000528,2.0597000000002197,2.401965798450352,(gap/tau_g)^2+(speed/tau_v)^2+(lateral/tau_y)^2,False
nominal,0,2.2,3128,False,Proposed,service,0,aware,none,0.02,0.1,1,0.5893173856991852,1.4574129131300657,0.1653172370559308,1.4660119312136233,22.405600868252392,0.4942241287029908,0,0,0,0.0,,1.2541499999993988,1.9804000000007704,2.384358225160182,(gap/tau_g)^2+(speed/tau_v)^2+(lateral/tau_y)^2,False
nominal,0,2.2,3129,False,Proposed,service,0,aware,none,0.02,0.1,1,0.5879120627610734,1.451635181756834,0.1661690629633719,1.5349219693472136,22.478737992922397,0.4896810107230838,0,0,0,0.0,,1.2777499999998554,1.8039999999999168,2.3799009508516273,(gap/tau_g)^2+(speed/tau_v)^2+(lateral/tau_y)^2,False
nominal,0,2.2,3130,False,Proposed,service,0,aware,none,0.02,0.1,1,0.5839353737842718,1.4549783944483852,0.16637930523291486,1.4839331902965494,22.396254629524826,0.4947661653061963,0,0,0,0.0,,1.1257000000011175,2.1847999999984324,2.3783221412271507,(gap/tau_g)^2+(speed/tau_v)^2+(lateral/tau_y)^2,False
nominal,0,2.2,3131,False,Proposed,service,0,aware,none,0.02,0.1,1,0.5914765736658699,1.4671848640698024,0.16693985979563722,1.4387640370647197,22.573684498664228,0.4911699243854062,0,0,0,0.0,,0.9816499999999451,1.6396999999983564,2.4169501030849214,(gap/tau_g)^2+(speed/tau_v)^2+(lateral/tau_y)^2,False
nominal,0,2.2,3132,False,Proposed,service,0,aware,none,0.02,0.1,1,0.580486052572001,1.4548278558514085,0.16549188318440067,1.5120262738708543,22.454140329417434,0.48892393978681314,0,0,0,0.0,,0.8911000000004776,1.5111999999994907,2.3635955275265106,(gap/tau_g)^2+(speed/tau_v)^2+(lateral/tau_y)^2,False
nominal,0,2.2,3133,False,Proposed,service,0,aware,none,0.02,0.1,1,0.5860127146954441,1.4579271091908017,0.1653804718637943,1.561272745491607,22.464543079509085,0.48325405346292927,0,0,0,0.0,,0.8920500000009213,1.822199999999441,2.378740810112019,(gap/tau_g)^2+(speed/tau_v)^2+(lateral/tau_y)^2,False
nominal,0,2.2,3134,False,Proposed,service,0,aware,none,0.02,0.1,1,0.5905265361091709,1.4657264150477722,0.16613105579827578,1.4778802207875648,22.582470794454274,0.49424962371166425,0,0,0,0.0,,0.9159499999977783,1.3903999999982375,2.4060366262796697,(gap/tau_g)^2+(speed/tau_v)^2+(lateral/tau_y)^2,False
nominal,0,2.2,3135,False,Proposed,service,0,aware,none,0.02,0.1,1,0.5863192022200068,1.4597572746801106,0.16655576939196398,1.4678621109531786,22.604929235110838,0.4928955120818185,0,0,0,0.0,,0.8466000000026952,1.9530000000003156,2.3918570816945026,(gap/tau_g)^2+(speed/tau_v)^2+(lateral/tau_y)^2,False
nominal,0,2.2,3136,False,Proposed,service,0,aware,none,0.02,0.1,1,0.5909935557078877,1.4569938892771461,0.1653599848750293,1.5036948832171162,22.462478539037036,0.4929736431670424,0,0,0,0.0,,0.8975999999982776,1.776999999997031,2.3876057128999273,(gap/tau_g)^2+(speed/tau_v)^2+(lateral/tau_y)^2,False
nominal,0,2.2,3137,False,Proposed,service,0,aware,none,0.02,0.1,1,0.586822992707755,1.4611036777969892,0.16617080745330026,1.4917499314626184,22.501194554045888,0.4828070867340427,0,0,0,0.0,,0.8345500000039863,2.063900000003116,2.3917120607346427,(gap/tau_g)^2+(speed/tau_v)^2+(lateral/tau_y)^2,False
nominal,0,2.2,3138,False,Proposed,service,0,aware,none,0.02,0.1,1,0.5911683759605904,1.4614466576212362,0.16619860552192905,1.4627094312188018,22.25759979977905,0.4953216374050543,0,0,0,0.0,,0.9088499999982957,9.432300000000282,2.401554589147171,(gap/tau_g)^2+(speed/tau_v)^2+(lateral/tau_y)^2,False
nominal,0,2.2,3139,False,Proposed,service,0,aware,none,0.02,0.1,1,0.5914689821763733,1.441811724352865,0.16535679734549874,1.5092388549064693,22.45016031626792,0.49589086930802817,0,0,0,0.0,,1.035250000000154,66.76590000000004,2.36612462352009,(gap/tau_g)^2+(speed/tau_v)^2+(lateral/tau_y)^2,False
nominal,0,2.2,3140,False,Proposed,service,0,aware,none,0.02,0.1,1,0.5882237277288177,1.4477467157672819,0.1652462266812196,1.4757976587787132,22.405803610919804,0.48369975876450977,0,0,0,0.0,,0.7885000000000808,1.5846999999995504,2.367154446029711,(gap/tau_g)^2+(speed/tau_v)^2+(lateral/tau_y)^2,False
nominal,0,2.2,3141,False,Proposed,service,0,aware,none,0.02,0.1,1,0.5914436712194632,1.4646537363945995,0.1663534509487811,1.4636769882083187,22.40673167347066,0.49394592261635706,0,0,0,0.0,,0.7770000000002497,6.713099999998917,2.4082086046495528,(gap/tau_g)^2+(speed/tau_v)^2+(lateral/tau_y)^2,False
nominal,0,2.2,3142,False,Proposed,service,0,aware,none,0.02,0.1,1,0.5869551472598478,1.445969175979116,0.16600899623345194,1.4793115622256694,22.59005425599866,0.4889669758900971,0,0,0,0.0,,0.8465500000003345,1.701900000000478,2.3681965696746397,(gap/tau_g)^2+(speed/tau_v)^2+(lateral/tau_y)^2,False
nominal,0,2.2,3143,False,Proposed,service,0,aware,none,0.02,0.1,1,0.5804006969098174,1.4457201130279944,0.1657404612806013,1.5091716058563822,22.595185165942432,0.49187605126658407,0,0,0,0.0,,0.836299999999568,2.050499999999289,2.3519995100259266,(gap/tau_g)^2+(speed/tau_v)^2+(lateral/tau_y)^2,False
nominal,0,2.2,3144,False,Proposed,service,0,aware,none,0.02,0.1,1,0.5849200351967263,1.4577556950029822,0.16616485238514614,1.4829727858701618,22.64719294128286,0.49301996443919316,0,0,0,0.0,,0.8809999999996876,1.3764999999992256,2.3827126726148777,(gap/tau_g)^2+(speed/tau_v)^2+(lateral/tau_y)^2,False
nominal,0,2.2,3145,False,Proposed,service,0,aware,none,0.02,0.1,1,0.5950030226032754,1.4723132343994272,0.16632414038326565,1.5107259438823955,22.42022234889984,0.491235395389392,0,0,0,0.0,,0.8879500000000817,1.822999999999908,2.4269497458633977,(gap/tau_g)^2+(speed/tau_v)^2+(lateral/tau_y)^2,False
nominal,0,2.2,3146,False,Proposed,service,0,aware,none,0.02,0.1,1,0.5834658128716264,1.460339225140657,0.16599180196514346,1.4615272638044345,22.507798869800098,0.48638525659121545,0,0,0,0.0,,0.9934999999998695,6.734100000000964,2.3821014885222054,(gap/tau_g)^2+(speed/tau_v)^2+(lateral/tau_y)^2,False
nominal,0,2.2,3147,False,Proposed,service,0,aware,none,0.02,0.1,1,0.5841750861904211,1.455384891887262,0.1659829806071374,1.4889640812544576,22.565757660751373,0.4977919679845857,0,0,0,0.0,,0.8715000000005801,1.7062000000009903,2.376130453433435,(gap/tau_g)^2+(speed/tau_v)^2+(lateral/tau_y)^2,False
nominal,0,2.2,3148,False,Proposed,service,0,aware,none,0.02,0.1,1,0.5872298640897552,1.446401984792232,0.16588274318572105,1.4892357897684885,22.471792069093546,0.4965724233478914,0,0,0,0.0,,0.7700000000001594,1.5242000000004197,2.368361161769341,(gap/tau_g)^2+(speed/tau_v)^2+(lateral/tau_y)^2,False
nominal,0,2.2,3149,False,Proposed,service,0,aware,none,0.02,0.1,1,0.5917641433244824,1.456928112901339,0.16570181160830394,1.4897744795420043,22.41085914790819,0.48717268029315963,0,0,0,0.0,,0.9145000000003733,1.2872000000001549,2.3919573672499563,(gap/tau_g)^2+(speed/tau_v)^2+(lateral/tau_y)^2,False
nominal,0,2.2,3150,False,Proposed,service,0,aware,none,0.02,0.1,1,0.5877725485542225,1.457695760400849,0.16554873831330816,1.4682691715452776,22.4255311491211,0.4998755646175266,0,0,0,0.0,,0.8312499999991729,1.275500000000207,2.383461068341322,(gap/tau_g)^2+(speed/tau_v)^2+(lateral/tau_y)^2,False
nominal,0,2.4,3101,False,Proposed,service,0,aware,none,0.02,0.1,1,0.5902356775345518,1.4983272872351845,0.1651086706902604,1.4345693722726414,27.94217577504577,0.4916218066941058,0,0,0,0.0,,0.8000999999993041,57.58129999999895,2.4462611072796174,(gap/tau_g)^2+(speed/tau_v)^2+(lateral/tau_y)^2,False
nominal,0,2.4,3102,False,Proposed,service,0,aware,none,0.02,0.1,1,0.5999532155737672,1.5123665823707837,0.16546747439168927,1.4794808869120903,27.993675145929323,0.49648600637949347,0,0,0,0.0,,0.8674000000006288,1.358999999999,2.491352976946092,(gap/tau_g)^2+(speed/tau_v)^2+(lateral/tau_y)^2,False
nominal,0,2.4,3103,False,Proposed,service,0,aware,none,0.02,0.1,1,0.5948633090537722,1.4986927714705258,0.165468877129552,1.4600015168336071,27.927243430711975,0.495612249504916,0,0,0,0.0,,0.9702499999999503,1.5111000000000985,2.459546561706497,(gap/tau_g)^2+(speed/tau_v)^2+(lateral/tau_y)^2,False
nominal,0,2.4,3104,False,Proposed,service,0,aware,none,0.02,0.1,1,0.598261813209691,1.5077252221316841,0.16553811595056825,1.4687234345304148,27.934351834390476,0.49510062668574906,0,0,0,0.0,,0.8885000000002918,2.2050000000000125,2.4811828869416326,(gap/tau_g)^2+(speed/tau_v)^2+(lateral/tau_y)^2,False
nominal,0,2.4,3105,False,Proposed,service,0,aware,none,0.02,0.1,1,0.5893846316021704,1.4931876563809519,0.1650175134754174,1.4739539204163805,27.829760414219038,0.4992992828393269,0,0,0,0.0,,0.8863500000000357,8.401100000000383,2.4358795100181494,(gap/tau_g)^2+(speed/tau_v)^2+(lateral/tau_y)^2,False
nominal,0,2.4,3106,False,Proposed,service,0,aware,none,0.02,0.1,1,0.595829618201537,1.5066771477062593,0.16571253822454277,1.4348774261881367,27.94586754105817,0.4953694359811319,0,0,0,0.0,,0.9543999999994668,1.6934000000006222,2.4758522926844435,(gap/tau_g)^2+(speed/tau_v)^2+(lateral/tau_y)^2,False
nominal,0,2.4,3107,False,Proposed,service,0,aware,none,0.02,0.1,1,0.5996892725217042,1.5143908789070741,0.16578653789663814,1.4292324747937342,27.874094599937834,0.49311846985767893,0,0,0,0.0,,0.8415999999975554,1.7020999999992625,2.4965583911341045,(gap/tau_g)^2+(speed/tau_v)^2+(lateral/tau_y)^2,False
nominal,0,2.4,3108,False,Proposed,service,0,aware,none,0.02,0.1,1,0.5986556344467934,1.5087407108527866,0.1659503361728592,1.4596539114117004,27.929026998154775,0.4951997458207167,0,0,0,0.0,,0.8537000000004014,2.096499999996837,2.4869998874004455,(gap/tau_g)^2+(speed/tau_v)^2+(lateral/tau_y)^2,False
nominal,0,2.4,3109,False,Proposed,service,0,aware,none,0.02,0.1,1,0.6056133840437932,1.5090060588485479,0.16587093986144347,1.4241101887393717,27.941841893650682,0.49417859389643337,0,0,0,0.0,,0.7628500000009808,8.680500000000535,2.501645804294299,(gap/tau_g)^2+(speed/tau_v)^2+(lateral/tau_y)^2,False
nominal,0,2.4,3110,False,Proposed,service,0,aware,none,0.02,0.1,1,0.5924850475830575,1.500483674917551,0.1644006757597167,1.4828450736545629,27.90441226430608,0.4786942281990103,0,0,0,0.0,,1.12439999999836,2.3961000000021215,2.448457677178088,(gap/tau_g)^2+(speed/tau_v)^2+(lateral/tau_y)^2,False
nominal,0,2.4,3111,False,Proposed,service,0,aware,none,0.02,0.1,1,0.5954041846845987,1.5024287536196084,0.16553658623739384,1.4414032014065226,27.94213138178246,0.4932672237120721,0,0,0,0.0,,1.126449999999224,1.7859999999991771,2.4669718512559733,(gap/tau_g)^2+(speed/tau_v)^2+(lateral/tau_y)^2,False
nominal,0,2.4,3112,False,Proposed,service,0,aware,none,0.02,0.1,1,0.596075769390455,1.5057426441943138,0.164966898835773,1.4366735987298331,27.91193787641835,0.49565689079452036,0,0,0,0.0,,1.1406499999999653,1.9340000000021007,2.4687733985482034,(gap/tau_g)^2+(speed/tau_v)^2+(lateral/tau_y)^2,False
nominal,0,2.4,3113,False,Proposed,service,0,aware,none,0.02,0.1,1,0.6006005528258709,1.5054604166576915,0.16505193786265518,1.5038282202696485,27.894610921974788,0.4957981797524472,0,0,0,0.0,,1.0934500000026048,2.759799999999757,2.4786675519406516,(gap/tau_g)^2+(speed/tau_v)^2+(lateral/tau_y)^2,False
nominal,0,2.4,3114,False,Proposed,service,0,aware,none,0.02,0.1,1,0.596577265901118,1.4995746207332985,0.16475700955859002,1.477320710090139,27.937996136861976,0.4972560872353281,0,0,0,0.0,,1.2217000000003253,2.0679000000001224,2.4586489843621777,(gap/tau_g)^2+(speed/tau_v)^2+(lateral/tau_y)^2,False
nominal,0,2.4,3115,False,Proposed,service,0,aware,none,0.02,0.1,1,0.593819424977719,1.5060797407314526,0.16513321884798143,1.4735520016693497,27.812067193071556,0.4978376118953838,0,0,0,0.0,,1.116649999998387,1.79950000000062,2.4658909507814375,(gap/tau_g)^2+(speed/tau_v)^2+(lateral/tau_y)^2,False
nominal,0,2.4,3116,False,Proposed,service,0,aware,none,0.02,0.1,1,0.5944475767312386,1.5114376721551295,0.16577038613700593,1.4301459243955048,27.85615860303345,0.4861089236347955,0,0,0,0.0,,1.1262500000022158,1.6014999999995894,2.4807377309907626,(gap/tau_g)^2+(speed/tau_v)^2+(lateral/tau_y)^2,False
nominal,0,2.4,3117,False,Proposed,service,0,aware,none,0.02,0.1,1,0.5928261286945239,1.4957316194668169,0.16515972506057772,1.4543633141490955,28.04916658048061,0.49573867307653086,0,0,0,0.0,,1.2536000000000769,6.623300000001109,2.4481658466948346,(gap/tau_g)^2+(speed/tau_v)^2+(lateral/tau_y)^2,False
nominal,0,2.4,3118,False,Proposed,service,0,aware,none,0.02,0.1,1,0.5987800818489372,1.5061801239448112,0.16532518280784453,1.4535397652976896,27.88321544137621,0.49673566137098457,0,0,0,0.0,,1.1794999999974465,1.5500000000017167,2.4781485991533643,(gap/tau_g)^2+(speed/tau_v)^2+(lateral/tau_y)^2,False
nominal,0,2.4,3119,False,Proposed,service,0,aware,none,0.02,0.1,1,0.5946824090773104,1.5009814141584186,0.16553434000054493,1.4476769255592141,27.779000071099638,0.49573407471851927,0,0,0,0.0,,1.250150000000616,1.8472000000002708,2.463208358452895,(gap/tau_g)^2+(speed/tau_v)^2+(lateral/tau_y)^2,False
nominal,0,2.4,3120,False,Proposed,service,0,aware,none,0.02,0.1,1,0.5930675661769402,1.4869851006121835,0.16472481605079428,1.4320432438679052,28.0843569840613,0.5012099786272253,0,0,0,0.0,,1.1310999999984972,2.00489999999931,2.4317777125506304,(gap/tau_g)^2+(speed/tau_v)^2+(lateral/tau_y)^2,False
nominal,0,2.4,3121,False,Proposed,service,0,aware,none,0.02,0.1,1,0.6004877983423134,1.516789114483625,0.16614174837676265,1.5066294673685041,27.987254948394444,0.4890890915661408,0,0,0,0.0,,1.2452999999990055,2.229899999999674,2.5049186946577784,(gap/tau_g)^2+(speed/tau_v)^2+(lateral/tau_y)^2,False
nominal,0,2.4,3122,False,Proposed,service,0,aware,none,0.02,0.1,1,0.5945586792000728,1.506785844157234,0.16543599379996934,1.4357989530580841,28.03907299797776,0.4955218771829515,0,0,0,0.0,,1.1638000000004922,2.0358000000015863,2.4710403600167536,(gap/tau_g)^2+(speed/tau_v)^2+(lateral/tau_y)^2,False
nominal,0,2.4,3123,False,Proposed,service,0,aware,none,0.02,0.1,1,0.5949178264554574,1.5084952073198183,0.16604675216803452,1.501290136201602,27.874874885787555,0.4957273645197715,0,0,0,0.0,,1.1337000000004593,1.94309999999831,2.47949091742993,(gap/tau_g)^2+(speed/tau_v)^2+(lateral/tau_y)^2,False
nominal,0,2.4,3124,False,Proposed,service,0,aware,none,0.02,0.1,1,0.5980896811405445,1.4951348910333162,0.1654643887888722,1.4201534914628664,27.985405881311586,0.4946558008437818,0,0,0,0.0,,0.9883000000012743,1.9685000000002617,2.460917404190655,(gap/tau_g)^2+(speed/tau_v)^2+(lateral/tau_y)^2,False
nominal,0,2.4,3125,False,Proposed,service,0,aware,none,0.02,0.1,1,0.5851660178178005,1.4982363147025268,0.16514822585101133,1.4617856216394054,27.942879140513817,0.49610590938832777,0,0,0,0.0,,1.1369500000011357,1.9908000000015136,2.435855030997999,(gap/tau_g)^2+(speed/tau_v)^2+(lateral/tau_y)^2,False
nominal,0,2.4,3126,False,Proposed,service,0,aware,none,0.02,0.1,1,0.5909717343016097,1.5024848797995558,0.1648126928183653,1.4387648570304947,27.906178331162856,0.4993701769731437,0,0,0,0.0,,1.2194000000000926,2.336200000002009,2.4517309200591413,(gap/tau_g)^2+(speed/tau_v)^2+(lateral/tau_y)^2,False
nominal,0,2.4,3127,False,Proposed,service,0,aware,none,0.02,0.1,1,0.6001045540517658,1.5098196671526445,0.16505656974050414,1.445170520517577,27.771532851443283,0.49724084190266715,0,0,0,0.0,,0.7070999999996275,1.3995000000015523,2.484353331767182,(gap/tau_g)^2+(speed/tau_v)^2+(lateral/tau_y)^2,False
nominal,0,2.4,3128,False,Proposed,service,0,aware,none,0.02,0.1,1,0.5969792576942607,1.5043133545281702,0.1647064847829388,1.4346186082900236,27.73740298588372,0.4976960590181464,0,0,0,0.0,,0.8264500000016994,1.7084000000018307,2.4663483742944385,(gap/tau_g)^2+(speed/tau_v)^2+(lateral/tau_y)^2,False
nominal,0,2.4,3129,False,Proposed,service,0,aware,none,0.02,0.1,1,0.5962560021503276,1.4992184119113279,0.16554082507275428,1.5031137047001284,27.99217774671947,0.4939587946136841,0,0,0,0.0,,0.9804999999989406,1.584399999998709,2.4638950308148666,(gap/tau_g)^2+(speed/tau_v)^2+(lateral/tau_y)^2,False
nominal,0,2.4,3130,False,Proposed,service,0,aware,none,0.02,0.1,1,0.5914424171170433,1.5026971044507842,0.16574594107985519,1.4512236250025388,27.883255950342836,0.4947661653061963,0,0,0,0.0,,0.6492499999986023,1.9046000000031427,2.4607580546021683,(gap/tau_g)^2+(speed/tau_v)^2+(lateral/tau_y)^2,False
nominal,0,2.4,3131,False,Proposed,service,0,aware,none,0.02,0.1,1,0.5997606720792739,1.5159273812598673,0.1662889792565402,1.4087901048876204,28.061352663246836,0.4911699243854062,0,0,0,0.0,,0.9145999999979892,1.7179000000027145,2.503257408933311,(gap/tau_g)^2+(speed/tau_v)^2+(lateral/tau_y)^2,False
nominal,0,2.4,3132,False,Proposed,service,0,aware,none,0.02,0.1,1,0.5882029657016774,1.5012820381766114,0.16488237297537373,1.4793743165737505,27.995348580731587,0.4924046244027951,0,0,0,0.0,,0.8042000000010319,2.308099999993374,2.444657655400033,(gap/tau_g)^2+(speed/tau_v)^2+(lateral/tau_y)^2,False
nominal,0,2.4,3133,False,Proposed,service,0,aware,none,0.02,0.1,1,0.594026346139409,1.5044268130604233,0.16477632556096874,1.5271831240747182,27.82610397132226,0.487739106501333,0,0,0,0.0,,0.7647999999988997,7.1131999999991535,2.460845497167403,(gap/tau_g)^2+(speed/tau_v)^2+(lateral/tau_y)^2,False
nominal,0,2.4,3134,False,Proposed,service,0,aware,none,0.02,0.1,1,0.5986075434582726,1.5134603370201116,0.16550249757576285,1.4458532015389693,28.018961453697855,0.49557020499619386,0,0,0,0.0,,0.9349499999977695,8.402499999995428,2.4904639700912754,(gap/tau_g)^2+(speed/tau_v)^2+(lateral/tau_y)^2,False
nominal,0,2.4,3135,False,Proposed,service,0,aware,none,0.02,0.1,1,0.5946035490153577,1.5078522984437226,0.16591491035666145,1.4370304429882996,28.008760658286818,0.4939736655762912,0,0,0,0.0,,1.0520999999998892,58.879699999999424,2.476742746367279,(gap/tau_g)^2+(speed/tau_v)^2+(lateral/tau_y)^2,False
nominal,0,2.4,3136,False,Proposed,service,0,aware,none,0.02,0.1,1,0.5989374540834506,1.503691225261598,0.16475605581992833,1.4723101712391764,28.00014711179982,0.496914063608325,0,0,0,0.0,,0.9502999999999595,1.514999999999489,2.4699651605910167,(gap/tau_g)^2+(speed/tau_v)^2+(lateral/tau_y)^2,False
nominal,0,2.4,3137,False,Proposed,service,0,aware,none,0.02,0.1,1,0.5947652707208061,1.508789624852321,0.16554255756358383,1.4602197685514255,27.891279434106416,0.48603693122134806,0,0,0,0.0,,0.8528999999999343,6.354500000000485,2.4754418602110473,(gap/tau_g)^2+(speed/tau_v)^2+(lateral/tau_y)^2,False
nominal,0,2.4,3138,False,Proposed,service,0,aware,none,0.02,0.1,1,0.5991227563072817,1.5093825030517274,0.16556685974788385,1.4305715320290824,27.721228202943394,0.4953216374050543,0,0,0,0.0,,0.8589499999995809,1.6806000000002541,2.485804612751905,(gap/tau_g)^2+(speed/tau_v)^2+(lateral/tau_y)^2,False
nominal,0,2.4,3139,False,Proposed,service,0,aware,none,0.02,0.1,1,0.5989417621481139,1.4884654375255135,0.16475183179481362,1.4773719324065053,27.83673722460906,0.4990497650910961,0,0,0,0.0,,0.8037000000005179,1.4385999999984023,2.4466956905747366,(gap/tau_g)^2+(speed/tau_v)^2+(lateral/tau_y)^2,False
nominal,0,2.4,3140,False,Proposed,service,0,aware,none,0.02,0.1,1,0.5957363086146708,1.4941940062037185,0.1646493387923187,1.4432515212833261,27.756936883749056,0.48739956341850543,0,0,0,0.0,,0.9225000000006034,2.3098000000008057,2.4477612197319356,(gap/tau_g)^2+(speed/tau_v)^2+(lateral/tau_y)^2,False
nominal,0,2.4,3141,False,Proposed,service,0,aware,none,0.02,0.1,1,0.5991471534578858,1.5128844999629134,0.1657183218959646,1.4326988343980505,27.84096920923141,0.49394592261635706,0,0,0,0.0,,0.9100000000010766,1.7577000000006393,2.492510998644379,(gap/tau_g)^2+(speed/tau_v)^2+(lateral/tau_y)^2,False
nominal,0,2.4,3142,False,Proposed,service,0,aware,none,0.02,0.1,1,0.5952275244879717,1.493126680285721,0.1653893260195914,1.4478265696226995,27.958974901618035,0.4926666718003888,0,0,0,0.0,,0.9701499999996699,8.356599999999048,2.4511628392178317,(gap/tau_g)^2+(speed/tau_v)^2+(lateral/tau_y)^2,False
nominal,0,2.4,3143,False,Proposed,service,0,aware,none,0.02,0.1,1,0.5884026224522084,1.4924778184543432,0.16511780059124134,1.476656750592523,27.991396126554747,0.4962812831526002,0,0,0,0.0,,0.8103000000003746,1.3527999999993767,2.4335697488073795,(gap/tau_g)^2+(speed/tau_v)^2+(lateral/tau_y)^2,False
nominal,0,2.4,3144,False,Proposed,service,0,aware,none,0.02,0.1,1,0.5930286176667259,1.5052525616930978,0.16553618824039498,1.4502525833073994,28.183901672345442,0.4957429872471567,0,0,0,0.0,,0.8523999999994203,1.3686999999986682,2.466282753567845,(gap/tau_g)^2+(speed/tau_v)^2+(lateral/tau_y)^2,False
nominal,0,2.4,3145,False,Proposed,service,0,aware,none,0.02,0.1,1,0.6033069241771162,1.5201974679065395,0.1656867653279456,1.4773627523958934,27.86921330305063,0.49358578370126693,0,0,0,0.0,,0.9163999999994843,1.2628000000010076,2.512458624879466,(gap/tau_g)^2+(speed/tau_v)^2+(lateral/tau_y)^2,False
nominal,0,2.4,3146,False,Proposed,service,0,aware,none,0.02,0.1,1,0.5913999255466718,1.507652943604406,0.1653733243352407,1.4293074219682995,27.90232326990575,0.48929294232156584,0,0,0,0.0,,0.8065500000000725,2.609100000000808,2.465195825527667,(gap/tau_g)^2+(speed/tau_v)^2+(lateral/tau_y)^2,False
nominal,0,2.4,3147,False,Proposed,service,0,aware,none,0.02,0.1,1,0.5917351495629792,1.502893340061788,0.1653641408539286,1.4575397569957975,27.99242345533864,0.4977919679845857,0,0,0,0.0,,0.7350500000002924,1.7062000000009903,2.4585142686131918,(gap/tau_g)^2+(speed/tau_v)^2+(lateral/tau_y)^2,False
nominal,0,2.4,3148,False,Proposed,service,0,aware,none,0.02,0.1,1,0.5949598744402217,1.4936687345361108,0.16525891103570092,1.4570690758884708,27.801964877184318,0.4965724233478914,0,0,0,0.0,,0.8800999999998282,1.965699999999515,2.45034450742659,(gap/tau_g)^2+(speed/tau_v)^2+(lateral/tau_y)^2,False
nominal,0,2.4,3149,False,Proposed,service,0,aware,none,0.02,0.1,1,0.6000038416602045,1.5039635039918966,0.16508606269306497,1.4585548844900387,27.910049300350913,0.49139143733609103,0,0,0,0.0,,0.7186499999995988,1.7726000000006792,2.475377184353218,(gap/tau_g)^2+(speed/tau_v)^2+(lateral/tau_y)^2,False
nominal,0,2.4,3150,False,Proposed,service,0,aware,none,0.02,0.1,1,0.5959778246444828,1.504602979720589,0.16494313121748477,1.436135982273928,27.8266953579719,0.4998755646175266,0,0,0,0.0,,0.9739500000005563,2.30999999999959,2.4666194040449287,(gap/tau_g)^2+(speed/tau_v)^2+(lateral/tau_y)^2,False
nominal,0,2.6,3101,False,Proposed,service,0,aware,none,0.02,0.1,1,0.5940670301878628,1.5395474051229638,0.1645068489222318,1.4055392536671414,33.43357434000994,0.49534810264149964,0,0,0,0.0,,0.8014000000002852,53.08390000000074,2.513257043292684,(gap/tau_g)^2+(speed/tau_v)^2+(lateral/tau_y)^2,False
nominal,0,2.6,3102,False,Proposed,service,0,aware,none,0.02,0.1,1,0.6036532436830958,1.5542238829007022,0.16485614482300828,1.4500708062854997,33.39454017989729,0.49648600637949347,0,0,0,0.0,,0.9183500000009559,2.2199000000000524,2.559711065117715,(gap/tau_g)^2+(speed/tau_v)^2+(lateral/tau_y)^2,False
nominal,0,2.6,3103,False,Proposed,service,0,aware,none,0.02,0.1,1,0.5991220080732099,1.5407436547346245,0.1648590046255208,1.4303705992327016,33.42765481422116,0.4968036033940292,0,0,0,0.0,,0.7824499999991019,1.5834000000012338,2.528759488595895,(gap/tau_g)^2+(speed/tau_v)^2+(lateral/tau_y)^2,False
nominal,0,2.6,3104,False,Proposed,service,0,aware,none,0.02,0.1,1,0.6021212668431192,1.5496610662993997,0.16492797421823452,1.4382592564549395,33.35904282856887,0.49668122184682273,0,0,0,0.0,,0.6965000000000998,1.3099000000025285,2.5497935819796544,(gap/tau_g)^2+(speed/tau_v)^2+(lateral/tau_y)^2,False
nominal,0,2.6,3105,False,Proposed,service,0,aware,none,0.02,0.1,1,0.5932118836847801,1.53431590087311,0.1644232594310443,1.4435296749618605,33.35554667805205,0.4992992828393269,0,0,0,0.0,,0.9059999999987411,4.7215999999998814,2.5025601370209403,(gap/tau_g)^2+(speed/tau_v)^2+(lateral/tau_y)^2,False
nominal,0,2.6,3106,False,Proposed,service,0,aware,none,0.02,0.1,1,0.6002949080496803,1.5488604995825763,0.16509439263322595,1.4067144510941922,33.33005109623941,0.4953694359811319,0,0,0,0.0,,1.0783500000002277,1.428000000000651,2.545996951294956,(gap/tau_g)^2+(speed/tau_v)^2+(lateral/tau_y)^2,False
nominal,0,2.6,3107,False,Proposed,service,0,aware,none,0.02,0.1,1,0.603915776031464,1.556601450215623,0.16516619825221082,1.4003010061238748,33.341000399813666,0.49394411452637754,0,0,0,0.0,,1.348600000000033,1.9712999999974556,2.566606350463097,(gap/tau_g)^2+(speed/tau_v)^2+(lateral/tau_y)^2,False
nominal,0,2.6,3108,False,Proposed,service,0,aware,none,0.02,0.1,1,0.6031051395408479,1.5512877884328766,0.1653316000545552,1.4315527536884654,33.42588372016936,0.4951997458207167,0,0,0,0.0,,1.2665000000016136,1.8288000000019622,2.557807848722777,(gap/tau_g)^2+(speed/tau_v)^2+(lateral/tau_y)^2,False
nominal,0,2.6,3109,False,Proposed,service,0,aware,none,0.02,0.1,1,0.609510957502937,1.5516243653875017,0.1652512793348161,1.3952146261037481,33.31650082838654,0.49417859389643337,0,0,0,0.0,,1.4111000000003315,10.405999999999693,2.571486292161155,(gap/tau_g)^2+(speed/tau_v)^2+(lateral/tau_y)^2,False
nominal,0,2.6,3110,False,Proposed,service,0,aware,none,0.02,0.1,1,0.596119901922007,1.5408648785840784,0.16381774857232603,1.4543383907169873,33.280039885652364,0.483081854063831,0,0,0,0.0,,1.1577999999996536,2.0232999999976187,2.514015067405222,(gap/tau_g)^2+(speed/tau_v)^2+(lateral/tau_y)^2,False
nominal,0,2.6,3111,False,Proposed,service,0,aware,none,0.02,0.1,1,0.5994326031403615,1.5444179026584,0.1649247975965074,1.4123913321720971,33.28452872564918,0.4964567137754131,0,0,0,0.0,,1.2014000000011293,1.7935999999991736,2.535747223815703,(gap/tau_g)^2+(speed/tau_v)^2+(lateral/tau_y)^2,False
nominal,0,2.6,3112,False,Proposed,service,0,aware,none,0.02,0.1,1,0.6001467410422363,1.5468092940378857,0.16437006509934945,1.4073556237359877,33.45125507851711,0.4980321508454918,0,0,0,0.0,,1.2458499999983275,1.9196000000007984,2.536475018929091,(gap/tau_g)^2+(speed/tau_v)^2+(lateral/tau_y)^2,False
nominal,0,2.6,3113,False,Proposed,service,0,aware,none,0.02,0.1,1,0.6046707892660639,1.5469073545825174,0.16445428882053728,1.4744181663423002,33.331981381589266,0.4986876158942044,0,0,0,0.0,,1.2242500000017031,4.637899999998751,2.5470122196753406,(gap/tau_g)^2+(speed/tau_v)^2+(lateral/tau_y)^2,False
nominal,0,2.6,3114,False,Proposed,service,0,aware,none,0.02,0.1,1,0.6007515824226142,1.5402748269435855,0.16416227828038002,1.4475317402691503,33.35818747082809,0.49857031526181284,0,0,0,0.0,,1.16215000000075,1.4961000000006663,2.525767629761265,(gap/tau_g)^2+(speed/tau_v)^2+(lateral/tau_y)^2,False
nominal,0,2.6,3115,False,Proposed,service,0,aware,none,0.02,0.1,1,0.5978506072444063,1.5472786231157323,0.164534072975744,1.4451424574166,33.18445740422477,0.4983425252785161,0,0,0,0.0,,1.2337000000002263,1.84279999999859,2.5336742372715464,(gap/tau_g)^2+(speed/tau_v)^2+(lateral/tau_y)^2,False
nominal,0,2.6,3116,False,Proposed,service,0,aware,none,0.02,0.1,1,0.598643814515897,1.5536313526993366,0.16515155664711229,1.4016134035970833,33.248021984875336,0.4890756370593372,0,0,0,0.0,,1.1782000000000181,2.2586000000011097,2.550501490679138,(gap/tau_g)^2+(speed/tau_v)^2+(lateral/tau_y)^2,False
nominal,0,2.6,3117,False,Proposed,service,0,aware,none,0.02,0.1,1,0.5967481549569497,1.5370973842250166,0.16455396429815494,1.4245345874361488,33.52582350938076,0.49659450622176005,0,0,0,0.0,,1.213350000000446,1.7910000000007642,2.515474754034802,(gap/tau_g)^2+(speed/tau_v)^2+(lateral/tau_y)^2,False
nominal,0,2.6,3118,False,Proposed,service,0,aware,none,0.02,0.1,1,0.6027767711148524,1.547683042415712,0.16471790048826593,1.42366640938871,33.390785381001535,0.49673566137098457,0,0,0,0.0,,1.1492999999997977,1.7379000000019573,2.546340623666585,(gap/tau_g)^2+(speed/tau_v)^2+(lateral/tau_y)^2,False
nominal,0,2.6,3119,False,Proposed,service,0,aware,none,0.02,0.1,1,0.5992525423487236,1.5429068936758976,0.16492541028934427,1.418629163491817,33.331555760389385,0.497622802508207,0,0,0,0.0,,1.1118999999997214,1.8675000000030195,2.532988477903521,(gap/tau_g)^2+(speed/tau_v)^2+(lateral/tau_y)^2,False
nominal,0,2.6,3120,False,Proposed,service,0,aware,none,0.02,0.1,1,0.5968872621797789,1.5276929996783293,0.16414034518910894,1.4048339853594762,33.42270537481166,0.5012099786272253,0,0,0,0.0,,1.0355000000021874,1.9410999999998069,2.4976657454798077,(gap/tau_g)^2+(speed/tau_v)^2+(lateral/tau_y)^2,False
nominal,0,2.6,3121,False,Proposed,service,0,aware,none,0.02,0.1,1,0.6047617433108562,1.5596239819448756,0.16551277118042604,1.4757721032992186,33.386550572582834,0.49242225905157044,0,0,0,0.0,,1.090749999999474,1.7642999999978315,2.5760947968588854,(gap/tau_g)^2+(speed/tau_v)^2+(lateral/tau_y)^2,False
nominal,0,2.6,3122,False,Proposed,service,0,aware,none,0.02,0.1,1,0.5988101518756948,1.5484209324078577,0.1648221958670379,1.4068748585329105,33.434738401006975,0.4955218771829515,0,0,0,0.0,,1.0589499999991148,2.2194000000013148,2.539892153892139,(gap/tau_g)^2+(speed/tau_v)^2+(lateral/tau_y)^2,False
nominal,0,2.6,3123,False,Proposed,service,0,aware,none,0.02,0.1,1,0.5997446810464248,1.550959693128257,0.16542411081387592,1.4705387913197414,33.375817665302286,0.4957273645197715,0,0,0,0.0,,0.8270499999998293,1.360800000000495,2.5508675044336484,(gap/tau_g)^2+(speed/tau_v)^2+(lateral/tau_y)^2,False
nominal,0,2.6,3124,False,Proposed,service,0,aware,none,0.02,0.1,1,0.6020425006139735,1.5370732660499484,0.16485630997142245,1.392799874204273,33.419514426145795,0.4977545460036408,0,0,0,0.0,,0.8687500000004178,1.6291999999999973,2.5292100415684486,(gap/tau_g)^2+(speed/tau_v)^2+(lateral/tau_y)^2,False
nominal,0,2.6,3125,False,Proposed,service,0,aware,none,0.02,0.1,1,0.5896712591840131,1.5390977750732922,0.16454751961134706,1.4334973752315125,33.345729798875105,0.49823481992620944,0,0,0,0.0,,0.9340999999984945,1.6736999999977797,2.5036347999310093,(gap/tau_g)^2+(speed/tau_v)^2+(lateral/tau_y)^2,False
nominal,0,2.6,3126,False,Proposed,service,0,aware,none,0.02,0.1,1,0.594754302654274,1.5430972727681003,0.16422312130745081,1.4111012662840718,33.41970612777591,0.4993701769731437,0,0,0,0.0,,0.8559000000012418,1.6250000000042064,2.5179609753708876,(gap/tau_g)^2+(speed/tau_v)^2+(lateral/tau_y)^2,False
nominal,0,2.6,3127,False,Proposed,service,0,aware,none,0.02,0.1,1,0.6037004680690718,1.551164805445209,0.1644553844928597,1.4160585667079135,33.27355725786097,0.49724084190266715,0,0,0,0.0,,0.8289999999959718,1.5351999999992927,2.551666305713448,(gap/tau_g)^2+(speed/tau_v)^2+(lateral/tau_y)^2,False
nominal,0,2.6,3128,False,Proposed,service,0,aware,none,0.02,0.1,1,0.6008239488723596,1.5452885442016262,0.16411012558482496,1.4063185297151497,33.13776420905779,0.4980958640893719,0,0,0,0.0,,0.7460500000036063,1.5763999999975908,2.53338713670418,(gap/tau_g)^2+(speed/tau_v)^2+(lateral/tau_y)^2,False
nominal,0,2.6,3129,False,Proposed,service,0,aware,none,0.02,0.1,1,0.6007273336171932,1.5410845736059848,0.16492659926118516,1.4743936215679647,33.50738659649311,0.4958303808650488,0,0,0,0.0,,0.98729999999847,9.980099999999936,2.5332770942214493,(gap/tau_g)^2+(speed/tau_v)^2+(lateral/tau_y)^2,False
nominal,0,2.6,3130,False,Proposed,service,0,aware,none,0.02,0.1,1,0.5951953150198156,1.5447167498547218,0.16512653115768855,1.4217316417909416,33.41019190076745,0.4947661653061963,0,0,0,0.0,,0.8595000000006792,12.15609999999856,2.528883714044132,(gap/tau_g)^2+(speed/tau_v)^2+(lateral/tau_y)^2,False
nominal,0,2.6,3131,False,Proposed,service,0,aware,none,0.02,0.1,1,0.6041270245260859,1.5589338649243332,0.16565283936384662,1.381854913413013,33.4960532762074,0.4911699243854062,0,0,0,0.0,,1.0382500000001293,106.20399999999997,2.5747922984259684,(gap/tau_g)^2+(speed/tau_v)^2+(lateral/tau_y)^2,False
nominal,0,2.6,3132,False,Proposed,service,0,aware,none,0.02,0.1,1,0.5921010799709926,1.5419612775409912,0.16428642435870983,1.4499331915747056,33.353604452027945,0.495682718384143,0,0,0,0.0,,0.7563500000000722,1.7952000000001078,2.511094592217365,(gap/tau_g)^2+(speed/tau_v)^2+(lateral/tau_y)^2,False
nominal,0,2.6,3133,False,Proposed,service,0,aware,none,0.02,0.1,1,0.5981588980684566,1.545074801878291,0.16418580933115773,1.4963494854367507,33.25694547361265,0.4919422688720311,0,0,0,0.0,,0.8989999999995391,5.134099999999364,2.5279906698431587,(gap/tau_g)^2+(speed/tau_v)^2+(lateral/tau_y)^2,False
nominal,0,2.6,3134,False,Proposed,service,0,aware,none,0.02,0.1,1,0.6028508701674029,1.5553575705089282,0.16488845995106696,1.4170071543612897,33.3631936798049,0.49557020499619386,0,0,0,0.0,,0.8795999999993143,1.835500000000323,2.560055070056848,(gap/tau_g)^2+(speed/tau_v)^2+(lateral/tau_y)^2,False
nominal,0,2.6,3135,False,Proposed,service,0,aware,none,0.02,0.1,1,0.5990447236518763,1.5502203754563333,0.16528861827737243,1.4093215822451084,33.41326079570122,0.4939736655762912,0,0,0,0.0,,0.8937999999991675,1.8604999999993765,2.5470857666596998,(gap/tau_g)^2+(speed/tau_v)^2+(lateral/tau_y)^2,False
nominal,0,2.6,3136,False,Proposed,service,0,aware,none,0.02,0.1,1,0.6030393639628799,1.544505372943811,0.16416569741681405,1.4440735850972874,33.29609095129555,0.49973057014654343,0,0,0,0.0,,0.9339000000005981,1.3828000000000173,2.537350032387752,(gap/tau_g)^2+(speed/tau_v)^2+(lateral/tau_y)^2,False
nominal,0,2.6,3137,False,Proposed,service,0,aware,none,0.02,0.1,1,0.5987894032173371,1.550707655605976,0.16492846095450447,1.4318983861226946,33.349451776914826,0.48915216986601295,0,0,0,0.0,,0.9364499999993114,6.7099000000006015,2.5443397425976,(gap/tau_g)^2+(speed/tau_v)^2+(lateral/tau_y)^2,False
nominal,0,2.6,3138,False,Proposed,service,0,aware,none,0.02,0.1,1,0.6031592751205577,1.5515041144610857,0.16494967576102026,1.401636061901623,33.25149578612581,0.4953216374050543,0,0,0,0.0,,0.8143500000006298,1.4121000000013595,2.555112836233297,(gap/tau_g)^2+(speed/tau_v)^2+(lateral/tau_y)^2,False
nominal,0,2.6,3139,False,Proposed,service,0,aware,none,0.02,0.1,1,0.6025397810264469,1.529333813901126,0.16416022971560346,1.4486578421639598,33.256160419070085,0.4990497650910961,0,0,0,0.0,,0.8364999999992406,1.560899999999421,2.5124410876358256,(gap/tau_g)^2+(speed/tau_v)^2+(lateral/tau_y)^2,False
nominal,0,2.6,3140,False,Proposed,service,0,aware,none,0.02,0.1,1,0.5994477584326122,1.5347898772964441,0.16406541328027838,1.4138641535614647,33.11337701256898,0.49091898352076657,0,0,0,0.0,,0.8967000000001946,1.4278999999994824,2.513585436703109,(gap/tau_g)^2+(speed/tau_v)^2+(lateral/tau_y)^2,False
nominal,0,2.6,3141,False,Proposed,service,0,aware,none,0.02,0.1,1,0.6030740483146858,1.555276619748855,0.1650977283481428,1.404820672186408,33.32582669119015,0.49394592261635706,0,0,0,0.0,,0.9142999999998125,1.7788999999996946,2.5621314526598016,(gap/tau_g)^2+(speed/tau_v)^2+(lateral/tau_y)^2,False
nominal,0,2.6,3142,False,Proposed,service,0,aware,none,0.02,0.1,1,0.5996116721342132,1.534599784025109,0.1647830589556666,1.4195169785771613,33.39300862375004,0.49616134603879314,0,0,0,0.0,,0.9021500000008231,8.643699999998589,2.5195370733418816,(gap/tau_g)^2+(speed/tau_v)^2+(lateral/tau_y)^2,False
nominal,0,2.6,3143,False,Proposed,service,0,aware,none,0.02,0.1,1,0.5925464444773981,1.5335550751259703,0.16450962926778778,1.4472896262022543,33.45395081285136,0.49691199118955576,0,0,0,0.0,,0.7795000000001551,1.6862999999993633,2.500676753200907,(gap/tau_g)^2+(speed/tau_v)^2+(lateral/tau_y)^2,False
nominal,0,2.6,3144,False,Proposed,service,0,aware,none,0.02,0.1,1,0.5972645882421643,1.5470160647079398,0.16492159669893114,1.4207723943847879,33.51270747409982,0.4957429872471567,0,0,0,0.0,,0.9396999999999878,1.7993000000000592,2.5352064429625685,(gap/tau_g)^2+(speed/tau_v)^2+(lateral/tau_y)^2,False
nominal,0,2.6,3145,False,Proposed,service,0,aware,none,0.02,0.1,1,0.6077421097215495,1.562254867616839,0.1650643041264034,1.4472879334768673,33.240140413123186,0.49358578370126693,0,0,0,0.0,,0.7204000000005095,1.8364000000001823,2.583003301886584,(gap/tau_g)^2+(speed/tau_v)^2+(lateral/tau_y)^2,False
nominal,0,2.6,3146,False,Proposed,service,0,aware,none,0.02,0.1,1,0.5954998192288065,1.5491479687001177,0.16476853327487473,1.4002713188826763,33.27608535379455,0.4920669599677785,0,0,0,0.0,,0.8649500000004195,10.667600000001443,2.533570432169543,(gap/tau_g)^2+(speed/tau_v)^2+(lateral/tau_y)^2,False
nominal,0,2.6,3147,False,Proposed,service,0,aware,none,0.02,0.1,1,0.5954869381648544,1.54458943446519,0.16475883171643638,1.4291867425823306,33.43952735108408,0.4977919679845857,0,0,0,0.0,,0.961900000000071,2.1725000000003547,2.52626787458578,(gap/tau_g)^2+(speed/tau_v)^2+(lateral/tau_y)^2,False
nominal,0,2.6,3148,False,Proposed,service,0,aware,none,0.02,0.1,1,0.5988614814056232,1.5352020416720917,0.1646492550320046,1.4280984897671998,33.149261039210806,0.4965724233478914,0,0,0,0.0,,0.8557499999994889,1.7108999999990715,2.5177799905992617,(gap/tau_g)^2+(speed/tau_v)^2+(lateral/tau_y)^2,False
nominal,0,2.6,3149,False,Proposed,service,0,aware,none,0.02,0.1,1,0.6043447223763722,1.5451931961182348,0.16448427816671343,1.4304379235018139,33.408457241052936,0.49538028597189476,0,0,0,0.0,,0.8027499999982979,1.511700000001781,2.543853740189467,(gap/tau_g)^2+(speed/tau_v)^2+(lateral/tau_y)^2,False
nominal,0,2.6,3150,False,Proposed,service,0,aware,none,0.02,0.1,1,0.6003234997771525,1.5456437527272506,0.1643509421253895,1.4071800212934775,33.29706673579212,0.4998755646175266,0,0,0,0.0,,0.9878500000013446,1.7651999999976908,2.5348561286216396,(gap/tau_g)^2+(speed/tau_v)^2+(lateral/tau_y)^2,False
nominal,1,1.8,3101,True,Proposed,service,1,aware,none,0.02,0.1,1,0.660622288521134,1.2806723967677447,0.16681940381521515,1.990962647638171,12.0403758737163,0.41194696710529977,350,343,350,74.11904370525446,0.98,0.9020999999993506,40.776400000002155,2.3083756599252574,(gap/tau_g)^2+(speed/tau_v)^2+(lateral/tau_y)^2,False
nominal,1,1.8,3102,True,Proposed,service,1,aware,none,0.02,0.1,1,0.6677264631715818,1.2913311905213987,0.16718388252670394,1.8950163988161974,11.744532502216337,0.4114650725760489,350,341,350,74.04898688713507,0.9742857142857143,1.2623999999998858,2.557700000000551,2.3421826259477445,(gap/tau_g)^2+(speed/tau_v)^2+(lateral/tau_y)^2,False
nominal,1,1.8,3103,True,Proposed,service,1,aware,none,0.02,0.1,1,0.660089985288055,1.2826450065375856,0.16718280566531585,1.9835468277278452,11.57011778523291,0.441277021791855,350,347,350,74.04322222357283,0.9914285714285714,1.0800500000005542,1.6974999999987972,2.3127400818059627,(gap/tau_g)^2+(speed/tau_v)^2+(lateral/tau_y)^2,False
nominal,1,1.8,3104,True,Proposed,service,1,aware,none,0.02,0.1,1,0.6714372273682396,1.2859183377870742,0.1672462982410489,1.965515631746025,11.722703371233514,0.4376813719517708,350,339,350,74.0338083474223,0.9685714285714285,1.1236999999990616,2.1996999999984723,2.344421330488484,(gap/tau_g)^2+(speed/tau_v)^2+(lateral/tau_y)^2,False
nominal,1,1.8,3105,True,Proposed,service,1,aware,none,0.02,0.1,1,0.6614706108612036,1.273095840413904,0.16670345035678263,2.0603267541261547,11.489601512516842,0.3768932432138832,350,345,350,74.13960999743362,0.9857142857142858,1.1908499999986333,5.974300000001875,2.2995308969347,(gap/tau_g)^2+(speed/tau_v)^2+(lateral/tau_y)^2,False
nominal,1,1.8,3106,True,Proposed,service,1,aware,none,0.02,0.1,1,0.6552659942503113,1.291975893028689,0.1674549793596594,1.942777103985684,11.955863671792144,0.40260207364369993,350,346,350,73.99092369093094,0.9885714285714285,1.149050000000429,2.160800000002183,2.315993485331917,(gap/tau_g)^2+(speed/tau_v)^2+(lateral/tau_y)^2,False
nominal,1,1.8,3107,True,Proposed,service,1,aware,none,0.02,0.1,1,0.6648498393265487,1.2944490774656903,0.16755238153624974,1.9031107351622094,11.742402884378443,0.3990509071595746,350,345,350,73.97953772330116,0.9857142857142858,1.2703500000004198,1.8662999999996543,2.342564935332563,(gap/tau_g)^2+(speed/tau_v)^2+(lateral/tau_y)^2,False
nominal,1,1.8,3108,True,Proposed,service,1,aware,none,0.02,0.1,1,0.6658971569695009,1.2918850642935171,0.16764881632566977,1.9951226703126113,11.590188769484413,0.3753984774098712,350,342,350,73.95677958658962,0.9771428571428571,1.277199999998757,2.197699999999969,2.3424674122716658,(gap/tau_g)^2+(speed/tau_v)^2+(lateral/tau_y)^2,False
nominal,1,1.8,3109,True,Proposed,service,1,aware,none,0.02,0.1,1,0.6689075957242954,1.2895894434576112,0.1676261974898076,1.944302434585743,11.780080410911296,0.4291199663302342,350,341,350,73.9640086404999,0.9742857142857143,1.151150000001877,4.399299999999329,2.3463980401056066,(gap/tau_g)^2+(speed/tau_v)^2+(lateral/tau_y)^2,False
nominal,1,1.8,3110,True,Proposed,service,1,aware,none,0.02,0.1,1,0.6623723731749028,1.284126937578898,0.16605435885706823,2.009610149789106,11.70945790280237,0.45062404363680053,350,343,350,74.25579842592032,0.98,1.289199999998658,2.2941000000002987,2.310645769807347,(gap/tau_g)^2+(speed/tau_v)^2+(lateral/tau_y)^2,False
nominal,1,1.8,3111,True,Proposed,service,1,aware,none,0.02,0.1,1,0.6618410227824878,1.281692665983045,0.16726467693766833,2.018140492564122,11.76700861905914,0.43685481660356407,350,346,350,74.03356538707173,0.9885714285714285,1.269600000000537,1.662700000000683,2.316293754291359,(gap/tau_g)^2+(speed/tau_v)^2+(lateral/tau_y)^2,False
nominal,1,1.8,3112,True,Proposed,service,1,aware,none,0.02,0.1,1,0.6614522798700001,1.2868619649969022,0.1666524680615411,1.9894953764768313,11.75763957240467,0.34611000099952494,350,346,350,74.14630383872088,0.9885714285714285,1.160500000001008,1.9829999999991799,2.317042851708143,(gap/tau_g)^2+(speed/tau_v)^2+(lateral/tau_y)^2,False
nominal,1,1.8,3113,True,Proposed,service,1,aware,none,0.02,0.1,1,0.669244808863917,1.285572222274869,0.16675992566968645,2.103994209379959,11.535846435736211,0.3966232232363207,350,341,350,74.12484076971455,0.9742857142857143,1.161800000001989,1.7115000000025304,2.334680459077629,(gap/tau_g)^2+(speed/tau_v)^2+(lateral/tau_y)^2,False
nominal,1,1.8,3114,True,Proposed,service,1,aware,none,0.02,0.1,1,0.657980363155652,1.2853988521131108,0.1664293383316128,2.0170626288076696,11.653276792275463,0.42161447541452646,350,344,350,74.18669197790854,0.9828571428571429,1.0840999999999212,2.3077999999969734,2.305120753929667,(gap/tau_g)^2+(speed/tau_v)^2+(lateral/tau_y)^2,False
nominal,1,1.8,3115,True,Proposed,service,1,aware,none,0.02,0.1,1,0.653549298914958,1.2924912567866789,0.16678102524156016,2.0352189524249367,11.568718494836205,0.31120008807731847,350,339,350,74.11929967354082,0.9685714285714285,1.2431999999993337,2.026499999999487,2.3070471765400082,(gap/tau_g)^2+(speed/tau_v)^2+(lateral/tau_y)^2,False
nominal,1,1.8,3116,True,Proposed,service,1,aware,none,0.02,0.1,1,0.6671160131824483,1.2878482180042954,0.16751929676397584,1.842495943499789,11.479311400265907,0.44996431706339546,350,343,350,73.98611005161783,0.98,1.1154999999991588,2.2462999999994793,2.338957329965097,(gap/tau_g)^2+(speed/tau_v)^2+(lateral/tau_y)^2,False
nominal,1,1.8,3117,True,Proposed,service,1,aware,none,0.02,0.1,1,0.6546956202670735,1.2830738529548402,0.1668489392431271,1.9137909666652984,11.705898275888579,0.4549899487289323,350,342,350,74.10802001214098,0.9771428571428571,1.1210500000000678,1.7584999999975537,2.2979046387989417,(gap/tau_g)^2+(speed/tau_v)^2+(lateral/tau_y)^2,False
nominal,1,1.8,3118,True,Proposed,service,1,aware,none,0.02,0.1,1,0.6647093937977497,1.2913100193658207,0.16704248710395347,1.9204981677331,11.406265594043553,0.4501392234468715,350,345,350,74.06956518005067,0.9857142857142858,0.7819999999991722,2.5485999999972364,2.333826519219889,(gap/tau_g)^2+(speed/tau_v)^2+(lateral/tau_y)^2,False
nominal,1,1.8,3119,True,Proposed,service,1,aware,none,0.02,0.1,1,0.6592384055041935,1.2825164509490186,0.16723817793330947,1.9998870735063938,11.471466945801176,0.38519948593620945,350,341,350,74.03614241811466,0.9742857142857143,0.7983000000013618,1.2761999999995055,2.3110374180056557,(gap/tau_g)^2+(speed/tau_v)^2+(lateral/tau_y)^2,False
nominal,1,1.8,3120,True,Proposed,service,1,aware,none,0.02,0.1,1,0.6634208020402953,1.271726319147208,0.1663337609513044,1.9223504259401474,11.751593413838165,0.43261477334512966,350,344,350,74.20287869102481,0.9828571428571429,0.9617499999983181,1.6692999999996516,2.299268138735274,(gap/tau_g)^2+(speed/tau_v)^2+(lateral/tau_y)^2,False
nominal,1,1.8,3121,True,Proposed,service,1,aware,none,0.02,0.1,1,0.6656823508579052,1.2954538006510161,0.16798629281313612,2.069785065496556,11.57373262120747,0.4465175489067058,350,341,350,73.90394546544643,0.9742857142857143,0.91730000000112,1.5222000000036928,2.349501620753432,(gap/tau_g)^2+(speed/tau_v)^2+(lateral/tau_y)^2,False
nominal,1,1.8,3122,True,Proposed,service,1,aware,none,0.02,0.1,1,0.6719648052393837,1.283894280552372,0.16715746586453623,1.9242333646685363,11.541274440415584,0.3892532863614264,350,343,350,74.05215132809055,0.98,0.7939500000020416,1.9271999999972422,2.342284882102444,(gap/tau_g)^2+(speed/tau_v)^2+(lateral/tau_y)^2,False
nominal,1,1.8,3123,True,Proposed,service,1,aware,none,0.02,0.1,1,0.663108917564738,1.2863894652695513,0.16779121648042689,2.121282580168725,11.559176677288605,0.3867245795099056,350,340,350,73.93556627336787,0.9714285714285714,0.9745499999986862,2.1067999999999643,2.329844704885363,(gap/tau_g)^2+(speed/tau_v)^2+(lateral/tau_y)^2,False
nominal,1,1.8,3124,True,Proposed,service,1,aware,none,0.02,0.1,1,0.6582434481549567,1.2822527987078518,0.16716985059491135,1.8813627886839632,11.632072566171885,0.4181987226231392,350,345,350,74.04840486083039,0.9857142857142858,0.7807499999969991,1.7886999999987552,2.3077908049729445,(gap/tau_g)^2+(speed/tau_v)^2+(lateral/tau_y)^2,False
nominal,1,1.8,3125,True,Proposed,service,1,aware,none,0.02,0.1,1,0.6478822112872917,1.283512177392824,0.16684232912701666,2.0908859925640817,11.384149093598232,0.43452690162555097,350,344,350,74.10921154983768,0.9828571428571429,1.0091499999980158,8.623000000000047,2.2826457038351755,(gap/tau_g)^2+(speed/tau_v)^2+(lateral/tau_y)^2,False
nominal,1,1.8,3126,True,Proposed,service,1,aware,none,0.02,0.1,1,0.6538484792375597,1.2899660853670925,0.16646968724341044,1.88202495759359,11.691157445733538,0.4343519541703975,350,341,350,74.1731212677967,0.9742857142857143,0.9219499999986169,8.446399999996856,2.301821593909226,(gap/tau_g)^2+(speed/tau_v)^2+(lateral/tau_y)^2,False
nominal,1,1.8,3127,True,Proposed,service,1,aware,none,0.02,0.1,1,0.6690983235567138,1.2905186180663804,0.16673430378704407,1.9789865388264523,11.88231866828577,0.4197741562969307,350,346,350,74.13140942893409,0.9885714285714285,1.0088999999999793,130.33230000000006,2.3406195178291824,(gap/tau_g)^2+(speed/tau_v)^2+(lateral/tau_y)^2,False
nominal,1,1.8,3128,True,Proposed,service,1,aware,none,0.02,0.1,1,0.6626943912246176,1.2868471464888547,0.1663991884099168,1.8723618149470482,11.834174135522552,0.3996027781768613,350,341,350,74.20084166029002,0.9742857142857143,0.8460999999995167,1.314199999999488,2.317838491069624,(gap/tau_g)^2+(speed/tau_v)^2+(lateral/tau_y)^2,False
nominal,1,1.8,3129,True,Proposed,service,1,aware,none,0.02,0.1,1,0.6598185013792122,1.2806502075823527,0.16728373612486985,2.068697835536894,11.74041781343707,0.3968231716205206,350,335,350,74.02868816233816,0.9571428571428572,0.8429999999997051,11.780299999999855,2.3103381848627134,(gap/tau_g)^2+(speed/tau_v)^2+(lateral/tau_y)^2,False
nominal,1,1.8,3130,True,Proposed,service,1,aware,none,0.02,0.1,1,0.6601208760908489,1.2827409957318041,0.1675189591301968,1.909880559096495,11.284564515224517,0.37946882765535284,350,341,350,73.97761201920021,0.9742857142857143,0.882749999998822,1.8458999999992898,2.3157510001674284,(gap/tau_g)^2+(speed/tau_v)^2+(lateral/tau_y)^2,False
nominal,1,1.8,3131,True,Proposed,service,1,aware,none,0.02,0.1,1,0.6618487977060994,1.294225160173233,0.16807460970378524,1.8570929115644494,11.842593639276863,0.4110633300714285,350,341,350,73.87934967327303,0.9742857142857143,0.9269999999999001,1.907299999999168,2.3395728599952,(gap/tau_g)^2+(speed/tau_v)^2+(lateral/tau_y)^2,False
nominal,1,1.8,3132,True,Proposed,service,1,aware,none,0.02,0.1,1,0.6518182797141946,1.288112354133405,0.16654402559138626,2.0138722558284874,11.89814242120503,0.40489447745689844,350,341,350,74.16679035555293,0.9742857142857143,0.8624999999993221,1.399499999999776,2.2952897185235255,(gap/tau_g)^2+(speed/tau_v)^2+(lateral/tau_y)^2,False
nominal,1,1.8,3133,True,Proposed,service,1,aware,none,0.02,0.1,1,0.6601931146749119,1.2889220861346125,0.1664555985357749,2.1186426528098625,11.630181184989162,0.3620061074771861,350,344,350,74.18680059696936,0.9828571428571429,0.856500000001148,4.515699999998901,2.315152217598626,(gap/tau_g)^2+(speed/tau_v)^2+(lateral/tau_y)^2,False
nominal,1,1.8,3134,True,Proposed,service,1,aware,none,0.02,0.1,1,0.6627032340025247,1.2997615265550375,0.167230339511474,1.9161931522262166,11.404181408101223,0.4139009552544053,350,346,350,74.03308803235821,0.9885714285714285,0.7900499999990984,1.2758000000001601,2.3418348261683413,(gap/tau_g)^2+(speed/tau_v)^2+(lateral/tau_y)^2,False
nominal,1,1.8,3135,True,Proposed,service,1,aware,none,0.02,0.1,1,0.6613465894440345,1.2856159522618158,0.16770468677234845,1.9153945030066233,11.442990771457602,0.41939128035085216,350,337,350,73.95554143974019,0.9628571428571429,0.8064000000000959,1.9130000000000535,2.3239543493014088,(gap/tau_g)^2+(speed/tau_v)^2+(lateral/tau_y)^2,False
nominal,1,1.8,3136,True,Proposed,service,1,aware,none,0.02,0.1,1,0.6642206657617301,1.286649593583411,0.16641920706841953,2.054602139785067,11.788558793945363,0.3364354139471952,350,349,350,74.18903596871083,0.9971428571428571,0.9689499999998574,1.4230999999984562,2.3213460875992613,(gap/tau_g)^2+(speed/tau_v)^2+(lateral/tau_y)^2,False
nominal,1,1.8,3137,True,Proposed,service,1,aware,none,0.02,0.1,1,0.6597554323323862,1.2918303882425552,0.16728407498404546,2.0626908497527223,11.9628570240722,0.3996317362998256,350,337,350,74.03217059889963,0.9628571428571429,0.7988999999994917,1.426199999999156,2.3248669413205976,(gap/tau_g)^2+(speed/tau_v)^2+(lateral/tau_y)^2,False
nominal,1,1.8,3138,True,Proposed,service,1,aware,none,0.02,0.1,1,0.6599054624824617,1.2923899347447205,0.1673062261576216,1.925508723287542,11.448165819339941,0.42278723800379836,350,343,350,74.02521398399189,0.98,0.8257500000006246,9.360100000000315,2.3261419615584824,(gap/tau_g)^2+(speed/tau_v)^2+(lateral/tau_y)^2,False
nominal,1,1.8,3139,True,Proposed,service,1,aware,none,0.02,0.1,1,0.6586994752227812,1.2745273037028995,0.1663647289309551,1.8609178397856045,11.833263942802333,0.4689675302045273,350,341,350,74.19542462554855,0.9742857142857143,0.8281499999993613,1.3705000000001633,2.292067321209055,(gap/tau_g)^2+(speed/tau_v)^2+(lateral/tau_y)^2,False
nominal,1,1.8,3140,True,Proposed,service,1,aware,none,0.02,0.1,1,0.6556995782308507,1.2794883735413847,0.16627216001421105,1.8759682344314677,11.562257050391985,0.4038090264909022,350,344,350,74.21899645147676,0.9828571428571429,0.9635500000007013,1.8069000000000557,2.290752255132027,(gap/tau_g)^2+(speed/tau_v)^2+(lateral/tau_y)^2,False
nominal,1,1.8,3141,True,Proposed,service,1,aware,none,0.02,0.1,1,0.6688550555491892,1.2966385034812864,0.1674732167947862,1.9277983918987456,11.834459334132617,0.43079398843983385,350,341,350,73.98871737049984,0.9742857142857143,0.9040499999999341,2.1818000000006776,2.354292756461539,(gap/tau_g)^2+(speed/tau_v)^2+(lateral/tau_y)^2,False
nominal,1,1.8,3142,True,Proposed,service,1,aware,none,0.02,0.1,1,0.6563366073429019,1.2732060565965808,0.16711220890288103,1.881807118084089,11.9288525681268,0.4449400153253573,350,344,350,74.06329854603213,0.9828571428571429,0.9931999999999164,7.1864999999995405,2.291057551425643,(gap/tau_g)^2+(speed/tau_v)^2+(lateral/tau_y)^2,False
nominal,1,1.8,3143,True,Proposed,service,1,aware,none,0.02,0.1,1,0.6529680553186499,1.2789863114739572,0.16682120668674325,2.1476254692568797,11.816514095634808,0.3070682675128057,350,345,350,74.11463490656324,0.9857142857142858,0.8876499999992404,1.9783000000010986,2.2883140430922175,(gap/tau_g)^2+(speed/tau_v)^2+(lateral/tau_y)^2,False
nominal,1,1.8,3144,True,Proposed,service,1,aware,none,0.02,0.1,1,0.656588207747375,1.2887594411180008,0.16728006740499468,1.8666784686978533,11.666067602468843,0.41389047014966784,350,336,350,74.02929010846708,0.96,0.893699999998887,1.7224000000020112,2.313378295409066,(gap/tau_g)^2+(speed/tau_v)^2+(lateral/tau_y)^2,False
nominal,1,1.8,3145,True,Proposed,service,1,aware,none,0.02,0.1,1,0.6800418863232861,1.2947693327653245,0.16740727522921256,2.0253455946332934,11.933707424321675,0.3922136091512306,350,342,350,74.00394474142314,0.9771428571428571,0.8710000000018425,1.776200000001893,2.378095831249085,(gap/tau_g)^2+(speed/tau_v)^2+(lateral/tau_y)^2,False
nominal,1,1.8,3146,True,Proposed,service,1,aware,none,0.02,0.1,1,0.6553121334897866,1.2896696288645237,0.16706632760437395,1.956359970761574,11.689353555689749,0.36845605455945996,350,347,350,74.06228444162178,0.9914285714285714,0.773250000001724,8.282799999999924,2.309812945652333,(gap/tau_g)^2+(speed/tau_v)^2+(lateral/tau_y)^2,False
nominal,1,1.8,3147,True,Proposed,service,1,aware,none,0.02,0.1,1,0.6545797686097854,1.2852581925919777,0.1670575496292641,1.9723972823830311,11.855289905605716,0.3769242764871449,350,342,350,74.06798382489346,0.9771428571428571,0.8502500000009405,1.4313000000001352,2.302238692200176,(gap/tau_g)^2+(speed/tau_v)^2+(lateral/tau_y)^2,False
nominal,1,1.8,3148,True,Proposed,service,1,aware,none,0.02,0.1,1,0.660689588931767,1.277867458553586,0.16701762763617173,1.98588388787131,11.82070624676713,0.42417811720827325,350,342,350,74.08037466613288,0.9771428571428571,1.3469500000020673,2.3082999999992637,2.3065266066444132,(gap/tau_g)^2+(speed/tau_v)^2+(lateral/tau_y)^2,False
nominal,1,1.8,3149,True,Proposed,service,1,aware,none,0.02,0.1,1,0.6614960385026013,1.2874290071654975,0.16677608701789823,1.9513125709120844,11.710844467281184,0.41496601308554304,350,344,350,74.12192538233312,0.9828571428571429,1.2220000000002784,1.890400000000625,2.3189209812289846,(gap/tau_g)^2+(speed/tau_v)^2+(lateral/tau_y)^2,False
nominal,1,1.8,3150,True,Proposed,service,1,aware,none,0.02,0.1,1,0.6650193283351366,1.2865995585807357,0.16663883348653086,1.9199720067804078,11.742545171298566,0.3867149856102362,350,343,350,74.148102575243,0.98,1.1078999999991623,2.2593999999998005,2.324996420340021,(gap/tau_g)^2+(speed/tau_v)^2+(lateral/tau_y)^2,False
nominal,1,2.0,3101,True,Proposed,service,1,aware,none,0.02,0.1,1,0.6715372560229054,1.3507808312824967,0.16615176259730044,1.917136786027415,17.475788410509928,0.4277135953137653,350,342,350,74.24477836435533,0.9771428571428571,1.1509499999977635,60.05529999999837,2.42279382120019,(gap/tau_g)^2+(speed/tau_v)^2+(lateral/tau_y)^2,False
nominal,1,2.0,3102,True,Proposed,service,1,aware,none,0.02,0.1,1,0.6820001680645867,1.3572830828153875,0.16655635738908256,1.7941260463428537,17.284661900934175,0.47148732622831346,350,338,350,74.17268845708153,0.9657142857142857,1.2468999999999397,2.1908999999986634,2.460319843162433,(gap/tau_g)^2+(speed/tau_v)^2+(lateral/tau_y)^2,False
nominal,1,2.0,3103,True,Proposed,service,1,aware,none,0.02,0.1,1,0.6737918852081042,1.3482582612836729,0.16654631339235773,1.9072887197512831,17.25664810471612,0.41738168107971274,350,344,350,74.16831316791449,0.9828571428571429,1.2269999999983128,1.9635999999998432,2.4279941344663425,(gap/tau_g)^2+(speed/tau_v)^2+(lateral/tau_y)^2,False
nominal,1,2.0,3104,True,Proposed,service,1,aware,none,0.02,0.1,1,0.6788275720358754,1.3562569041648052,0.16662444208693225,1.9055672665413257,17.206046213705882,0.4046000395376981,350,342,350,74.15678247850903,0.9771428571428571,1.2710000000009103,8.378700000001515,2.4517909527923414,(gap/tau_g)^2+(speed/tau_v)^2+(lateral/tau_y)^2,False
nominal,1,2.0,3105,True,Proposed,service,1,aware,none,0.02,0.1,1,0.6591223263011279,1.3472593299752604,0.1660912827722561,1.903691330389484,16.583125199881295,0.42942354042157616,350,343,350,74.25982622440505,0.98,1.1477499999994478,1.5410000000031232,2.3880749754200346,(gap/tau_g)^2+(speed/tau_v)^2+(lateral/tau_y)^2,False
nominal,1,2.0,3106,True,Proposed,service,1,aware,none,0.02,0.1,1,0.6816043486488356,1.3503761892944814,0.16686181907511094,1.8311664140619879,16.972869793915443,0.39193710434086426,350,342,350,74.11210928888397,0.9771428571428571,1.246150000000057,1.8166000000015003,2.452364876390741,(gap/tau_g)^2+(speed/tau_v)^2+(lateral/tau_y)^2,False
nominal,1,2.0,3107,True,Proposed,service,1,aware,none,0.02,0.1,1,0.6732993358271255,1.366048071277661,0.16692830498393896,1.8273775522084363,17.186949317617966,0.3693278846859478,350,347,350,74.10317738499312,0.9914285714285714,1.12690000000093,1.4369000000016285,2.4546353968992163,(gap/tau_g)^2+(speed/tau_v)^2+(lateral/tau_y)^2,False
nominal,1,2.0,3108,True,Proposed,service,1,aware,none,0.02,0.1,1,0.6920934060187687,1.3510624831522777,0.16704374863623112,1.885121054099806,17.282291133045987,0.4444833313199348,350,338,350,74.07697370316178,0.9657142857142857,1.2487999999990507,2.1451999999975158,2.4804451020498015,(gap/tau_g)^2+(speed/tau_v)^2+(lateral/tau_y)^2,False
nominal,1,2.0,3109,True,Proposed,service,1,aware,none,0.02,0.1,1,0.6875267843314568,1.3577456879643726,0.16700584298710677,1.8374845736617633,16.630241347680744,0.399011828407808,350,343,350,74.08500419599943,0.98,1.1548000000018988,1.749900000000082,2.4781646708356906,(gap/tau_g)^2+(speed/tau_v)^2+(lateral/tau_y)^2,False
nominal,1,2.0,3110,True,Proposed,service,1,aware,none,0.02,0.1,1,0.6734939341665617,1.3513948497615194,0.16541584092965336,1.843838306576098,17.132369069547565,0.4250466374672023,350,345,350,74.38001301894646,0.9857142857142858,1.0974500000013876,1.8887000000020748,2.4222188933217383,(gap/tau_g)^2+(speed/tau_v)^2+(lateral/tau_y)^2,False
nominal,1,2.0,3111,True,Proposed,service,1,aware,none,0.02,0.1,1,0.6699520296324544,1.3535491950411516,0.16664178932756887,1.9935354970714254,16.84559734883593,0.4042417751425712,350,344,350,74.15693344279514,0.9828571428571429,1.4827499999992,2.1030999999993583,2.4269098841745826,(gap/tau_g)^2+(speed/tau_v)^2+(lateral/tau_y)^2,False
nominal,1,2.0,3112,True,Proposed,service,1,aware,none,0.02,0.1,1,0.6862348392810538,1.348280836766334,0.16603600005965422,1.9936813694906264,17.394993202129427,0.3659934022141036,350,345,350,74.26634951687866,0.9857142857142858,1.2300500000002046,1.5780999999996936,2.4538670527778534,(gap/tau_g)^2+(speed/tau_v)^2+(lateral/tau_y)^2,False
nominal,1,2.0,3113,True,Proposed,service,1,aware,none,0.02,0.1,1,0.6851832692227285,1.3501833593893344,0.16614083992670295,1.937722479883907,17.171470767041242,0.37456030920478767,350,343,350,74.24992614276377,0.98,1.251599999998021,3.789899999997459,2.4547932099942082,(gap/tau_g)^2+(speed/tau_v)^2+(lateral/tau_y)^2,False
nominal,1,2.0,3114,True,Proposed,service,1,aware,none,0.02,0.1,1,0.681764418587827,1.345772221324969,0.16579055377585175,1.8913731761564354,17.342364326922265,0.43182454112488433,350,344,350,74.31167641310583,0.9828571428571429,0.9212500000010948,1.4504000000030715,2.4375107214519023,(gap/tau_g)^2+(speed/tau_v)^2+(lateral/tau_y)^2,False
nominal,1,2.0,3115,True,Proposed,service,1,aware,none,0.02,0.1,1,0.6771398165786954,1.351298682097933,0.16617756890686902,2.0137743181336947,17.089045397767215,0.4528391019424376,350,345,350,74.23876974351892,0.9857142857142858,0.8432500000008503,1.5233999999999526,2.437155110221588,(gap/tau_g)^2+(speed/tau_v)^2+(lateral/tau_y)^2,False
nominal,1,2.0,3116,True,Proposed,service,1,aware,none,0.02,0.1,1,0.6843898656228296,1.357817489833863,0.1669086860723826,1.8493410719753811,16.6202610716569,0.44280523380144154,350,344,350,74.10624224035661,0.9828571428571429,0.954150000000098,1.606600000002345,2.46980227061902,(gap/tau_g)^2+(speed/tau_v)^2+(lateral/tau_y)^2,False
nominal,1,2.0,3117,True,Proposed,service,1,aware,none,0.02,0.1,1,0.6799006720216177,1.344763788927196,0.16623608560756373,1.9294233899904019,17.052644685265903,0.43173237819428945,350,345,350,74.22916491454889,0.9857142857142858,0.759299999998575,1.8412000000012085,2.435312992555222,(gap/tau_g)^2+(speed/tau_v)^2+(lateral/tau_y)^2,False
nominal,1,2.0,3118,True,Proposed,service,1,aware,none,0.02,0.1,1,0.6822739574232308,1.355451962148427,0.16645374426771126,1.9867737096040055,16.840936411891768,0.39329225103991095,350,344,350,74.18704685401507,0.9828571428571429,0.8754499999987786,1.8703000000002135,2.457595245415165,(gap/tau_g)^2+(speed/tau_v)^2+(lateral/tau_y)^2,False
nominal,1,2.0,3119,True,Proposed,service,1,aware,none,0.02,0.1,1,0.6713579947612399,1.3537490646581138,0.1666049017448877,1.914349419972953,17.16396550753099,0.43025258414407985,350,346,350,74.15821462715012,0.9885714285714285,0.772250000000696,1.2265999999954147,2.4302312381535076,(gap/tau_g)^2+(speed/tau_v)^2+(lateral/tau_y)^2,False
nominal,1,2.0,3120,True,Proposed,service,1,aware,none,0.02,0.1,1,0.6743567229854223,1.3381833961942422,0.16575452261535437,1.8766107766563862,17.253251464123146,0.38226012455813974,350,345,350,74.31593796444511,0.9857142857142858,0.9225999999991075,6.848100000006241,2.4089611200304994,(gap/tau_g)^2+(speed/tau_v)^2+(lateral/tau_y)^2,False
nominal,1,2.0,3121,True,Proposed,service,1,aware,none,0.02,0.1,1,0.6790871166195963,1.3635166468221214,0.16730106088334357,1.9263570198131974,17.06038074285552,0.4049381097822481,350,344,350,74.03780807069684,0.9828571428571429,0.8640000000035286,3.88759999999877,2.468139924684355,(gap/tau_g)^2+(speed/tau_v)^2+(lateral/tau_y)^2,False
nominal,1,2.0,3122,True,Proposed,service,1,aware,none,0.02,0.1,1,0.6745757559767855,1.3548550407214952,0.16654094828181495,1.8141468508912264,17.069639849636374,0.4786991088600726,350,344,350,74.17749865484413,0.9828571428571429,0.9300000000003195,8.011499999994953,2.4389263519896325,(gap/tau_g)^2+(speed/tau_v)^2+(lateral/tau_y)^2,False
nominal,1,2.0,3123,True,Proposed,service,1,aware,none,0.02,0.1,1,0.6726439303824582,1.3575266164658348,0.16712892423741496,1.9072276258958514,17.28477670822904,0.4424909540795603,350,346,350,74.0640956799504,0.9885714285714285,0.9816500000003892,161.53499999999977,2.442901374401811,(gap/tau_g)^2+(speed/tau_v)^2+(lateral/tau_y)^2,False
nominal,1,2.0,3124,True,Proposed,service,1,aware,none,0.02,0.1,1,0.6789051277331107,1.3446888278496882,0.16655413894887602,1.8461142891124604,17.24058165825609,0.44580105510221535,350,345,350,74.17061695837711,0.9857142857142858,0.8397000000002208,1.400599999999308,2.435451368013246,(gap/tau_g)^2+(speed/tau_v)^2+(lateral/tau_y)^2,False
nominal,1,2.0,3125,True,Proposed,service,1,aware,none,0.02,0.1,1,0.6679715506895967,1.346789570177766,0.16623691923674552,1.8011551928086884,17.426971458456023,0.4569425198114765,350,343,350,74.23069489444998,0.98,0.8377499999996374,4.856400000001315,2.4095170417096448,(gap/tau_g)^2+(speed/tau_v)^2+(lateral/tau_y)^2,False
nominal,1,2.0,3126,True,Proposed,service,1,aware,none,0.02,0.1,1,0.6730677437643856,1.3536064079923076,0.1658879559829066,1.8216139694636324,17.211196502321258,0.40683741482672164,350,340,350,74.28900217545618,0.9714285714285714,1.008549999999886,1.8347000000016322,2.4281611566662122,(gap/tau_g)^2+(speed/tau_v)^2+(lateral/tau_y)^2,False
nominal,1,2.0,3127,True,Proposed,service,1,aware,none,0.02,0.1,1,0.6864506976849395,1.3562029525919002,0.16611686738253265,1.90252528685564,17.141516622203014,0.4316713541147096,350,344,350,74.25145411309205,0.9828571428571429,0.9051999999991622,1.8770000000003506,2.465996568061043,(gap/tau_g)^2+(speed/tau_v)^2+(lateral/tau_y)^2,False
nominal,1,2.0,3128,True,Proposed,service,1,aware,none,0.02,0.1,1,0.6805481548052628,1.352368066854098,0.1657767689136732,1.836816431919158,17.27232760173103,0.46348626279279925,350,347,350,74.32141387344562,0.9914285714285714,0.8511500000007999,1.490699999999734,2.4435306556922,(gap/tau_g)^2+(speed/tau_v)^2+(lateral/tau_y)^2,False
nominal,1,2.0,3129,True,Proposed,service,1,aware,none,0.02,0.1,1,0.6792691748253497,1.345012844400856,0.16665612724306816,1.9198093545258166,17.418422383271874,0.41122210320978525,350,338,350,74.1510803294224,0.9657142857142857,1.0691500000001852,4.312499999999275,2.4376246069344836,(gap/tau_g)^2+(speed/tau_v)^2+(lateral/tau_y)^2,False
nominal,1,2.0,3130,True,Proposed,service,1,aware,none,0.02,0.1,1,0.6736116368710536,1.3500265485159064,0.16685811495190167,1.8568124268757968,17.24318663304099,0.41263113478977365,350,337,350,74.10822098977019,0.9628571428571429,0.8808000000000149,1.377699999999038,2.4325956294527984,(gap/tau_g)^2+(speed/tau_v)^2+(lateral/tau_y)^2,False
nominal,1,2.0,3131,True,Proposed,service,1,aware,none,0.02,0.1,1,0.6789776528269813,1.361212573762039,0.16746224175488184,1.8235956947583372,17.34244884895702,0.4326624179289478,350,338,350,74.00440275563027,0.9657142857142857,0.8038999999993024,1.4628000000005414,2.466021529613426,(gap/tau_g)^2+(speed/tau_v)^2+(lateral/tau_y)^2,False
nominal,1,2.0,3132,True,Proposed,service,1,aware,none,0.02,0.1,1,0.6712603857869494,1.3544250107520313,0.1659429973391702,2.017464641624946,17.200929798097903,0.40417608630187296,350,344,350,74.28251901119529,0.9828571428571429,0.8818000000010429,1.3946000000011338,2.4254293537666074,(gap/tau_g)^2+(speed/tau_v)^2+(lateral/tau_y)^2,False
nominal,1,2.0,3133,True,Proposed,service,1,aware,none,0.02,0.1,1,0.670366917470162,1.3570149524495294,0.16584566632183284,1.9760904511337842,17.072436803659755,0.4126645636157462,350,342,350,74.30347160994809,0.9771428571428571,0.856299999999699,1.8230999999993003,2.4260738892760894,(gap/tau_g)^2+(speed/tau_v)^2+(lateral/tau_y)^2,False
nominal,1,2.0,3134,True,Proposed,service,1,aware,none,0.02,0.1,1,0.6934683826917676,1.3548333386031886,0.16658758341006794,1.7649197503062382,17.133878932810845,0.47782120973074194,350,343,350,74.16068548621465,0.98,0.8548000000008216,6.2309999999996535,2.485233086886275,(gap/tau_g)^2+(speed/tau_v)^2+(lateral/tau_y)^2,False
nominal,1,2.0,3135,True,Proposed,service,1,aware,none,0.02,0.1,1,0.6727413482570207,1.361190369360597,0.16704341515662258,1.8285595363188654,17.106653038524918,0.34225900744818616,350,342,350,74.08088019232365,0.9771428571428571,0.8020000000010796,1.552600000000126,2.4475020023333744,(gap/tau_g)^2+(speed/tau_v)^2+(lateral/tau_y)^2,False
nominal,1,2.0,3136,True,Proposed,service,1,aware,none,0.02,0.1,1,0.6701337153169471,1.3581259360858742,0.16584761332857137,1.8320404288794154,17.230022665532772,0.44273206631754913,350,340,350,74.3054361537392,0.9714285714285714,0.9514999999993279,1.6992000000009,2.427073306524864,(gap/tau_g)^2+(speed/tau_v)^2+(lateral/tau_y)^2,False
nominal,1,2.0,3137,True,Proposed,service,1,aware,none,0.02,0.1,1,0.6707530476017708,1.3601938451226379,0.1666637971813801,1.8887818497223725,17.46909902200813,0.4209465151498193,350,340,350,74.15390492454289,0.9714285714285714,0.7533000000004009,1.9255999999998608,2.4382024097092243,(gap/tau_g)^2+(speed/tau_v)^2+(lateral/tau_y)^2,False
nominal,1,2.0,3138,True,Proposed,service,1,aware,none,0.02,0.1,1,0.6772248355618128,1.3591991284951632,0.16668697419995016,1.897830142732322,17.31284151407339,0.43658429788042896,350,344,350,74.14673226468122,0.9828571428571429,1.0225500000000665,10.567999999999245,2.4525244724702633,(gap/tau_g)^2+(speed/tau_v)^2+(lateral/tau_y)^2,False
nominal,1,2.0,3139,True,Proposed,service,1,aware,none,0.02,0.1,1,0.6846077712474646,1.3370448057772242,0.1657844508551525,1.7986869459626103,17.264905273117044,0.44291148875001196,350,339,350,74.30831374347535,0.9685714285714285,0.9944500000003131,2.1877999999979636,2.43242098889952,(gap/tau_g)^2+(speed/tau_v)^2+(lateral/tau_y)^2,False
nominal,1,2.0,3140,True,Proposed,service,1,aware,none,0.02,0.1,1,0.6854058424704355,1.3404954659211847,0.16568393597836586,1.9514413785953293,16.86870093483688,0.3852613584910616,350,343,350,74.33286270979605,0.98,0.8183999999999969,1.7028000000003374,2.4382457365462225,(gap/tau_g)^2+(speed/tau_v)^2+(lateral/tau_y)^2,False
nominal,1,2.0,3141,True,Proposed,service,1,aware,none,0.02,0.1,1,0.6773484296638522,1.3672008600473706,0.16682927107836498,1.8211360728310113,17.247999434526868,0.4538425668272369,350,342,350,74.11450185165918,0.9771428571428571,0.7927500000004528,1.2959999999999638,2.4651391330241013,(gap/tau_g)^2+(speed/tau_v)^2+(lateral/tau_y)^2,False
nominal,1,2.0,3142,True,Proposed,service,1,aware,none,0.02,0.1,1,0.6790023471593535,1.3422294294578447,0.16649677512508954,1.9142071152640812,17.16452598414193,0.4069795973521426,350,341,350,74.18130088926831,0.9742857142857143,0.9796000000008576,6.6707000000008065,2.4318369026146356,(gap/tau_g)^2+(speed/tau_v)^2+(lateral/tau_y)^2,False
nominal,1,2.0,3143,True,Proposed,service,1,aware,none,0.02,0.1,1,0.6768991978656957,1.3392601838751692,0.1662178205349718,1.9563413429226872,17.069812109544813,0.46670371055476756,350,343,350,74.23411937258258,0.98,0.903349999997971,1.2268000000013046,2.4203847267376064,(gap/tau_g)^2+(speed/tau_v)^2+(lateral/tau_y)^2,False
nominal,1,2.0,3144,True,Proposed,service,1,aware,none,0.02,0.1,1,0.675183733513209,1.353950530076875,0.16666496143815687,1.871727752788337,17.363552016857987,0.4169293897762355,350,337,350,74.15204610591378,0.9628571428571429,1.1463000000002666,1.919099999998508,2.4401682128354127,(gap/tau_g)^2+(speed/tau_v)^2+(lateral/tau_y)^2,False
nominal,1,2.0,3145,True,Proposed,service,1,aware,none,0.02,0.1,1,0.6882229789440164,1.3675206545017022,0.16676853312429374,1.864501252012517,17.25004662450381,0.39576225926658726,350,338,350,74.12904273953775,0.9657142857142857,1.2258999999978926,1.8119999999974823,2.4914787332041124,(gap/tau_g)^2+(speed/tau_v)^2+(lateral/tau_y)^2,False
nominal,1,2.0,3146,True,Proposed,service,1,aware,none,0.02,0.1,1,0.6642567602201381,1.3576092698553253,0.16648388036548384,1.7766788959633844,17.220477356834813,0.4638235399971541,350,345,350,74.18062296705085,0.9857142857142858,1.1638999999998845,2.3474000000014428,2.417702108751649,(gap/tau_g)^2+(speed/tau_v)^2+(lateral/tau_y)^2,False
nominal,1,2.0,3147,True,Proposed,service,1,aware,none,0.02,0.1,1,0.680730850369879,1.3448293060083605,0.16645975911207048,1.9108235288453488,17.00273917109132,0.4177785966318798,350,344,350,74.18618617747069,0.9828571428571429,1.4228500000008637,9.056099999998679,2.4392713977514697,(gap/tau_g)^2+(speed/tau_v)^2+(lateral/tau_y)^2,False
nominal,1,2.0,3148,True,Proposed,service,1,aware,none,0.02,0.1,1,0.6825409230891147,1.3404487459601269,0.16635086211004207,1.9212988170204228,16.90336909671779,0.40704055443927445,350,341,350,74.21030708975776,0.9742857142857143,1.1913500000009236,1.970400000001149,2.436750685928104,(gap/tau_g)^2+(speed/tau_v)^2+(lateral/tau_y)^2,False
nominal,1,2.0,3149,True,Proposed,service,1,aware,none,0.02,0.1,1,0.679814231822821,1.3523753641891987,0.16615307259752138,1.9749835522452641,16.973233458456967,0.3514586563408022,350,337,350,74.24520517524793,0.9628571428571429,1.2652500000012168,2.0105000000008033,2.4448884508553053,(gap/tau_g)^2+(speed/tau_v)^2+(lateral/tau_y)^2,False
nominal,1,2.0,3150,True,Proposed,service,1,aware,none,0.02,0.1,1,0.6749454236825075,1.3557114066038247,0.1660169876831,1.8015979527923616,17.081056992490204,0.3805971441097079,350,343,350,74.27035576852872,0.98,1.1450999999986777,1.8941999999988468,2.4366413628296284,(gap/tau_g)^2+(speed/tau_v)^2+(lateral/tau_y)^2,False
nominal,1,2.2,3101,False,Proposed,service,1,aware,none,0.02,0.1,1,0.6751763183821574,1.4089625463470605,0.1655708858214732,1.8609130466988282,22.809782046981717,0.4502128706619608,350,343,350,74.36320133713994,0.98,1.2694999999993684,57.955499999998494,2.5086107961005752,(gap/tau_g)^2+(speed/tau_v)^2+(lateral/tau_y)^2,False
nominal,1,2.2,3102,False,Proposed,service,1,aware,none,0.02,0.1,1,0.6943143255374801,1.4157344621142258,0.16593824964897827,1.956294240646797,22.54322125500613,0.4137690502148388,350,343,350,74.29562290406403,0.98,1.2041500000012917,1.8673999999982982,2.568009252491094,(gap/tau_g)^2+(speed/tau_v)^2+(lateral/tau_y)^2,False
nominal,1,2.2,3103,False,Proposed,service,1,aware,none,0.02,0.1,1,0.6820255660355311,1.4071287220020998,0.16593980017165527,1.9145674836944884,22.554047030602874,0.40031719575921276,350,345,350,74.28952545429976,0.9857142857142858,1.1937499999987722,1.7940000000002954,2.525559355564873,(gap/tau_g)^2+(speed/tau_v)^2+(lateral/tau_y)^2,False
nominal,1,2.2,3104,False,Proposed,service,1,aware,none,0.02,0.1,1,0.6979822598439093,1.4105904080510738,0.16600073904221285,1.888721891902019,22.552327278887397,0.4490494066219479,350,339,350,74.27899297514563,0.9685714285714285,1.1884999999995927,1.8963000000020713,2.5701889291293742,(gap/tau_g)^2+(speed/tau_v)^2+(lateral/tau_y)^2,False
nominal,1,2.2,3105,False,Proposed,service,1,aware,none,0.02,0.1,1,0.6792209476346079,1.4000734642235506,0.16548850819744687,1.8488849490365484,22.710557615813627,0.407013044649715,350,340,350,74.37782939944516,0.9714285714285714,1.1099999999988341,1.7172000000016396,2.504928058200929,(gap/tau_g)^2+(speed/tau_v)^2+(lateral/tau_y)^2,False
nominal,1,2.2,3106,False,Proposed,service,1,aware,none,0.02,0.1,1,0.6844162077028527,1.4129355673349384,0.16619519091969173,1.7363850955682452,22.571004244040118,0.4065902121663988,350,340,350,74.24365326152177,0.9714285714285714,1.0923000000016003,1.588099999999315,2.5418423160125325,(gap/tau_g)^2+(speed/tau_v)^2+(lateral/tau_y)^2,False
nominal,1,2.2,3107,False,Proposed,service,1,aware,none,0.02,0.1,1,0.6823854547283225,1.4241322700372767,0.1663074676514917,1.7048405744496222,22.247370211003094,0.472011633886703,350,345,350,74.22623792113328,0.9857142857142858,1.2173999999980367,2.3536999999969055,2.554048202274509,(gap/tau_g)^2+(speed/tau_v)^2+(lateral/tau_y)^2,False
nominal,1,2.2,3108,False,Proposed,service,1,aware,none,0.02,0.1,1,0.6959354657330935,1.4191130343405516,0.16642135088584897,1.8533301125734112,22.798200378863058,0.43348876547842985,350,347,350,74.19665501431464,0.9914285714285714,1.240500000001532,1.7436999999986824,2.580916673818016,(gap/tau_g)^2+(speed/tau_v)^2+(lateral/tau_y)^2,False
nominal,1,2.2,3109,False,Proposed,service,1,aware,none,0.02,0.1,1,0.7040251694766516,1.4122840439958542,0.16637845469291918,1.8123715780293652,22.562706669594952,0.4454288460902517,350,341,350,74.20889757295812,0.9742857142857143,1.11259999999902,2.934399999997339,2.590828491805163,(gap/tau_g)^2+(speed/tau_v)^2+(lateral/tau_y)^2,False
nominal,1,2.2,3110,False,Proposed,service,1,aware,none,0.02,0.1,1,0.6940686559968056,1.4043500803264708,0.16485323472362864,1.8991332098945157,22.647830793553325,0.41896940647293357,350,339,350,74.49216015063088,0.9685714285714285,0.800800000000379,1.5828000000013276,2.5420499787747035,(gap/tau_g)^2+(speed/tau_v)^2+(lateral/tau_y)^2,False
nominal,1,2.2,3111,False,Proposed,service,1,aware,none,0.02,0.1,1,0.6941539498857165,1.4046132716009412,0.1660245512002049,1.7881644543193778,22.70244144043626,0.42762727699090564,350,341,350,74.27730587003346,0.9742857142857143,0.7649999999994606,1.661399999999702,2.5523267361434794,(gap/tau_g)^2+(speed/tau_v)^2+(lateral/tau_y)^2,False
nominal,1,2.2,3112,False,Proposed,service,1,aware,none,0.02,0.1,1,0.6930418220024279,1.408621081065361,0.16541412025511112,1.83642756703595,22.71030872142181,0.37538081095111175,350,348,350,74.38816542479745,0.9942857142857143,0.9411999999997533,1.5658999999992318,2.5502785820288616,(gap/tau_g)^2+(speed/tau_v)^2+(lateral/tau_y)^2,False
nominal,1,2.2,3113,False,Proposed,service,1,aware,none,0.02,0.1,1,0.6914038694648081,1.4109387017792612,0.1654906517863932,1.900955096857398,22.488090106670953,0.4347774536713934,350,346,350,74.37190108357069,0.9885714285714285,0.841300000001155,1.6960000000025843,2.55021432460041,(gap/tau_g)^2+(speed/tau_v)^2+(lateral/tau_y)^2,False
nominal,1,2.2,3114,False,Proposed,service,1,aware,none,0.02,0.1,1,0.685364469423025,1.4112191745459515,0.1652344165644143,1.919188322600928,22.550540503833915,0.3553243082882609,350,345,350,74.42130415829514,0.9857142857142858,0.8212999999948067,1.4167000000000485,2.5337176214305437,(gap/tau_g)^2+(speed/tau_v)^2+(lateral/tau_y)^2,False
nominal,1,2.2,3115,False,Proposed,service,1,aware,none,0.02,0.1,1,0.6837016235309059,1.4177814825857298,0.1655806697321016,1.9139780720908188,22.447866624690917,0.4441523343412055,350,338,350,74.35579979383026,0.9657142857142857,0.8804500000039184,1.932699999997567,2.542005896302442,(gap/tau_g)^2+(speed/tau_v)^2+(lateral/tau_y)^2,False
nominal,1,2.2,3116,False,Proposed,service,1,aware,none,0.02,0.1,1,0.6864542218663733,1.417109477669484,0.1662515439316428,1.745747143192119,22.646718577526343,0.4490227504333454,350,346,350,74.2331368130766,0.9885714285714285,1.0410000000007358,8.00320000000454,2.553304237143746,(gap/tau_g)^2+(speed/tau_v)^2+(lateral/tau_y)^2,False
nominal,1,2.2,3117,False,Proposed,service,1,aware,none,0.02,0.1,1,0.6802603338486789,1.4059330955386888,0.1656022669242432,1.8284469168188013,22.806615404050135,0.4552122403599851,350,346,350,74.35448899244557,0.9885714285714285,0.8465499999985582,7.9052999999973395,2.516770575367514,(gap/tau_g)^2+(speed/tau_v)^2+(lateral/tau_y)^2,False
nominal,1,2.2,3118,False,Proposed,service,1,aware,none,0.02,0.1,1,0.6877403516268102,1.4162774738392394,0.16580359488406574,1.965067624038419,22.43698156697898,0.3768677427526491,350,346,350,74.3156468230131,0.9885714285714285,1.0080999999999563,7.465099999997449,2.551524924356487,(gap/tau_g)^2+(speed/tau_v)^2+(lateral/tau_y)^2,False
nominal,1,2.2,3119,False,Proposed,service,1,aware,none,0.02,0.1,1,0.6943216754106197,1.4016628592388174,0.16600253617404073,1.8275598757197387,22.54977815951066,0.39798239384338163,350,345,350,74.27979553648592,0.9857142857142858,0.9404500000016469,46.91469999999498,2.54833368804941,(gap/tau_g)^2+(speed/tau_v)^2+(lateral/tau_y)^2,False
nominal,1,2.2,3120,True,Proposed,service,1,aware,none,0.02,0.1,1,0.6882286890121445,1.3936111884424927,0.16517295986741565,1.8633422685167058,22.72038505558932,0.4352713333402687,350,347,350,74.43336873620943,0.9914285714285714,0.9772999999988485,9.171700000003113,2.515006579649496,(gap/tau_g)^2+(speed/tau_v)^2+(lateral/tau_y)^2,False
nominal,1,2.2,3121,False,Proposed,service,1,aware,none,0.02,0.1,1,0.6964396286750244,1.4174767247714144,0.16665443827385337,1.8391567529894832,22.559456672556273,0.4276025080427788,350,342,350,74.16123045042802,0.9771428571428571,0.9850999999976295,6.993700000002434,2.581737407255003,(gap/tau_g)^2+(speed/tau_v)^2+(lateral/tau_y)^2,False
nominal,1,2.2,3122,False,Proposed,service,1,aware,none,0.02,0.1,1,0.6786647408392356,1.419236020291699,0.1658991078055141,1.7568159273183193,22.882186141069525,0.42836309117282134,350,348,350,74.3031831127065,0.9942857142857143,0.8198500000027309,7.929099999998357,2.5345509204013217,(gap/tau_g)^2+(speed/tau_v)^2+(lateral/tau_y)^2,False
nominal,1,2.2,3123,False,Proposed,service,1,aware,none,0.02,0.1,1,0.6851205772823453,1.4139517115425562,0.16649912247729046,1.8286117767566736,22.824934439855262,0.45599672249639744,350,343,350,74.18883047218816,0.98,0.9022500000028799,2.152599999995175,2.547550748781202,(gap/tau_g)^2+(speed/tau_v)^2+(lateral/tau_y)^2,False
nominal,1,2.2,3124,False,Proposed,service,1,aware,none,0.02,0.1,1,0.6865458900981097,1.4034802935465247,0.16591074716089685,1.8035336277236647,22.392435329604076,0.44201843456536904,350,344,350,74.29583236887936,0.9828571428571429,0.8935000000001025,2.278400000001568,2.531084555814248,(gap/tau_g)^2+(speed/tau_v)^2+(lateral/tau_y)^2,False
nominal,1,2.2,3125,False,Proposed,service,1,aware,none,0.02,0.1,1,0.6782528792097803,1.4041666870262843,0.16562132594937845,1.8763197274256154,22.530281307013958,0.43433445396186965,350,342,350,74.34952567179315,0.9771428571428571,0.80019999999692,1.6926999999995473,2.5095475792314756,(gap/tau_g)^2+(speed/tau_v)^2+(lateral/tau_y)^2,False
nominal,1,2.2,3126,False,Proposed,service,1,aware,none,0.02,0.1,1,0.6883403262462446,1.4045321815929555,0.16526971681408045,1.7630322040781823,22.489693627877543,0.3987159796723818,350,346,350,74.41192250858559,0.9885714285714285,0.9007499999995616,3.2779000000005,2.5316701714381304,(gap/tau_g)^2+(speed/tau_v)^2+(lateral/tau_y)^2,False
nominal,1,2.2,3127,False,Proposed,service,1,aware,none,0.02,0.1,1,0.695627393343017,1.4144316289060304,0.1655129567612062,1.7481771912585233,22.301949347539953,0.4782039227492473,350,343,350,74.3704950680704,0.98,0.9067499999986239,1.4859999999998763,2.5658485148441104,(gap/tau_g)^2+(speed/tau_v)^2+(lateral/tau_y)^2,False
nominal,1,2.2,3128,False,Proposed,service,1,aware,none,0.02,0.1,1,0.694098791573167,1.4084604268061836,0.16514224427577473,1.7821077269556473,22.20954364283753,0.465298630573017,350,344,350,74.4428193523083,0.9828571428571429,0.7929999999980453,1.7201999999940654,2.5504074337505354,(gap/tau_g)^2+(speed/tau_v)^2+(lateral/tau_y)^2,False
nominal,1,2.2,3129,False,Proposed,service,1,aware,none,0.02,0.1,1,0.6891515132053759,1.4061352027802854,0.16602588236556942,1.8375684044387364,22.901095154215206,0.4254851657472598,350,342,350,74.27542880178176,0.9771428571428571,0.93065000000081,1.9448999999980288,2.5422182791666708,(gap/tau_g)^2+(speed/tau_v)^2+(lateral/tau_y)^2,False
nominal,1,2.2,3130,False,Proposed,service,1,aware,none,0.02,0.1,1,0.6783662528554489,1.4148976623167198,0.16623718040167212,1.9654897444205777,22.33058674019486,0.3898905783638995,350,344,350,74.23107762540512,0.9828571428571429,0.865300000000957,2.009600000000944,2.5303647653276125,(gap/tau_g)^2+(speed/tau_v)^2+(lateral/tau_y)^2,False
nominal,1,2.2,3131,False,Proposed,service,1,aware,none,0.02,0.1,1,0.6840821551662402,1.4276949415928344,0.16680368930963152,1.833569600216066,22.66312202732263,0.44345349998575945,350,345,350,74.13046019656299,0.9857142857142858,0.8474499999984175,7.349599999997736,2.56748611634686,(gap/tau_g)^2+(speed/tau_v)^2+(lateral/tau_y)^2,False
nominal,1,2.2,3132,False,Proposed,service,1,aware,none,0.02,0.1,1,0.681837893393861,1.4063554572928563,0.16532869033369865,1.7713666172657139,22.445397161147824,0.41027021485097026,350,345,350,74.40484816421905,0.9857142857142858,0.7710500000008835,2.179400000002829,2.5189332962912823,(gap/tau_g)^2+(speed/tau_v)^2+(lateral/tau_y)^2,False
nominal,1,2.2,3133,False,Proposed,service,1,aware,none,0.02,0.1,1,0.6827896101003426,1.4141590550657206,0.16525919766363295,1.9891887095383691,22.549113413439272,0.41794169290367666,350,341,350,74.42121397546694,0.9742857142857143,0.8390499999997303,1.513599999995563,2.531897503241963,(gap/tau_g)^2+(speed/tau_v)^2+(lateral/tau_y)^2,False
nominal,1,2.2,3134,False,Proposed,service,1,aware,none,0.02,0.1,1,0.6810179655753985,1.4241137833380972,0.16596632587444154,1.833605749780153,22.517777295348537,0.4107888443221914,350,344,350,74.28372242036852,0.9828571428571429,0.9897499999986792,1.487000000004457,2.5478729669256466,(gap/tau_g)^2+(speed/tau_v)^2+(lateral/tau_y)^2,False
nominal,1,2.2,3135,False,Proposed,service,1,aware,none,0.02,0.1,1,0.6826197692847982,1.4178404728851879,0.16640243533951504,1.7720417488136442,22.59151781831551,0.39905384301630964,350,341,350,74.20741519292203,0.9742857142857143,0.9700499999993895,2.38780000000105,2.5462837066585045,(gap/tau_g)^2+(speed/tau_v)^2+(lateral/tau_y)^2,False
nominal,1,2.2,3136,False,Proposed,service,1,aware,none,0.02,0.1,1,0.6930578554115442,1.4111208237892976,0.1652333955293343,1.8633113195873625,22.647676582491876,0.41172223953227227,350,342,350,74.42171305246548,0.9771428571428571,0.9622500000006085,2.0345000000006053,2.552420426093538,(gap/tau_g)^2+(speed/tau_v)^2+(lateral/tau_y)^2,False
nominal,1,2.2,3137,False,Proposed,service,1,aware,none,0.02,0.1,1,0.6888071781016921,1.4147657229397783,0.16605846660216347,1.91944567943749,22.29351607365117,0.4326482374004318,350,337,350,74.27203057050527,0.9628571428571429,0.7198000000023796,1.4883999999995012,2.554066625959625,(gap/tau_g)^2+(speed/tau_v)^2+(lateral/tau_y)^2,False
nominal,1,2.2,3138,False,Proposed,service,1,aware,none,0.02,0.1,1,0.688073340565016,1.4145878290243472,0.16601172216319568,1.8374796888471783,22.936163117049,0.3974260720761892,350,342,350,74.2802707019389,0.9771428571428571,0.7557000000026903,1.2327999999968142,2.5516254883204956,(gap/tau_g)^2+(speed/tau_v)^2+(lateral/tau_y)^2,False
nominal,1,2.2,3139,False,Proposed,service,1,aware,none,0.02,0.1,1,0.6824536147842144,1.403364798871549,0.16520780408815874,1.8088959798615496,22.528550329879884,0.4301202996027478,350,341,350,74.42543092271686,0.9742857142857143,0.9525499999973874,2.2013000000029592,2.5151405376546667,(gap/tau_g)^2+(speed/tau_v)^2+(lateral/tau_y)^2,False
nominal,1,2.2,3140,True,Proposed,service,1,aware,none,0.02,0.1,1,0.6885626320235816,1.3988489754744693,0.16510148352542217,1.7988940877001374,22.610131932308683,0.423163861964697,350,343,350,74.45027517594302,0.98,0.8550500000019667,1.6771999999960485,2.5226961819218476,(gap/tau_g)^2+(speed/tau_v)^2+(lateral/tau_y)^2,False
nominal,1,2.2,3141,False,Proposed,service,1,aware,none,0.02,0.1,1,0.6917472163094929,1.421807783923091,0.16619258368422685,1.7135905866673455,22.456089848438985,0.45882174690835675,350,343,350,74.24351352448157,0.98,0.8444500000059918,1.68910000000011,2.5725879225453006,(gap/tau_g)^2+(speed/tau_v)^2+(lateral/tau_y)^2,False
nominal,1,2.2,3142,True,Proposed,service,1,aware,none,0.02,0.1,1,0.6924074020038307,1.3999285052313437,0.16585475333987656,1.8681509819660114,22.738780576662812,0.4586586269743341,350,346,350,74.3053504034868,0.9885714285714285,0.8118999999986443,1.9811999999959085,2.539909310203798,(gap/tau_g)^2+(speed/tau_v)^2+(lateral/tau_y)^2,False
nominal,1,2.2,3143,False,Proposed,service,1,aware,none,0.02,0.1,1,0.6797533051395666,1.4001954146687496,0.16560169319632778,1.8855806277787854,22.703472094300828,0.4541269539111198,350,346,350,74.35442298631583,0.9885714285714285,0.8395000000014363,1.3733999999985258,2.5073253023185007,(gap/tau_g)^2+(speed/tau_v)^2+(lateral/tau_y)^2,False
nominal,1,2.2,3144,False,Proposed,service,1,aware,none,0.02,0.1,1,0.6877780762323069,1.4106089644448863,0.1660568399225692,1.8897682326748193,22.746679717326195,0.416555769703572,350,341,350,74.27218327872691,0.9742857142857143,0.852400000002973,1.5047999999993067,2.5455425963015266,(gap/tau_g)^2+(speed/tau_v)^2+(lateral/tau_y)^2,False
nominal,1,2.2,3145,False,Proposed,service,1,aware,none,0.02,0.1,1,0.6968824558934248,1.4275954855306308,0.16614151309108718,1.7940386795975534,22.823970792998843,0.39955504967341404,350,337,350,74.25147694252735,0.9628571428571429,0.921399999999295,1.5701000000021281,2.59325487601125,(gap/tau_g)^2+(speed/tau_v)^2+(lateral/tau_y)^2,False
nominal,1,2.2,3146,False,Proposed,service,1,aware,none,0.02,0.1,1,0.6820251256468658,1.4150828869861152,0.16583733722775704,1.7499816730423932,22.716444048402835,0.4535121324577618,350,346,350,74.30677603991978,0.9885714285714285,0.8746999999971194,1.6597999999987678,2.536161649115843,(gap/tau_g)^2+(speed/tau_v)^2+(lateral/tau_y)^2,False
nominal,1,2.2,3147,False,Proposed,service,1,aware,none,0.02,0.1,1,0.6810115423819619,1.4082540683943372,0.16582831907134563,1.7716880187484674,22.64653541861845,0.4185229432708133,350,343,350,74.31112907817888,0.98,0.7531999999983441,1.7858000000003926,2.5237940196423514,(gap/tau_g)^2+(speed/tau_v)^2+(lateral/tau_y)^2,False
nominal,1,2.2,3148,False,Proposed,service,1,aware,none,0.02,0.1,1,0.6821332954582225,1.4018910724943336,0.16574800081058186,1.8371271308393806,22.748096896985643,0.42822962906297124,350,343,350,74.32913725216305,0.98,0.6997999999995841,1.6942000000028656,2.516723720395027,(gap/tau_g)^2+(speed/tau_v)^2+(lateral/tau_y)^2,False
nominal,1,2.2,3149,False,Proposed,service,1,aware,none,0.02,0.1,1,0.6854352133045925,1.415864520479426,0.1655406339085567,1.8061035112215142,22.148553480073467,0.4451376643443936,350,341,350,74.36251589461214,0.9742857142857143,0.9129999999970551,1.5734999999992283,2.5431226479446867,(gap/tau_g)^2+(speed/tau_v)^2+(lateral/tau_y)^2,False
nominal,1,2.2,3150,False,Proposed,service,1,aware,none,0.02,0.1,1,0.6904609767816039,1.4108927550341699,0.16539943576911248,1.7534518610193273,22.469019094144997,0.4818153040132155,350,343,350,74.39258250084671,0.98,0.9395499999982349,1.2335999999990577,2.547077256711974,(gap/tau_g)^2+(speed/tau_v)^2+(lateral/tau_y)^2,False
nominal,1,2.4,3101,False,Proposed,service,1,aware,none,0.02,0.1,1,0.6899624152356031,1.4532218728078798,0.1650185667844628,1.7099295657211724,27.980640101417237,0.41861054837322365,350,342,350,74.47834348837314,0.9771428571428571,0.931100000002516,50.086399999997866,2.6045624136394405,(gap/tau_g)^2+(speed/tau_v)^2+(lateral/tau_y)^2,False
nominal,1,2.4,3102,False,Proposed,service,1,aware,none,0.02,0.1,1,0.7010773899083962,1.4653915227725072,0.16532953892938979,1.8356623929399856,27.999528261539943,0.4177749799984971,350,341,350,74.41557572703006,0.9742857142857143,0.8295500000059519,1.5731000000016593,2.6527392094424553,(gap/tau_g)^2+(speed/tau_v)^2+(lateral/tau_y)^2,False
nominal,1,2.4,3103,False,Proposed,service,1,aware,none,0.02,0.1,1,0.6896023202586145,1.4581930347468193,0.1653326449026696,1.7315420934257821,28.07002414032442,0.4555746080789361,350,348,350,74.40934587005069,0.9942857142857143,0.9377499999985162,1.5757999999976846,2.6136574037800075,(gap/tau_g)^2+(speed/tau_v)^2+(lateral/tau_y)^2,False
nominal,1,2.4,3104,False,Proposed,service,1,aware,none,0.02,0.1,1,0.7014772408079111,1.4642957150856377,0.1654180095983398,1.7392431991665258,27.754417694004317,0.46327382401351735,350,342,350,74.39745347457833,0.9771428571428571,0.9453499999985127,1.5511000000003605,2.65282980046044,(gap/tau_g)^2+(speed/tau_v)^2+(lateral/tau_y)^2,False
nominal,1,2.4,3105,False,Proposed,service,1,aware,none,0.02,0.1,1,0.6857195398491651,1.4523008372392672,0.1648827875647837,1.8149485259641847,27.905239611409705,0.4423974781594209,350,343,350,74.49632110035104,0.98,0.9634500000004209,5.266999999996358,2.5917006009300123,(gap/tau_g)^2+(speed/tau_v)^2+(lateral/tau_y)^2,False
nominal,1,2.4,3106,False,Proposed,service,1,aware,none,0.02,0.1,1,0.6841529852880446,1.470336961065412,0.16556571192417172,1.7507808087234726,27.954895249453436,0.4125394724361927,350,342,350,74.36589502878141,0.9771428571428571,0.8948500000016679,1.4745000000004893,2.620421725480565,(gap/tau_g)^2+(speed/tau_v)^2+(lateral/tau_y)^2,False
nominal,1,2.4,3107,False,Proposed,service,1,aware,none,0.02,0.1,1,0.6941228461315577,1.4740672391078755,0.16564566926266064,1.6637729983942937,27.624525121217467,0.4108612446645291,350,345,350,74.34976958285372,0.9857142857142858,0.7427499999970166,1.6085999999972955,2.651116426576941,(gap/tau_g)^2+(speed/tau_v)^2+(lateral/tau_y)^2,False
nominal,1,2.4,3108,False,Proposed,service,1,aware,none,0.02,0.1,1,0.6967392120645107,1.4695446450640128,0.16580351627800616,1.82290616294891,27.85423537825178,0.42964628873392496,350,344,350,74.3238174428448,0.9828571428571429,0.7974000000032788,1.8537999999992394,2.6521014985343636,(gap/tau_g)^2+(speed/tau_v)^2+(lateral/tau_y)^2,False
nominal,1,2.4,3109,False,Proposed,service,1,aware,none,0.02,0.1,1,0.7041225287052912,1.4662692993001678,0.16574988302447025,1.708609197365412,28.09729528504645,0.45525533733076595,350,343,350,74.33130436118212,0.98,1.0905500000006896,6.960899999995718,2.665138483866496,(gap/tau_g)^2+(speed/tau_v)^2+(lateral/tau_y)^2,False
nominal,1,2.4,3110,False,Proposed,service,1,aware,none,0.02,0.1,1,0.6859664347356839,1.460787220725867,0.16429452440642722,1.858946480123211,27.89547148363819,0.4218649962997999,350,342,350,74.60737236175413,0.9771428571428571,0.999249999999563,1.7818000000033862,2.600074647267503,(gap/tau_g)^2+(speed/tau_v)^2+(lateral/tau_y)^2,False
nominal,1,2.4,3111,False,Proposed,service,1,aware,none,0.02,0.1,1,0.6910037560879145,1.4616852127599396,0.16540641115008178,1.8258756599607526,27.82317832381556,0.4484101211175441,350,342,350,74.39872181606825,0.9771428571428571,0.9705500000016798,1.9969000000017445,2.6229094531151285,(gap/tau_g)^2+(speed/tau_v)^2+(lateral/tau_y)^2,False
nominal,1,2.4,3112,False,Proposed,service,1,aware,none,0.02,0.1,1,0.6936332422517942,1.4643939996045656,0.16483026332554146,1.8381461417342204,27.76861075417301,0.3169993866865567,350,343,350,74.50248649632798,0.98,0.8258499999982405,1.2827000000044109,2.628669448202129,(gap/tau_g)^2+(speed/tau_v)^2+(lateral/tau_y)^2,False
nominal,1,2.4,3113,False,Proposed,service,1,aware,none,0.02,0.1,1,0.695161726092294,1.463758964327449,0.16491190629371247,1.7794645278793921,27.823256668697546,0.48331357541386766,350,343,350,74.48866745384278,0.98,0.9324500000005287,1.973800000001802,2.632167540897409,(gap/tau_g)^2+(speed/tau_v)^2+(lateral/tau_y)^2,False
nominal,1,2.4,3114,False,Proposed,service,1,aware,none,0.02,0.1,1,0.6966338366012024,1.4572063928311512,0.164634244364133,1.9726175658196816,27.831623532428736,0.39148520652942076,350,344,350,74.5414632520264,0.9828571428571429,0.8626499999984105,5.268999999998414,2.6237572065691,(gap/tau_g)^2+(speed/tau_v)^2+(lateral/tau_y)^2,False
nominal,1,2.4,3115,False,Proposed,service,1,aware,none,0.02,0.1,1,0.6909545935078316,1.4663036031256123,0.16500661020762536,1.8495593104253947,27.761108531170173,0.4658707219085325,350,339,350,74.46998500006539,0.9685714285714285,1.0087999999974784,65.0709999999961,2.6263854671609144,(gap/tau_g)^2+(speed/tau_v)^2+(lateral/tau_y)^2,False
nominal,1,2.4,3116,False,Proposed,service,1,aware,none,0.02,0.1,1,0.6896857888748822,1.4703920871839533,0.16562858797990349,1.762990939170129,27.907736949532755,0.447730390397721,350,345,350,74.35635752412793,0.9857142857142858,0.9258000000009758,7.7723000000062825,2.6345382490068343,(gap/tau_g)^2+(speed/tau_v)^2+(lateral/tau_y)^2,False
nominal,1,2.4,3117,False,Proposed,service,1,aware,none,0.02,0.1,1,0.699307117768219,1.4505813298116406,0.1650292306932687,1.8213846233576183,28.21917994123794,0.45439712982086145,350,345,350,74.46933757254025,0.9857142857142858,0.8482000000000767,5.549299999998425,2.623818017186263,(gap/tau_g)^2+(speed/tau_v)^2+(lateral/tau_y)^2,False
nominal,1,2.4,3118,False,Proposed,service,1,aware,none,0.02,0.1,1,0.6940278074452978,1.4662214874387627,0.16521013342969912,1.7287574210712628,27.94764295728043,0.46865789956033366,350,344,350,74.43404864785775,0.9828571428571429,0.7815999999998269,1.4091999999976679,2.6355096156870657,(gap/tau_g)^2+(speed/tau_v)^2+(lateral/tau_y)^2,False
nominal,1,2.4,3119,False,Proposed,service,1,aware,none,0.02,0.1,1,0.6937303124407479,1.4587889934798468,0.16540587778483193,1.7234579941591524,28.12292698067965,0.44040846160735736,350,343,350,74.39609009564674,0.98,0.754749999998694,1.7493000000001757,2.6253016642575604,(gap/tau_g)^2+(speed/tau_v)^2+(lateral/tau_y)^2,False
nominal,1,2.4,3120,False,Proposed,service,1,aware,none,0.02,0.1,1,0.6824741670097848,1.4498067821565899,0.16457678400463882,1.7234223571394423,27.915314354460214,0.4752163610994523,350,345,350,74.55020678542769,0.9857142857142858,0.7735000000010928,1.4224000000027104,2.577593476099221,(gap/tau_g)^2+(speed/tau_v)^2+(lateral/tau_y)^2,False
nominal,1,2.4,3121,False,Proposed,service,1,aware,none,0.02,0.1,1,0.7005790018819081,1.4722038714422205,0.16604820179968288,1.7614022429911276,27.818140725346097,0.44232754485219783,350,340,350,74.28226223068519,0.9714285714285714,0.79849999999837,1.9992000000002008,2.667661196721943,(gap/tau_g)^2+(speed/tau_v)^2+(lateral/tau_y)^2,False
nominal,1,2.4,3122,False,Proposed,service,1,aware,none,0.02,0.1,1,0.6897766773395632,1.4662366047361228,0.16528152698588444,1.7722591694642054,28.16971852399074,0.43344334235968374,350,347,350,74.42388935216404,0.9914285714285714,0.8583499999978983,3.2560000000003697,2.6256639160038495,(gap/tau_g)^2+(speed/tau_v)^2+(lateral/tau_y)^2,False
nominal,1,2.4,3123,False,Proposed,service,1,aware,none,0.02,0.1,1,0.6889436451000588,1.466956245392612,0.16592977022124888,1.8279185861221727,27.9681148372106,0.4129844673279883,350,344,350,74.30551692859426,0.9828571428571429,0.9145500000009577,1.4962999999994508,2.630066704095907,(gap/tau_g)^2+(speed/tau_v)^2+(lateral/tau_y)^2,False
nominal,1,2.4,3124,False,Proposed,service,1,aware,none,0.02,0.1,1,0.6876091070293009,1.4584404525340877,0.16532228679175381,1.7460013860316705,27.539450289103847,0.40360912058850695,350,345,350,74.41487156323247,0.9857142857142858,0.8952999999998212,2.055599999998492,2.6090598216353973,(gap/tau_g)^2+(speed/tau_v)^2+(lateral/tau_y)^2,False
nominal,1,2.4,3125,False,Proposed,service,1,aware,none,0.02,0.1,1,0.6832629865511701,1.455354226738934,0.16502027047902626,1.8206002177595613,27.922298615536803,0.44368726394172475,350,344,350,74.4683883557509,0.9828571428571429,0.9737499999999955,2.4516000000005533,2.591385568893333,(gap/tau_g)^2+(speed/tau_v)^2+(lateral/tau_y)^2,False
nominal,1,2.4,3126,False,Proposed,service,1,aware,none,0.02,0.1,1,0.6902156073005064,1.4592188926284213,0.16469133587681764,1.7457824900038528,28.072016721977434,0.4338383276271749,350,337,350,74.52822105734776,0.9628571428571429,0.9107000000021515,1.0674000000037154,2.611397583166537,(gap/tau_g)^2+(speed/tau_v)^2+(lateral/tau_y)^2,False
nominal,1,2.4,3127,False,Proposed,service,1,aware,none,0.02,0.1,1,0.70660276980124,1.4640944462282768,0.16491454611213893,1.8436513604508413,27.871096172192253,0.46995698406786524,350,346,350,74.48928322185837,0.9885714285714285,0.8053000000032284,4.995700000002046,2.661201827499476,(gap/tau_g)^2+(speed/tau_v)^2+(lateral/tau_y)^2,False
nominal,1,2.4,3128,False,Proposed,service,1,aware,none,0.02,0.1,1,0.7028651559063093,1.4597625968435277,0.16455006284141227,1.7418379057452604,27.78767509282312,0.4802583543888066,350,341,350,74.55874294728763,0.9742857142857143,0.7760499999989179,1.8244999999978972,2.642372206237163,(gap/tau_g)^2+(speed/tau_v)^2+(lateral/tau_y)^2,False
nominal,1,2.4,3129,False,Proposed,service,1,aware,none,0.02,0.1,1,0.6944659613439971,1.4553147465259313,0.16538953734917672,1.7801331447892639,28.238714086635234,0.4712022416235764,350,344,350,74.40038953741684,0.9828571428571429,0.7234999999994329,1.6449999999963438,2.621816574588222,(gap/tau_g)^2+(speed/tau_v)^2+(lateral/tau_y)^2,False
nominal,1,2.4,3130,False,Proposed,service,1,aware,none,0.02,0.1,1,0.6845547354363118,1.4637470124259733,0.1656107576799541,1.7649263896386362,28.147422123982665,0.4456766508626423,350,341,350,74.35567667500054,0.9742857142857143,0.9087000000000955,1.4162000000013109,2.611907207686233,(gap/tau_g)^2+(speed/tau_v)^2+(lateral/tau_y)^2,False
nominal,1,2.4,3131,False,Proposed,service,1,aware,none,0.02,0.1,1,0.6999828146167912,1.4718192530511272,0.16615492373395743,1.7034348476758914,28.03491865716306,0.45308921778249156,350,338,350,74.25765813169126,0.9657142857142857,0.9837499999996169,1.8217000000007033,2.666485374342551,(gap/tau_g)^2+(speed/tau_v)^2+(lateral/tau_y)^2,False
nominal,1,2.4,3132,False,Proposed,service,1,aware,none,0.02,0.1,1,0.6858131116710126,1.4601407326903846,0.16474144003162655,1.7636541288385075,28.093258921326033,0.47869499108994495,350,341,350,74.5212780986904,0.9742857142857143,1.0449999999977422,2.0864000000031524,2.6024135768973986,(gap/tau_g)^2+(speed/tau_v)^2+(lateral/tau_y)^2,False
nominal,1,2.4,3133,False,Proposed,service,1,aware,none,0.02,0.1,1,0.6956299475778819,1.4567542170239376,0.1646884684503277,1.7985479197203706,28.146371992042056,0.45436831043885717,350,341,350,74.5375703377136,0.9742857142857143,0.7890999999986548,1.5749999999954412,2.621046619298853,(gap/tau_g)^2+(speed/tau_v)^2+(lateral/tau_y)^2,False
nominal,1,2.4,3134,False,Proposed,service,1,aware,none,0.02,0.1,1,0.6987016405141978,1.4691923218418728,0.16536458166602805,1.7036032403280466,28.380308794774216,0.4899175926374426,350,344,350,74.40405731320372,0.9828571428571429,0.8880500000003622,1.6439999999988686,2.652807572810418,(gap/tau_g)^2+(speed/tau_v)^2+(lateral/tau_y)^2,False
nominal,1,2.4,3135,False,Proposed,service,1,aware,none,0.02,0.1,1,0.6964816782549769,1.4651140149898707,0.16578237850376418,1.8125855639413166,28.067832736515705,0.40409757698029936,350,342,350,74.32794902203698,0.9771428571428571,0.8924999999990746,2.196699999998941,2.6446545336600824,(gap/tau_g)^2+(speed/tau_v)^2+(lateral/tau_y)^2,False
nominal,1,2.4,3136,False,Proposed,service,1,aware,none,0.02,0.1,1,0.697135811579633,1.4577379739182907,0.16461409409159902,1.8574806511623987,27.929020876559136,0.3923558931784269,350,346,350,74.54337661381676,0.9885714285714285,0.9359999999958291,1.700599999999497,2.6256257216270473,(gap/tau_g)^2+(speed/tau_v)^2+(lateral/tau_y)^2,False
nominal,1,2.4,3137,False,Proposed,service,1,aware,none,0.02,0.1,1,0.6899861489287281,1.4666467955671638,0.16539298055329385,1.8483653341621495,28.085487830572866,0.40209684551200064,350,338,350,74.39893801356374,0.9657142857142857,0.7660499999992965,1.4049999999983243,2.6277128995289925,(gap/tau_g)^2+(speed/tau_v)^2+(lateral/tau_y)^2,False
nominal,1,2.4,3138,False,Proposed,service,1,aware,none,0.02,0.1,1,0.6913524532222434,1.4632715167164383,0.16546438225333004,1.80969698631379,28.041325857285152,0.4105191650809823,350,335,350,74.39346086213085,0.9571428571428572,0.8552000000001669,1.3281000000020526,2.626613188502435,(gap/tau_g)^2+(speed/tau_v)^2+(lateral/tau_y)^2,False
nominal,1,2.4,3139,False,Proposed,service,1,aware,none,0.02,0.1,1,0.6989173084923886,1.4462444578784543,0.16463275428927673,1.7675504160763276,27.983821041124692,0.45863459769684267,350,340,350,74.53942691148066,0.9714285714285714,0.8051000000044439,1.4907999999991262,2.6131716989525926,(gap/tau_g)^2+(speed/tau_v)^2+(lateral/tau_y)^2,False
nominal,1,2.4,3140,False,Proposed,service,1,aware,none,0.02,0.1,1,0.6936543424856378,1.452811857364545,0.16450824165299724,1.7333786382929273,27.864800223571358,0.41560659760171725,350,347,350,74.565056741848,0.9914285714285714,0.9035999999973399,2.5823000000002594,2.6088316171444506,(gap/tau_g)^2+(speed/tau_v)^2+(lateral/tau_y)^2,False
nominal,1,2.4,3141,False,Proposed,service,1,aware,none,0.02,0.1,1,0.6896877697570818,1.4759532232116201,0.1655959527748233,1.6775270680705467,28.061927518676626,0.46782475067955953,350,341,350,74.36114375996299,0.9742857142857143,0.8436500000001956,1.5740999999991345,2.6426325747261523,(gap/tau_g)^2+(speed/tau_v)^2+(lateral/tau_y)^2,False
nominal,1,2.4,3142,False,Proposed,service,1,aware,none,0.02,0.1,1,0.6957686240983939,1.4493597858995395,0.16525616061760448,1.912717820298749,28.124567342236773,0.4098476763551129,350,343,350,74.42652292865161,0.98,0.9219500000021696,1.9129000000006613,2.6151085176888897,(gap/tau_g)^2+(speed/tau_v)^2+(lateral/tau_y)^2,False
nominal,1,2.4,3143,False,Proposed,service,1,aware,none,0.02,0.1,1,0.6848367927820816,1.4502309867704415,0.1649752982150063,1.829766022087647,27.750214871802882,0.460767871001159,350,345,350,74.47743615194307,0.9857142857142858,0.7574500000018247,1.5058000000038874,2.587247425408149,(gap/tau_g)^2+(speed/tau_v)^2+(lateral/tau_y)^2,False
nominal,1,2.4,3144,False,Proposed,service,1,aware,none,0.02,0.1,1,0.6903398954715292,1.463112090760067,0.165438691045675,1.7932276383442938,28.019127738393152,0.421524723633826,350,341,350,74.39430064307183,0.9742857142857143,0.9478999999963378,1.7995000000041728,2.623675436549768,(gap/tau_g)^2+(speed/tau_v)^2+(lateral/tau_y)^2,False
nominal,1,2.4,3145,False,Proposed,service,1,aware,none,0.02,0.1,1,0.7018140082405282,1.4783970706077,0.16552072250261787,1.738739309886294,28.21353069337883,0.40349303493606925,350,338,350,74.37399616155,0.9657142857142857,0.8822499999965316,1.9520999999969035,2.6756911463184765,(gap/tau_g)^2+(speed/tau_v)^2+(lateral/tau_y)^2,False
nominal,1,2.4,3146,False,Proposed,service,1,aware,none,0.02,0.1,1,0.6909286741776136,1.4629257957370516,0.16525342849551933,1.7244548689213532,28.056078163093005,0.4529260218948534,350,343,350,74.42305469990114,0.98,0.9630500000028519,6.698100000001261,2.62331149771826,(gap/tau_g)^2+(speed/tau_v)^2+(lateral/tau_y)^2,False
nominal,1,2.4,3147,False,Proposed,service,1,aware,none,0.02,0.1,1,0.6842313385199356,1.4620143789838422,0.165225526950165,1.709058445073188,28.18049419345037,0.4294666596395579,350,342,350,74.43032223065603,0.9771428571428571,0.8899000000006652,1.5281000000015865,2.605347683584733,(gap/tau_g)^2+(speed/tau_v)^2+(lateral/tau_y)^2,False
nominal,1,2.4,3148,False,Proposed,service,1,aware,none,0.02,0.1,1,0.6951531113335041,1.450243303862619,0.16514813967583294,1.8120617533429584,27.849400686228215,0.4222045809696099,350,346,350,74.44774515366618,0.9885714285714285,0.8643999999975449,1.4497999999960598,2.6140013111089324,(gap/tau_g)^2+(speed/tau_v)^2+(lateral/tau_y)^2,False
nominal,1,2.4,3149,False,Proposed,service,1,aware,none,0.02,0.1,1,0.7067898373314694,1.459339577686431,0.16498019296967886,1.847839530366088,27.7784244344909,0.409658316745521,350,339,350,74.47581506374739,0.9685714285714285,0.8945000000011305,1.5414000000006922,2.6551211709983056,(gap/tau_g)^2+(speed/tau_v)^2+(lateral/tau_y)^2,False
nominal,1,2.4,3150,False,Proposed,service,1,aware,none,0.02,0.1,1,0.6931505188097329,1.4633014808376095,0.16481527140964605,1.7102959869254448,27.95670517966714,0.45988041061005935,350,343,350,74.50776863588386,0.98,0.8611500000021977,1.573600000000397,2.625723875064905,(gap/tau_g)^2+(speed/tau_v)^2+(lateral/tau_y)^2,False
nominal,1,2.6,3101,False,Proposed,service,1,aware,none,0.02,0.1,1,0.6898430519755043,1.4976900077365707,0.1644295581149712,1.7104691899312678,33.42053509221532,0.49632009438269,350,340,350,74.5958631701736,0.9714285714285714,1.0335499999989395,69.36240000000282,2.6663681912296653,(gap/tau_g)^2+(speed/tau_v)^2+(lateral/tau_y)^2,False
nominal,1,2.6,3102,False,Proposed,service,1,aware,none,0.02,0.1,1,0.6958974944283692,1.513851783137346,0.16474254936568478,1.6925589863331905,33.167317171595045,0.4320438159535879,350,340,350,74.5310453579229,0.9714285714285714,0.873600000005581,1.5623999999974103,2.7086918272278684,(gap/tau_g)^2+(speed/tau_v)^2+(lateral/tau_y)^2,False
nominal,1,2.6,3103,False,Proposed,service,1,aware,none,0.02,0.1,1,0.6858298924387789,1.5084487416256744,0.164736152230512,1.7192790545527366,33.380467945824776,0.4528852518026323,350,345,350,74.52773180582406,0.9857142857142858,0.8201499999991313,2.022000000003743,2.6755775976613103,(gap/tau_g)^2+(speed/tau_v)^2+(lateral/tau_y)^2,False
nominal,1,2.6,3104,False,Proposed,service,1,aware,none,0.02,0.1,1,0.7036108424406761,1.5085320375129567,0.16481051068784894,1.7985009350660082,33.31885987102619,0.43321103121065474,350,343,350,74.51551200218292,0.98,0.7262499999960426,1.8051999999997292,2.7202394519729016,(gap/tau_g)^2+(speed/tau_v)^2+(lateral/tau_y)^2,False
nominal,1,2.6,3105,False,Proposed,service,1,aware,none,0.02,0.1,1,0.685932848310119,1.4973666234283125,0.16433537015745536,1.7654112387855814,33.38192676975903,0.4423717113878284,350,340,350,74.60548554327417,0.9714285714285714,0.9912999999990291,4.36099999999584,2.655536219159973,(gap/tau_g)^2+(speed/tau_v)^2+(lateral/tau_y)^2,False
nominal,1,2.6,3106,False,Proposed,service,1,aware,none,0.02,0.1,1,0.695518881167945,1.5089349352985997,0.1649808181693116,1.725446124641622,33.377035709550704,0.4624262071710832,350,344,350,74.48123440585827,0.9828571428571429,0.8819500000001312,1.3187999999999533,2.702136398077116,(gap/tau_g)^2+(speed/tau_v)^2+(lateral/tau_y)^2,False
nominal,1,2.6,3107,False,Proposed,service,1,aware,none,0.02,0.1,1,0.700671551754605,1.5158597290006854,0.1650449450392025,1.6443351922967508,33.204546845213045,0.48186456459137883,350,345,350,74.4686547298151,0.9857142857142858,0.9344499999990319,1.5393999999986363,2.7261417888592123,(gap/tau_g)^2+(speed/tau_v)^2+(lateral/tau_y)^2,False
nominal,1,2.6,3108,False,Proposed,service,1,aware,none,0.02,0.1,1,0.7005375454343791,1.5128582742239565,0.16521103623412398,1.7082606064888222,33.230651030913656,0.46824019242082826,350,343,350,74.44005470146945,0.98,0.8743000000031032,2.076199999997641,2.7225412483577442,(gap/tau_g)^2+(speed/tau_v)^2+(lateral/tau_y)^2,False
nominal,1,2.6,3109,False,Proposed,service,1,aware,none,0.02,0.1,1,0.7092538274823383,1.5074505025114469,0.16514597211409396,1.6649361486163383,33.62640108589418,0.48395880202641994,350,339,350,74.45339824027204,0.9685714285714285,0.9145000000003733,1.3110000000011723,2.735516234638536,(gap/tau_g)^2+(speed/tau_v)^2+(lateral/tau_y)^2,False
nominal,1,2.6,3110,False,Proposed,service,1,aware,none,0.02,0.1,1,0.6945214150009356,1.5011977895957727,0.16371981232844293,1.7781601928645665,33.18610597692858,0.44633446643086594,350,342,350,74.71986120651546,0.9771428571428571,0.8599999999958641,5.673000000001593,2.677426572397774,(gap/tau_g)^2+(speed/tau_v)^2+(lateral/tau_y)^2,False
nominal,1,2.6,3111,False,Proposed,service,1,aware,none,0.02,0.1,1,0.6881065548255966,1.510714437857943,0.16480605510576077,1.8275228592819028,32.84389237102298,0.39755579075005054,350,339,350,74.51778707812976,0.9685714285714285,1.0081499999969878,55.503199999996866,2.685204420865077,(gap/tau_g)^2+(speed/tau_v)^2+(lateral/tau_y)^2,False
nominal,1,2.6,3112,False,Proposed,service,1,aware,none,0.02,0.1,1,0.6913227313384834,1.5107264757922554,0.16424992275034878,1.6686846311816517,33.45531258606193,0.48189176541061074,350,344,350,74.61961740939186,0.9828571428571429,0.9557499999992558,14.483900000001881,2.688535100964544,(gap/tau_g)^2+(speed/tau_v)^2+(lateral/tau_y)^2,False
nominal,1,2.6,3113,False,Proposed,service,1,aware,none,0.02,0.1,1,0.6994917578502294,1.5063920618364401,0.1643477178635725,1.7007405064148722,33.34658210403613,0.47168598863195876,350,338,350,74.60171303813482,0.9657142857142857,0.7219999999996674,1.4754999999979646,2.7028647192044533,(gap/tau_g)^2+(speed/tau_v)^2+(lateral/tau_y)^2,False
nominal,1,2.6,3114,False,Proposed,service,1,aware,none,0.02,0.1,1,0.6892927287483657,1.5058437643106197,0.1640530486193196,1.8340029636116888,33.091565325231386,0.4505345354063469,350,342,350,74.65534481420949,0.9771428571428571,0.8504499999979487,5.387999999996396,2.6744219303367958,(gap/tau_g)^2+(speed/tau_v)^2+(lateral/tau_y)^2,False
nominal,1,2.6,3115,False,Proposed,service,1,aware,none,0.02,0.1,1,0.7042640123201335,1.5022453897210506,0.16439271619436507,1.7759741373746,33.18688783446158,0.4586869283187145,350,340,350,74.59120645473682,0.9714285714285714,0.7650499999982685,1.1837000000056719,2.7087787926519593,(gap/tau_g)^2+(speed/tau_v)^2+(lateral/tau_y)^2,False
nominal,1,2.6,3116,False,Proposed,service,1,aware,none,0.02,0.1,1,0.6961703047690427,1.514112811733449,0.165038980466409,1.7361917068698998,33.29481310822516,0.41074654030061264,350,345,350,74.47335900353342,0.9857142857142858,0.8055000000020129,1.3542999999955896,2.7122141701440006,(gap/tau_g)^2+(speed/tau_v)^2+(lateral/tau_y)^2,False
nominal,1,2.6,3117,False,Proposed,service,1,aware,none,0.02,0.1,1,0.6964464125448167,1.4977602873090397,0.1644376986300612,1.7153916182326514,33.24380655800506,0.48059850685265615,350,346,350,74.58455393109087,0.9885714285714285,0.9546000000000276,2.1802999999991357,2.68281660614293,(gap/tau_g)^2+(speed/tau_v)^2+(lateral/tau_y)^2,False
nominal,1,2.6,3118,False,Proposed,service,1,aware,none,0.02,0.1,1,0.6976570159388283,1.5088859634009748,0.16461124750522718,1.7285346658196705,32.95870689418625,0.4575930736021657,350,343,350,74.55181294981065,0.98,0.894249999998209,3.294799999999043,2.7043114474416257,(gap/tau_g)^2+(speed/tau_v)^2+(lateral/tau_y)^2,False
nominal,1,2.6,3119,False,Proposed,service,1,aware,none,0.02,0.1,1,0.6908444895307233,1.5073943820238895,0.1647975567444612,1.7379286374480458,33.344792129619975,0.42992142649368525,350,347,350,74.51610271227061,0.9914285714285714,0.8421499999968773,1.71100000000024,2.6867339615963854,(gap/tau_g)^2+(speed/tau_v)^2+(lateral/tau_y)^2,False
nominal,1,2.6,3120,False,Proposed,service,1,aware,none,0.02,0.1,1,0.6862608326083726,1.4902682776263916,0.16400737845606297,1.6898911777709336,33.66912662739329,0.4909239071793543,350,346,350,74.6637414175728,0.9885714285714285,1.0252999999984524,2.6191999999980453,2.6428239463205,(gap/tau_g)^2+(speed/tau_v)^2+(lateral/tau_y)^2,False
nominal,1,2.6,3121,False,Proposed,service,1,aware,none,0.02,0.1,1,0.6934597022291742,1.5231157979219117,0.16539606409468605,1.807258834837796,32.98265120669203,0.4431238546783538,350,342,350,74.40767366546895,0.9771428571428571,0.9192499999990389,1.9381999999978916,2.7224186619641935,(gap/tau_g)^2+(speed/tau_v)^2+(lateral/tau_y)^2,False
nominal,1,2.6,3122,False,Proposed,service,1,aware,none,0.02,0.1,1,0.692804636991,1.5108372571179356,0.16470618224565592,1.6706446633866485,33.28127050643257,0.4328489417689867,350,342,350,74.537319922193,0.9771428571428571,0.8665000000007694,10.116500000002304,2.6961045987664534,(gap/tau_g)^2+(speed/tau_v)^2+(lateral/tau_y)^2,False
nominal,1,2.6,3123,False,Proposed,service,1,aware,none,0.02,0.1,1,0.706859393660236,1.505747927105952,0.16531835648701743,1.7741488723756564,33.0524739974816,0.44990396517803566,350,346,350,74.42500804716208,0.9885714285714285,0.9735999999982425,1.6383999999973753,2.728294889035139,(gap/tau_g)^2+(speed/tau_v)^2+(lateral/tau_y)^2,False
nominal,1,2.6,3124,False,Proposed,service,1,aware,none,0.02,0.1,1,0.6951770477977168,1.4997724366321934,0.1647301211145804,1.738751227056825,33.616645443188034,0.4804824824829287,350,342,350,74.53096432985235,0.9771428571428571,0.8131999999996253,1.6413000000028433,2.6851598904951164,(gap/tau_g)^2+(speed/tau_v)^2+(lateral/tau_y)^2,False
nominal,1,2.6,3125,False,Proposed,service,1,aware,none,0.02,0.1,1,0.6808458655077116,1.5010534083776264,0.164435292594483,1.7819625988181467,33.52268626214702,0.43483882233320637,350,344,350,74.58759771660736,0.9828571428571429,0.8239500000009059,1.3774000000026376,2.6496370771101914,(gap/tau_g)^2+(speed/tau_v)^2+(lateral/tau_y)^2,False
nominal,1,2.6,3126,False,Proposed,service,1,aware,none,0.02,0.1,1,0.6864967186937921,1.506708383592278,0.1640889525519636,1.7473396114018156,33.38414704945473,0.4335027690210935,350,345,350,74.64687683407446,0.9857142857142858,0.9528999999979249,1.8115000000022974,2.6692067887231654,(gap/tau_g)^2+(speed/tau_v)^2+(lateral/tau_y)^2,False
nominal,1,2.6,3127,False,Proposed,service,1,aware,none,0.02,0.1,1,0.70303108136147,1.5156347075712677,0.1643284752430859,1.8602169985566257,33.235072713120914,0.3466845902000456,350,345,350,74.60421923176911,0.9857142857142858,0.9377999999991005,2.107299999998702,2.7257822383731014,(gap/tau_g)^2+(speed/tau_v)^2+(lateral/tau_y)^2,False
nominal,1,2.6,3128,False,Proposed,service,1,aware,none,0.02,0.1,1,0.7000502119625764,1.5044620231181633,0.16399224483611258,1.6003697246004434,33.333958791749275,0.4717599689526951,350,347,350,74.66969839877193,0.9914285714285714,0.8062499999965667,1.9447999999968602,2.6983714656287487,(gap/tau_g)^2+(speed/tau_v)^2+(lateral/tau_y)^2,False
nominal,1,2.6,3129,False,Proposed,service,1,aware,none,0.02,0.1,1,0.7040167934225466,1.4981801959514438,0.16478334655430435,1.7650568973912966,33.63559299700139,0.477852733516249,350,346,350,74.51929842591016,0.9885714285714285,0.8063499999977353,1.6449000000022806,2.7051513889054917,(gap/tau_g)^2+(speed/tau_v)^2+(lateral/tau_y)^2,False
nominal,1,2.6,3130,False,Proposed,service,1,aware,none,0.02,0.1,1,0.688892138290535,1.509038809560877,0.16503240816755593,1.7359363064699556,33.435108472384314,0.41612818583363287,350,340,350,74.47130267387573,0.9714285714285714,1.0014500000004034,1.7084999999994466,2.6864124015280795,(gap/tau_g)^2+(speed/tau_v)^2+(lateral/tau_y)^2,False
nominal,1,2.6,3131,False,Proposed,service,1,aware,none,0.02,0.1,1,0.7016474524899592,1.5218406435618337,0.16553667472362207,1.7196200612905859,33.51861343058672,0.40210679013277717,350,335,350,74.38020099969312,0.9571428571428572,0.9123000000030856,1.5468999999939115,2.7419081438264543,(gap/tau_g)^2+(speed/tau_v)^2+(lateral/tau_y)^2,False
nominal,1,2.6,3132,False,Proposed,service,1,aware,none,0.02,0.1,1,0.6862269804453665,1.5041298115740152,0.16415620449034682,1.694077757151198,33.46959177259236,0.4832457569567876,350,343,350,74.63711168284689,0.98,0.8833999999993125,2.905300000001887,2.6651393455893677,(gap/tau_g)^2+(speed/tau_v)^2+(lateral/tau_y)^2,False
nominal,1,2.6,3133,False,Proposed,service,1,aware,none,0.02,0.1,1,0.693575259467143,1.5052873727945033,0.16408289366264667,1.852503537553661,32.95878085743043,0.4365507033013777,350,345,350,74.65725669092926,0.9857142857142858,0.7795000000037078,1.7405999999979826,2.6843402920931805,(gap/tau_g)^2+(speed/tau_v)^2+(lateral/tau_y)^2,False
nominal,1,2.6,3134,False,Proposed,service,1,aware,none,0.02,0.1,1,0.7006909487052728,1.5126187608812356,0.16475875293145714,1.7621847541549376,33.32434869976863,0.4922153670620356,350,344,350,74.52304409843802,0.9828571428571429,0.9447000000015748,1.6923000000019783,2.718822676068405,(gap/tau_g)^2+(speed/tau_v)^2+(lateral/tau_y)^2,False
nominal,1,2.6,3135,False,Proposed,service,1,aware,none,0.02,0.1,1,0.7017746754279147,1.5110024559293866,0.1651854232970073,1.6753896638376864,33.41079903153074,0.47164050784224565,350,342,350,74.4468257381391,0.9771428571428571,0.8909500000022774,2.311200000001179,2.7225507215796556,(gap/tau_g)^2+(speed/tau_v)^2+(lateral/tau_y)^2,False
nominal,1,2.6,3136,False,Proposed,service,1,aware,none,0.02,0.1,1,0.7081069255410231,1.4978191442805928,0.16404972250531605,1.66780090454122,33.36139708786103,0.49915791460024805,350,344,350,74.65603116927774,0.9828571428571429,0.9003500000019926,3.1229000000010387,2.7088365397086216,(gap/tau_g)^2+(speed/tau_v)^2+(lateral/tau_y)^2,False
nominal,1,2.6,3137,False,Proposed,service,1,aware,none,0.02,0.1,1,0.6960442869096054,1.5092688727056973,0.1648033404219565,1.7841344771664458,33.57078821702501,0.44965428968326726,350,339,350,74.5150714442772,0.9685714285714285,0.9189999999996701,1.5934999999984711,2.702487190568563,(gap/tau_g)^2+(speed/tau_v)^2+(lateral/tau_y)^2,False
nominal,1,2.6,3138,False,Proposed,service,1,aware,none,0.02,0.1,1,0.6912392416756198,1.5118954319171343,0.16486402656368618,1.6850883788481434,33.525111622625666,0.4600323995364122,350,343,350,74.51033739735797,0.98,0.7829999999984238,1.5964000000039391,2.6951853564146697,(gap/tau_g)^2+(speed/tau_v)^2+(lateral/tau_y)^2,False
nominal,1,2.6,3139,False,Proposed,service,1,aware,none,0.02,0.1,1,0.7040915470732836,1.4891870386915806,0.16403425718769765,1.7202627058901059,33.363075527805734,0.47104983229884545,350,339,350,74.65697707278055,0.9685714285714285,0.729350000000295,2.0412000000007424,2.685473602604646,(gap/tau_g)^2+(speed/tau_v)^2+(lateral/tau_y)^2,False
nominal,1,2.6,3140,False,Proposed,service,1,aware,none,0.02,0.1,1,0.7122979390341452,1.4887962317528602,0.16397647342630062,1.7746277019871104,33.20294596842738,0.3881756901212752,350,342,350,74.67103144323019,0.9771428571428571,0.981749999997561,2.456500000000972,2.705069882615554,(gap/tau_g)^2+(speed/tau_v)^2+(lateral/tau_y)^2,False
nominal,1,2.6,3141,False,Proposed,service,1,aware,none,0.02,0.1,1,0.694864766365569,1.5208293047229817,0.1649650980699393,1.6729061938610446,33.49189459847461,0.4357492939095008,350,340,350,74.48474361868163,0.9714285714285714,0.771249999999668,1.8159999999980414,2.718776185462326,(gap/tau_g)^2+(speed/tau_v)^2+(lateral/tau_y)^2,False
nominal,1,2.6,3142,False,Proposed,service,1,aware,none,0.02,0.1,1,0.6925106619328171,1.4965659557833642,0.16467315806044253,1.623476396967912,33.52588136510828,0.47458159160002644,350,341,350,74.54307228609743,0.9742857142857143,0.9295499999986134,4.411900000000912,2.6732109315435064,(gap/tau_g)^2+(speed/tau_v)^2+(lateral/tau_y)^2,False
nominal,1,2.6,3143,False,Proposed,service,1,aware,none,0.02,0.1,1,0.6941357264512765,1.4942126497334156,0.16440836680055027,1.707676860767226,33.26863512541409,0.4722053125946174,350,343,350,74.5899632577784,0.98,0.8437000000043327,2.143799999998919,2.6714475829080024,(gap/tau_g)^2+(speed/tau_v)^2+(lateral/tau_y)^2,False
nominal,1,2.6,3144,False,Proposed,service,1,aware,none,0.02,0.1,1,0.7018942736403265,1.5045260656891881,0.1648340248143492,1.8047803281353139,33.39916131806828,0.35997208187868024,350,336,350,74.51258767602664,0.96,0.8915000000015993,1.8841999999992254,2.7099858071980423,(gap/tau_g)^2+(speed/tau_v)^2+(lateral/tau_y)^2,False
nominal,1,2.6,3145,False,Proposed,service,1,aware,none,0.02,0.1,1,0.7093081438847813,1.5214973574885224,0.16493406460180202,1.6854592477163068,33.40593402133673,0.4075020883532958,350,339,350,74.49242383579978,0.9685714285714285,1.0113499999988562,1.9094000000023925,2.75561230420812,(gap/tau_g)^2+(speed/tau_v)^2+(lateral/tau_y)^2,False
nominal,1,2.6,3146,False,Proposed,service,1,aware,none,0.02,0.1,1,0.6937410526104836,1.5095157442071812,0.1646654226513998,1.7372229412626226,32.67351541396951,0.4069866780923467,350,344,350,74.54126864254405,0.9828571428571429,0.7401999999991915,4.655400000004306,2.696040762282502,(gap/tau_g)^2+(speed/tau_v)^2+(lateral/tau_y)^2,False
nominal,1,2.6,3147,False,Proposed,service,1,aware,none,0.02,0.1,1,0.6904869615250966,1.506907864732897,0.16463568002933485,1.750186057139708,33.379309417461386,0.43497988324136294,350,345,350,74.5454380265983,0.9857142857142858,0.9144000000027575,1.7893000000057668,2.683774571218532,(gap/tau_g)^2+(speed/tau_v)^2+(lateral/tau_y)^2,False
nominal,1,2.6,3148,False,Proposed,service,1,aware,none,0.02,0.1,1,0.6915880416498671,1.4975263320200813,0.16453873607307842,1.7273582191174157,33.208269193170416,0.45910735936514335,350,340,350,74.56722817290836,0.9714285714285714,0.8592500000048631,1.966799999998159,2.6713014496924528,(gap/tau_g)^2+(speed/tau_v)^2+(lateral/tau_y)^2,False
nominal,1,2.6,3149,False,Proposed,service,1,aware,none,0.02,0.1,1,0.7065850069533793,1.5050681650812188,0.16438432159182548,1.709591876247051,33.58942764465186,0.46541357471113043,350,338,350,74.59443859321105,0.9657142857142857,0.7884999999987485,1.7301999999972395,2.718862364403219,(gap/tau_g)^2+(speed/tau_v)^2+(lateral/tau_y)^2,False
nominal,1,2.6,3150,False,Proposed,service,1,aware,none,0.02,0.1,1,0.701310641076616,1.5042730948795637,0.1642371653122663,1.7151534611910186,33.22315831561918,0.4526751918478581,350,343,350,74.6220128446895,0.98,1.0045500000011032,2.208199999998328,2.7032313177098666,(gap/tau_g)^2+(speed/tau_v)^2+(lateral/tau_y)^2,False
nominal,2,1.8,3101,True,Proposed,service,2,aware,none,0.02,0.1,1,0.6524532210544255,1.281725056063524,0.16679542959059454,1.983500237183296,11.808728342530891,0.4575874654738066,700,688,700,148.24243619254798,0.9828571428571429,0.9253500000028225,59.53179999999492,2.29048238011626,(gap/tau_g)^2+(speed/tau_v)^2+(lateral/tau_y)^2,False
nominal,2,1.8,3102,True,Proposed,service,2,aware,none,0.02,0.1,1,0.6608261926029019,1.292402179174089,0.16721415000343287,1.9955204873907504,11.554832639719272,0.4379078563345622,700,688,700,148.089116341432,0.9828571428571429,0.9106000000009828,2.2468000000017696,2.327549919714292,(gap/tau_g)^2+(speed/tau_v)^2+(lateral/tau_y)^2,False
nominal,2,1.8,3103,True,Proposed,service,2,aware,none,0.02,0.1,1,0.6543046892376853,1.2812164144078795,0.16717049381823937,1.9213700159012017,11.69624705402586,0.4466895994600427,700,694,700,148.09306177028682,0.9914285714285714,0.997850000000966,1.6571000000027425,2.2972499276104434,(gap/tau_g)^2+(speed/tau_v)^2+(lateral/tau_y)^2,False
nominal,2,1.8,3104,True,Proposed,service,2,aware,none,0.02,0.1,1,0.6618140419021459,1.287677284651992,0.16724271102762456,1.9647847471107254,11.960444370197528,0.44205398850946287,700,685,700,148.0676857311372,0.9785714285714285,0.9542999999965218,1.404900000004261,2.323891824642784,(gap/tau_g)^2+(speed/tau_v)^2+(lateral/tau_y)^2,False
nominal,2,1.8,3105,True,Proposed,service,2,aware,none,0.02,0.1,1,0.6513194565820147,1.2779201555737403,0.16667794808993988,2.0179300921484438,11.881563822480004,0.47205386654629156,700,682,700,148.27572679579197,0.9742857142857143,0.8528500000011263,6.147699999999645,2.281906119283504,(gap/tau_g)^2+(speed/tau_v)^2+(lateral/tau_y)^2,False
nominal,2,1.8,3106,True,Proposed,service,2,aware,none,0.02,0.1,1,0.6577757141213257,1.2841284210948838,0.16746135465147208,1.9322486545395992,11.916548688799828,0.4647682653103544,700,689,700,147.98659141794258,0.9842857142857143,0.8201999999961629,6.016200000004801,2.311591057141677,(gap/tau_g)^2+(speed/tau_v)^2+(lateral/tau_y)^2,False
nominal,2,1.8,3107,True,Proposed,service,2,aware,none,0.02,0.1,1,0.6643916464191393,1.29277501570158,0.1675305047967631,1.8878279183365283,11.774074735295486,0.4501685253641218,700,685,700,147.95571567866412,0.9785714285714285,1.0122999999992999,63.87269999999745,2.339089136385261,(gap/tau_g)^2+(speed/tau_v)^2+(lateral/tau_y)^2,False
nominal,2,1.8,3108,True,Proposed,service,2,aware,none,0.02,0.1,1,0.6589131557968424,1.287675495461997,0.1676931712066688,1.9756042579063764,11.933712140678303,0.4722815711986037,700,686,700,147.9092732508578,0.98,0.7534999999982972,2.8275999999962664,2.3208501926829372,(gap/tau_g)^2+(speed/tau_v)^2+(lateral/tau_y)^2,False
nominal,2,1.8,3109,True,Proposed,service,2,aware,none,0.02,0.1,1,0.6723669674733133,1.283970928399116,0.16760179713218148,1.8759759726527585,12.028361641919723,0.4680405915890461,700,689,700,147.92965755739223,0.9842857142857143,0.950349999996547,3.1851999999972236,2.3470650381785574,(gap/tau_g)^2+(speed/tau_v)^2+(lateral/tau_y)^2,False
nominal,2,1.8,3110,True,Proposed,service,2,aware,none,0.02,0.1,1,0.6559611922223739,1.282768716279808,0.1660342922489015,1.9611144140879078,11.789143226895213,0.4277313261438279,700,688,700,148.52115089835658,0.9828571428571429,0.7708499999985463,1.1190999999968199,2.29367447948682,(gap/tau_g)^2+(speed/tau_v)^2+(lateral/tau_y)^2,False
nominal,2,1.8,3111,True,Proposed,service,2,aware,none,0.02,0.1,1,0.6560695277406119,1.2833638718120783,0.16726323483545386,1.8921417273597376,11.822663477205147,0.473147900324974,700,693,700,148.06513307167617,0.99,0.7558500000008905,1.3647999999975013,2.3049464682731915,(gap/tau_g)^2+(speed/tau_v)^2+(lateral/tau_y)^2,False
nominal,2,1.8,3112,True,Proposed,service,2,aware,none,0.02,0.1,1,0.6588271675383008,1.2869000287466372,0.16665810288170133,1.9890740541463854,11.771726704624413,0.43755530063302617,700,691,700,148.28998396304917,0.9871428571428571,0.9025499999992803,1.7631999999991876,2.3109782207672955,(gap/tau_g)^2+(speed/tau_v)^2+(lateral/tau_y)^2,False
nominal,2,1.8,3113,True,Proposed,service,2,aware,none,0.02,0.1,1,0.6590691556397951,1.2878745426915053,0.16672331441170857,2.004039720848356,11.956389233426549,0.4368456899040499,700,686,700,148.2604567877663,0.98,0.885050000000831,11.644800000006228,2.3133688694540417,(gap/tau_g)^2+(speed/tau_v)^2+(lateral/tau_y)^2,False
nominal,2,1.8,3114,True,Proposed,service,2,aware,none,0.02,0.1,1,0.6608105338784094,1.2784387059547258,0.166414840808258,1.9849683784891852,11.809581450763993,0.4759384687469107,700,689,700,148.37956834626257,0.9842857142857143,0.89554999999919,1.4354999999994789,2.302531071642054,(gap/tau_g)^2+(speed/tau_v)^2+(lateral/tau_y)^2,False
nominal,2,1.8,3115,True,Proposed,service,2,aware,none,0.02,0.1,1,0.6586992357625026,1.2873961759160581,0.1668082624514644,2.0882784850846905,11.77463404988783,0.4052893868630446,700,685,700,148.22590429861208,0.9785714285714285,1.0229499999994118,1.709699999999259,2.312582047107287,(gap/tau_g)^2+(speed/tau_v)^2+(lateral/tau_y)^2,False
nominal,2,1.8,3116,True,Proposed,service,2,aware,none,0.02,0.1,1,0.6572003596984075,1.2910015944248903,0.16749354858696197,2.0304367071279543,11.798143278486116,0.4497279316426439,700,688,700,147.97521031375288,0.9828571428571429,0.8384000000027925,1.9100000000022987,2.3195458814705687,(gap/tau_g)^2+(speed/tau_v)^2+(lateral/tau_y)^2,False
nominal,2,1.8,3117,True,Proposed,service,2,aware,none,0.02,0.1,1,0.6564504684607372,1.2781221880713285,0.1668588703221473,1.9985581493029798,11.985238988530845,0.4500825980554999,700,690,700,148.21487732627762,0.9857142857142858,0.9068499999997925,1.7233000000018706,2.295607410418092,(gap/tau_g)^2+(speed/tau_v)^2+(lateral/tau_y)^2,False
nominal,2,1.8,3118,True,Proposed,service,2,aware,none,0.02,0.1,1,0.6647025615567307,1.2829686610190785,0.16704851405284005,1.9803653802776031,11.722954670409372,0.46019542448045336,700,694,700,148.14203243167714,0.9914285714285714,0.9075000000002831,4.166800000000137,2.322905108113445,(gap/tau_g)^2+(speed/tau_v)^2+(lateral/tau_y)^2,False
nominal,2,1.8,3119,True,Proposed,service,2,aware,none,0.02,0.1,1,0.6529181415901073,1.285560617998147,0.16723714291212385,2.024116343335882,11.758180878459513,0.4450658770351198,700,685,700,148.07187218052724,0.9785714285714285,0.8333999999976527,1.7041999999989343,2.3002739396510217,(gap/tau_g)^2+(speed/tau_v)^2+(lateral/tau_y)^2,False
nominal,2,1.8,3120,True,Proposed,service,2,aware,none,0.02,0.1,1,0.6550729560325782,1.269027600530898,0.16636776686601834,1.8886695865383294,11.918320351573769,0.4749273505003344,700,688,700,148.3978003704685,0.9828571428571429,0.874550000002472,1.8362999999936847,2.276485368728616,(gap/tau_g)^2+(speed/tau_v)^2+(lateral/tau_y)^2,False
nominal,2,1.8,3121,True,Proposed,service,2,aware,none,0.02,0.1,1,0.6590634351799759,1.2972749581444016,0.16792381801854275,2.0783601842965687,11.691939559851043,0.4267626247709252,700,685,700,147.82072586392897,0.9785714285714285,0.9639000000021269,1.785699999999224,2.335797805606734,(gap/tau_g)^2+(speed/tau_v)^2+(lateral/tau_y)^2,False
nominal,2,1.8,3122,True,Proposed,service,2,aware,none,0.02,0.1,1,0.6598856228452473,1.2851671098720943,0.16717405468771412,1.93093150061384,12.060837185817782,0.4668826582617115,700,685,700,148.10609481676585,0.9785714285714285,0.941750000002628,1.8341000000035024,2.315491599717376,(gap/tau_g)^2+(speed/tau_v)^2+(lateral/tau_y)^2,False
nominal,2,1.8,3123,True,Proposed,service,2,aware,none,0.02,0.1,1,0.6564418276391424,1.2896896430972464,0.167795970732125,2.1052041417258005,11.744907028662489,0.43944908564401075,700,685,700,147.86899544367853,0.9785714285714285,0.9770499999994797,1.8437999999960653,2.318581988454877,(gap/tau_g)^2+(speed/tau_v)^2+(lateral/tau_y)^2,False
nominal,2,1.8,3124,True,Proposed,service,2,aware,none,0.02,0.1,1,0.6554994369110523,1.2794976997502359,0.16716339037621458,1.905219132919439,11.920431786329452,0.4638803087071024,700,693,700,148.0998383496315,0.99,0.8257500000006246,1.6186000000004697,2.2977270951216013,(gap/tau_g)^2+(speed/tau_v)^2+(lateral/tau_y)^2,False
nominal,2,1.8,3125,True,Proposed,service,2,aware,none,0.02,0.1,1,0.6410281013609891,1.2852971603543641,0.16684042112544473,1.9899654085104097,11.982373479879058,0.4643999012046893,700,681,700,148.21741644239012,0.9728571428571429,0.8916999999968311,1.68430000000086,2.2692637353530776,(gap/tau_g)^2+(speed/tau_v)^2+(lateral/tau_y)^2,False
nominal,2,1.8,3126,True,Proposed,service,2,aware,none,0.02,0.1,1,0.6540508678389154,1.2867118559359372,0.1664542258869123,1.9571229423016554,11.7268727192495,0.47285161682020693,700,683,700,148.35290482048956,0.9757142857142858,0.7652000000000214,1.7161000000029958,2.2978853794197835,(gap/tau_g)^2+(speed/tau_v)^2+(lateral/tau_y)^2,False
nominal,2,1.8,3127,True,Proposed,service,2,aware,none,0.02,0.1,1,0.6565471557435448,1.2949985576112013,0.16673225421413335,1.9576014589365476,11.820638342283495,0.4597691124304647,700,689,700,148.2614374292675,0.9842857142857143,0.8654500000027099,1.4228000000002794,2.3169327292525645,(gap/tau_g)^2+(speed/tau_v)^2+(lateral/tau_y)^2,False
nominal,2,1.8,3128,True,Proposed,service,2,aware,none,0.02,0.1,1,0.6583051059591637,1.286524587353417,0.16637675001381869,1.9100216693131975,12.031187814774114,0.4339193659975146,700,687,700,148.40112286151177,0.9814285714285714,0.8166999999978941,1.387100000002306,2.3069203261111317,(gap/tau_g)^2+(speed/tau_v)^2+(lateral/tau_y)^2,False
nominal,2,1.8,3129,True,Proposed,service,2,aware,none,0.02,0.1,1,0.6486105079121074,1.283920421737752,0.167262285824207,2.0175566719762954,11.684110410792421,0.4737421933657596,700,682,700,148.06350700625293,0.9742857142857143,0.8859500000006904,2.2631000000004065,2.288366839196264,(gap/tau_g)^2+(speed/tau_v)^2+(lateral/tau_y)^2,False
nominal,2,1.8,3130,True,Proposed,service,2,aware,none,0.02,0.1,1,0.650010112570468,1.2862636137682397,0.16751676838993285,1.9280488753036213,11.937434004835808,0.44458231463648146,700,688,700,147.96373436228663,0.9828571428571429,0.8613500000045349,1.7534999999995193,2.2968006055274177,(gap/tau_g)^2+(speed/tau_v)^2+(lateral/tau_y)^2,False
nominal,2,1.8,3131,True,Proposed,service,2,aware,none,0.02,0.1,1,0.6593222104346214,1.296934986382698,0.16806910619780469,1.840485162648222,11.93627281873998,0.39532362255642195,699,675,699,147.5481054086087,0.9656652360515021,0.9277500000024475,1.6328000000029874,2.337174738565339,(gap/tau_g)^2+(speed/tau_v)^2+(lateral/tau_y)^2,False
nominal,2,1.8,3132,True,Proposed,service,2,aware,none,0.02,0.1,1,0.6523295389146005,1.2830847714346416,0.16655312888924254,1.9735199232025873,12.207055938181995,0.4653603540458279,700,685,700,148.33092450453657,0.9785714285714285,1.0232999999999493,2.0588000000003603,2.2899555120838935,(gap/tau_g)^2+(speed/tau_v)^2+(lateral/tau_y)^2,False
nominal,2,1.8,3133,True,Proposed,service,2,aware,none,0.02,0.1,1,0.655279578223212,1.2898524013019494,0.16642505916985026,2.0704515703836117,11.84192690759992,0.4345435586842733,700,690,700,148.37508566564654,0.9857142857142858,0.856449999997011,1.2413999999978387,2.3046311999568787,(gap/tau_g)^2+(speed/tau_v)^2+(lateral/tau_y)^2,False
nominal,2,1.8,3134,True,Proposed,service,2,aware,none,0.02,0.1,1,0.6601296309866026,1.2929734337719432,0.16723687799461018,2.0336460398454057,11.66610830527437,0.4778974501039249,700,681,700,148.07014782903676,0.9728571428571429,0.895150000001621,1.6753999999963298,2.326857697501507,(gap/tau_g)^2+(speed/tau_v)^2+(lateral/tau_y)^2,False
nominal,2,1.8,3135,True,Proposed,service,2,aware,none,0.02,0.1,1,0.6506403875394955,1.2903304655967445,0.16768579667421066,1.8761273830812741,11.63493258149942,0.4592324866272026,700,689,700,147.91733812225857,0.9842857142857143,0.8470000000002642,1.8383999999969092,2.3050206756810514,(gap/tau_g)^2+(speed/tau_v)^2+(lateral/tau_y)^2,False
nominal,2,1.8,3136,True,Proposed,service,2,aware,none,0.02,0.1,1,0.6564587996915823,1.2884579828281495,0.1663962173274075,2.0294853442206184,11.617010048965831,0.44300597263304886,700,687,700,148.38246255273725,0.9814285714285714,0.7654999999999745,1.6076999999938835,2.3053068326112847,(gap/tau_g)^2+(speed/tau_v)^2+(lateral/tau_y)^2,False
nominal,2,1.8,3137,True,Proposed,service,2,aware,none,0.02,0.1,1,0.6514002831129353,1.2922108921542341,0.16727943341413115,1.9391782589466506,11.860038241098465,0.4543499014558645,699,674,699,147.8434819686389,0.9642346208869814,0.9514499999987436,4.283200000003262,2.3058543900536943,(gap/tau_g)^2+(speed/tau_v)^2+(lateral/tau_y)^2,False
nominal,2,1.8,3138,True,Proposed,service,2,aware,none,0.02,0.1,1,0.6635056896449641,1.2855087817491446,0.16731705931003035,1.9346560790382932,11.734897610980752,0.44422121576594065,700,688,700,148.04646128077164,0.9828571428571429,0.7309000000041976,1.4554999999987217,2.3256524859313883,(gap/tau_g)^2+(speed/tau_v)^2+(lateral/tau_y)^2,False
nominal,2,1.8,3139,True,Proposed,service,2,aware,none,0.02,0.1,1,0.6606315626679682,1.2715918964176152,0.16641183816847527,1.966028955566344,12.035387884321217,0.454713352138032,700,681,700,148.37637710159834,0.9728571428571429,0.8695000000003006,1.9757999999967524,2.293177697228242,(gap/tau_g)^2+(speed/tau_v)^2+(lateral/tau_y)^2,False
nominal,2,1.8,3140,True,Proposed,service,2,aware,none,0.02,0.1,1,0.6588630547280201,1.278429812119316,0.16629359649024283,1.9133599457924395,11.762989792674503,0.48124065666898075,700,685,700,148.4266351590756,0.9785714285714285,0.9625499999970089,2.2292000000021517,2.296942039914584,(gap/tau_g)^2+(speed/tau_v)^2+(lateral/tau_y)^2,False
nominal,2,1.8,3141,True,Proposed,service,2,aware,none,0.02,0.1,1,0.6653006718184591,1.2904078900650502,0.16744912771514875,1.9389909326039259,11.764725565260463,0.4768932981796946,700,685,700,147.98804396675928,0.9785714285714285,0.9990500000007785,6.398200000006682,2.3374367332639943,(gap/tau_g)^2+(speed/tau_v)^2+(lateral/tau_y)^2,False
nominal,2,1.8,3142,True,Proposed,service,2,aware,none,0.02,0.1,1,0.6538517528364073,1.2764655634075794,0.1670862411952335,1.9584760963664285,11.820801500659357,0.4284736513377525,700,687,700,148.12884420722227,0.9814285714285714,0.7526500000025749,3.2872999999966623,2.2892929488802887,(gap/tau_g)^2+(speed/tau_v)^2+(lateral/tau_y)^2,False
nominal,2,1.8,3143,True,Proposed,service,2,aware,none,0.02,0.1,1,0.6451530800737103,1.2782449002498693,0.1668335699644432,2.00156262241204,12.001327510726554,0.465326493299726,700,685,700,148.22489787825816,0.9785714285714285,0.786600000001414,1.794799999998986,2.26941467075536,(gap/tau_g)^2+(speed/tau_v)^2+(lateral/tau_y)^2,False
nominal,2,1.8,3144,True,Proposed,service,2,aware,none,0.02,0.1,1,0.6516906471126572,1.2894628359445013,0.16725255761016267,1.9504577910052951,11.698564035331003,0.47681682525260694,700,690,700,148.06342335920363,0.9857142857142858,0.7521999999973161,2.149799999997981,2.3026825926812484,(gap/tau_g)^2+(speed/tau_v)^2+(lateral/tau_y)^2,False
nominal,2,1.8,3145,True,Proposed,service,2,aware,none,0.02,0.1,1,0.6654540898819515,1.3003522275981119,0.16742638261583428,1.9014681656411851,11.999462644515937,0.47168086144558063,700,691,700,148.00166825810476,0.9871428571428571,0.7514499999992097,1.8936000000024933,2.3507538564942374,(gap/tau_g)^2+(speed/tau_v)^2+(lateral/tau_y)^2,False
nominal,2,1.8,3146,True,Proposed,service,2,aware,none,0.02,0.1,1,0.6486797505281658,1.2925722861792817,0.16706880083104703,1.9094586755638412,11.897811272950747,0.465298307669311,700,688,700,148.12749887142076,0.9828571428571429,0.9284999999970012,5.805200000004618,2.298282528568391,(gap/tau_g)^2+(speed/tau_v)^2+(lateral/tau_y)^2,False
nominal,2,1.8,3147,True,Proposed,service,2,aware,none,0.02,0.1,1,0.6559227915729411,1.283103957657018,0.16707217707726227,1.9848078625340626,12.01841857599971,0.4722419962535418,700,687,700,148.13157138550267,0.9814285714285714,0.9050500000036266,1.4858999999987077,2.3026669445537933,(gap/tau_g)^2+(speed/tau_v)^2+(lateral/tau_y)^2,False
nominal,2,1.8,3148,True,Proposed,service,2,aware,none,0.02,0.1,1,0.6461089286657216,1.2841810761659063,0.1669666019330746,1.944266070271552,12.070013502865429,0.49278121038430645,700,679,700,148.1704724358949,0.97,0.97069999999988,1.7011999999994032,2.2804797671428605,(gap/tau_g)^2+(speed/tau_v)^2+(lateral/tau_y)^2,False
nominal,2,1.8,3149,True,Proposed,service,2,aware,none,0.02,0.1,1,0.6587299887021698,1.2889910786565564,0.16676670065473032,1.9671794185561429,11.663574443803007,0.41939359152808,700,677,700,148.24656621187643,0.9671428571428572,0.944399999998069,1.394900000001087,2.3144039470928197,(gap/tau_g)^2+(speed/tau_v)^2+(lateral/tau_y)^2,False
nominal,2,1.8,3150,True,Proposed,service,2,aware,none,0.02,0.1,1,0.6508179427736691,1.292998660270062,0.16660705412947371,1.9069482254473387,11.765636247040014,0.4704016118776079,700,687,700,148.3064624773938,0.9814285714285714,0.7395000000016694,1.6497000000015305,2.2999328353245794,(gap/tau_g)^2+(speed/tau_v)^2+(lateral/tau_y)^2,False
nominal,2,2.0,3101,True,Proposed,service,2,aware,none,0.02,0.1,1,0.6736498412194994,1.3469469789399269,0.16617123526851874,1.9600129697741606,17.193412213239938,0.425860134066259,700,685,700,148.48480587480202,0.9785714285714285,0.8324500000007617,53.29359999999639,2.4227308475349085,(gap/tau_g)^2+(speed/tau_v)^2+(lateral/tau_y)^2,False
nominal,2,2.0,3102,True,Proposed,service,2,aware,none,0.02,0.1,1,0.673428414639504,1.3600298239134108,0.16658186251196297,1.9900259348185119,17.433854442066895,0.4282894001406098,700,687,700,148.3364146502041,0.9814285714285714,0.7853999999980488,1.6535999999973683,2.443685367111983,(gap/tau_g)^2+(speed/tau_v)^2+(lateral/tau_y)^2,False
nominal,2,2.0,3103,True,Proposed,service,2,aware,none,0.02,0.1,1,0.6698899901673703,1.3476330488314994,0.1665417919408983,1.8415667957072297,17.05136255740053,0.49199008154080104,700,696,700,148.34169219242546,0.9942857142857143,0.9516000000004965,74.10079999999653,2.4177758108385246,(gap/tau_g)^2+(speed/tau_v)^2+(lateral/tau_y)^2,False
nominal,2,2.0,3104,True,Proposed,service,2,aware,none,0.02,0.1,1,0.6794405524257588,1.3546367005527347,0.1666145458602725,1.9422095333874843,17.363344369735167,0.44822075105715,700,682,700,148.31492820351644,0.9742857142857143,0.7968499999968515,1.9925000000000637,2.450947752475681,(gap/tau_g)^2+(speed/tau_v)^2+(lateral/tau_y)^2,False
nominal,2,2.0,3105,True,Proposed,service,2,aware,none,0.02,0.1,1,0.6674303981535815,1.3426810720588431,0.16606998383083255,1.9539501509645745,17.331047262191575,0.48189468877427466,700,682,700,148.5169769721055,0.9742857142857143,0.8912000000016462,5.6585999999967385,2.4012078805434776,(gap/tau_g)^2+(speed/tau_v)^2+(lateral/tau_y)^2,False
nominal,2,2.0,3106,True,Proposed,service,2,aware,none,0.02,0.1,1,0.67120833904579,1.3526943530528714,0.16682685677543327,1.86680889249171,17.121519325200254,0.47866231691140515,700,689,700,148.235828390441,0.9842857142857143,0.7763000000018394,1.3056999999960794,2.4302678272330738,(gap/tau_g)^2+(speed/tau_v)^2+(lateral/tau_y)^2,False
nominal,2,2.0,3107,True,Proposed,service,2,aware,none,0.02,0.1,1,0.6813273060499342,1.3586227090435934,0.16689927899684232,1.888047432122418,17.41167329906579,0.46150349258653733,700,686,700,148.2047781311128,0.98,0.8294000000006463,1.3041999999998666,2.463404035400182,(gap/tau_g)^2+(speed/tau_v)^2+(lateral/tau_y)^2,False
nominal,2,2.0,3108,True,Proposed,service,2,aware,none,0.02,0.1,1,0.680806288479052,1.3526556335515767,0.1670570588176209,1.9287056555897817,17.355611818469725,0.4722368728578523,700,686,700,148.15779403404468,0.98,0.9248500000005322,1.6528999999962934,2.455205356708989,(gap/tau_g)^2+(speed/tau_v)^2+(lateral/tau_y)^2,False
nominal,2,2.0,3109,True,Proposed,service,2,aware,none,0.02,0.1,1,0.686178639673855,1.3526779822733113,0.1669780494623852,1.8205378361407225,17.413002470920325,0.46943177121905366,700,688,700,148.1758874488438,0.9828571428571429,0.8714500000017722,8.562099999998907,2.4676322698764994,(gap/tau_g)^2+(speed/tau_v)^2+(lateral/tau_y)^2,False
nominal,2,2.0,3110,True,Proposed,service,2,aware,none,0.02,0.1,1,0.6686655438888528,1.3505977816848884,0.16542118645413822,2.001227268932596,17.286078708177932,0.41776884080683396,700,685,700,148.76207222153113,0.9785714285714285,0.8785500000030311,1.5365000000002738,2.409643458321463,(gap/tau_g)^2+(speed/tau_v)^2+(lateral/tau_y)^2,False
nominal,2,2.0,3111,True,Proposed,service,2,aware,none,0.02,0.1,1,0.6754613885487145,1.3492039944500058,0.16663844851715695,1.871010406059928,17.35636611962437,0.46514889382805524,700,689,700,148.30969713942324,0.9842857142857143,0.9312000000001319,2.0556999999996606,2.4340677478701407,(gap/tau_g)^2+(speed/tau_v)^2+(lateral/tau_y)^2,False
nominal,2,2.0,3112,True,Proposed,service,2,aware,none,0.02,0.1,1,0.6749647806298151,1.3523097365840924,0.16604199968259276,1.8541390740001313,17.098318417970404,0.439773712123939,700,688,700,148.53408701432156,0.9828571428571429,0.9555500000004713,1.9068000000004304,2.4321955578244996,(gap/tau_g)^2+(speed/tau_v)^2+(lateral/tau_y)^2,False
nominal,2,2.0,3113,True,Proposed,service,2,aware,none,0.02,0.1,1,0.675700065243268,1.3534435777768927,0.1661023136443929,1.9188376521233281,17.433508340180488,0.4101124969590708,700,686,700,148.50809957353988,0.98,0.7924000000016918,4.371800000001258,2.4360271857800537,(gap/tau_g)^2+(speed/tau_v)^2+(lateral/tau_y)^2,False
nominal,2,2.0,3114,True,Proposed,service,2,aware,none,0.02,0.1,1,0.6768923311798486,1.345938886556492,0.16583132383509985,1.972350894805101,17.51906547240177,0.43378142690159893,700,685,700,148.6113608154934,0.9785714285714285,0.7334000000014385,2.0408999999972366,2.426309622450253,(gap/tau_g)^2+(speed/tau_v)^2+(lateral/tau_y)^2,False
nominal,2,2.0,3115,True,Proposed,service,2,aware,none,0.02,0.1,1,0.6735311708160537,1.3545456339459503,0.16618291490675827,1.9942364495210472,17.182597776207388,0.44497322747799173,700,683,700,148.47122340511942,0.9757142857142858,0.7884499999981642,2.418300000002205,2.4330169993090887,(gap/tau_g)^2+(speed/tau_v)^2+(lateral/tau_y)^2,False
nominal,2,2.0,3116,True,Proposed,service,2,aware,none,0.02,0.1,1,0.6725837970058741,1.3582421954836694,0.16686864107829147,1.9282094057330479,17.344076809239233,0.45049083690160074,700,687,700,148.2217422299616,0.9814285714285714,0.8757000000017001,1.3038999999963607,2.441575719598812,(gap/tau_g)^2+(speed/tau_v)^2+(lateral/tau_y)^2,False
nominal,2,2.0,3117,True,Proposed,service,2,aware,none,0.02,0.1,1,0.666016947676516,1.3489404555203632,0.1662274242628412,1.8571029873484286,17.515713590790185,0.4873525147861808,700,691,700,148.46241461920982,0.9871428571428571,0.9428500000012718,1.5369999999990114,2.4077609820042003,(gap/tau_g)^2+(speed/tau_v)^2+(lateral/tau_y)^2,False
nominal,2,2.0,3118,True,Proposed,service,2,aware,none,0.02,0.1,1,0.6784177464676439,1.3519416563610682,0.1664205154451414,1.9353046595222814,16.995765489953804,0.46646634475902304,700,693,700,148.3852700905126,0.99,1.0269000000029394,1.7824999999973556,2.4431416497154657,(gap/tau_g)^2+(speed/tau_v)^2+(lateral/tau_y)^2,False
nominal,2,2.0,3119,True,Proposed,service,2,aware,none,0.02,0.1,1,0.6687826249466667,1.351497944563918,0.16660804989764283,1.9762906874884785,17.211618987599117,0.46706492385065956,700,686,700,148.31970792470162,0.98,1.0159999999999059,1.936000000000604,2.4210146571305735,(gap/tau_g)^2+(speed/tau_v)^2+(lateral/tau_y)^2,False
nominal,2,2.0,3120,True,Proposed,service,2,aware,none,0.02,0.1,1,0.6675260578359025,1.337096950656682,0.16576220364239708,1.833818706757436,17.37870090260553,0.49290875298170544,700,690,700,148.63723056188292,0.9857142857142858,0.9135500000034824,1.5903000000037082,2.3912468222387897,(gap/tau_g)^2+(speed/tau_v)^2+(lateral/tau_y)^2,False
nominal,2,2.0,3121,True,Proposed,service,2,aware,none,0.02,0.1,1,0.679159446077946,1.3627398213414155,0.16729589838868938,2.0299557590953645,17.13172985817264,0.43261675020548707,700,681,700,148.0716081696619,0.9728571428571429,0.8448999999970397,1.6669999999976426,2.467190868689221,(gap/tau_g)^2+(speed/tau_v)^2+(lateral/tau_y)^2,False
nominal,2,2.0,3122,True,Proposed,service,2,aware,none,0.02,0.1,1,0.671004860552698,1.3541345264577282,0.1665381774602967,1.8570690866254034,17.3668907174197,0.4727956408910533,700,690,700,148.35516816129754,0.9857142857142858,0.8866500000017652,1.9483000000022344,2.4293653359824887,(gap/tau_g)^2+(speed/tau_v)^2+(lateral/tau_y)^2,False
nominal,2,2.0,3123,True,Proposed,service,2,aware,none,0.02,0.1,1,0.6687817605725663,1.357691129101988,0.16716750132473382,2.013441525102966,17.2724379715864,0.4445389930842958,700,683,700,148.12096389004594,0.9757142857142858,0.9424500000001501,1.6800000000003479,2.43424134515856,(gap/tau_g)^2+(speed/tau_v)^2+(lateral/tau_y)^2,False
nominal,2,2.0,3124,True,Proposed,service,2,aware,none,0.02,0.1,1,0.6756040281425373,1.3436666528684522,0.1665411940009865,1.953368074881483,17.397806018138382,0.47237202578412596,700,688,700,148.3452980655728,0.9828571428571429,0.7904500000002201,1.6761999999985733,2.4259924435597893,(gap/tau_g)^2+(speed/tau_v)^2+(lateral/tau_y)^2,False
nominal,2,2.0,3125,True,Proposed,service,2,aware,none,0.02,0.1,1,0.6637944687072175,1.3471993336934172,0.16621263940983377,1.9104775445166784,17.157829306845258,0.4796213249774698,700,687,700,148.46301618849597,0.9814285714285714,0.7576000000035776,1.931999999996492,2.3999888671051277,(gap/tau_g)^2+(speed/tau_v)^2+(lateral/tau_y)^2,False
nominal,2,2.0,3126,True,Proposed,service,2,aware,none,0.02,0.1,1,0.6678621245389454,1.355881197061107,0.1658410076064836,1.8925661137831356,17.191894374646033,0.37770092518749576,700,681,700,148.59025311802276,0.9728571428571429,0.8087000000003286,1.3934999999989373,2.418506905436233,(gap/tau_g)^2+(speed/tau_v)^2+(lateral/tau_y)^2,False
nominal,2,2.0,3127,True,Proposed,service,2,aware,none,0.02,0.1,1,0.681945056031647,1.3558443174163994,0.16611767741840272,1.932036844437161,17.23762140886447,0.46476812872418016,700,685,700,148.5021738595767,0.9785714285714285,0.8939999999988402,2.6421999999968193,2.4545461629818535,(gap/tau_g)^2+(speed/tau_v)^2+(lateral/tau_y)^2,False
nominal,2,2.0,3128,True,Proposed,service,2,aware,none,0.02,0.1,1,0.6795450804361901,1.3515825135867563,0.16576872431477768,1.8523684176729986,17.502802714429087,0.4386619688346254,700,688,700,148.63951426412757,0.9828571428571429,0.950799999998253,1.8973000000030993,2.4399548766814023,(gap/tau_g)^2+(speed/tau_v)^2+(lateral/tau_y)^2,False
nominal,2,2.0,3129,True,Proposed,service,2,aware,none,0.02,0.1,1,0.6682704511207556,1.348863117787882,0.1666482779534833,1.931169450794851,17.276874528241393,0.47695323874370454,700,682,700,148.30619731514332,0.9742857142857143,0.7663499999992496,1.4377999999979352,2.4165022911914966,(gap/tau_g)^2+(speed/tau_v)^2+(lateral/tau_y)^2,False
nominal,2,2.0,3130,True,Proposed,service,2,aware,none,0.02,0.1,1,0.6711652577733369,1.349247904140519,0.16688549924848817,1.883212704934168,17.377211576511343,0.466344214475119,700,689,700,148.21298168157645,0.9842857142857143,0.8911000000004776,1.9629000000023211,2.4259031847572987,(gap/tau_g)^2+(speed/tau_v)^2+(lateral/tau_y)^2,False
nominal,2,2.0,3131,True,Proposed,service,2,aware,none,0.02,0.1,1,0.6756052232120024,1.3622834905301555,0.16742553254201728,1.7295066926178395,17.35443969513384,0.45798745150467235,699,678,699,147.80476816593193,0.9699570815450643,0.9471999999988157,2.0337999999995304,2.4590809659679915,(gap/tau_g)^2+(speed/tau_v)^2+(lateral/tau_y)^2,False
nominal,2,2.0,3132,True,Proposed,service,2,aware,none,0.02,0.1,1,0.6668356175807266,1.3513201766773841,0.16594744768644348,1.895102147172171,17.350026398465765,0.44881210111545955,700,688,700,148.57058501036,0.9828571428571429,0.9745000000016546,2.4718999999961966,2.410654307339742,(gap/tau_g)^2+(speed/tau_v)^2+(lateral/tau_y)^2,False
nominal,2,2.0,3133,True,Proposed,service,2,aware,none,0.02,0.1,1,0.6719793733178233,1.3539905457783143,0.16581089754436823,1.9593550889598133,17.302447425388657,0.4526519551284126,700,685,700,148.61970285032248,0.9785714285714285,1.0267500000047391,6.240599999998153,2.425450304255479,(gap/tau_g)^2+(speed/tau_v)^2+(lateral/tau_y)^2,False
nominal,2,2.0,3134,True,Proposed,service,2,aware,none,0.02,0.1,1,0.6772031558011368,1.3605777185253163,0.16660021861274532,1.8893553409676271,17.521573660447565,0.49008258837572305,700,685,700,148.31976157483342,0.9785714285714285,0.7561999999978752,1.9281999999947175,2.453662395619473,(gap/tau_g)^2+(speed/tau_v)^2+(lateral/tau_y)^2,False
nominal,2,2.0,3135,True,Proposed,service,2,aware,none,0.02,0.1,1,0.667255779000959,1.3572572900042672,0.16703556533984296,1.87381975285194,17.220796044719954,0.47767651747594553,700,688,700,148.16753475451605,0.9828571428571429,0.8952500000027896,1.604399999997952,2.4289135879924886,(gap/tau_g)^2+(speed/tau_v)^2+(lateral/tau_y)^2,False
nominal,2,2.0,3136,True,Proposed,service,2,aware,none,0.02,0.1,1,0.6687738810611449,1.3559237206674513,0.16580700357469574,1.9289728570144262,17.370355852712706,0.4668335958897072,700,690,700,148.61966688128888,0.9857142857142858,0.897949999998815,1.4741000000029203,2.420450359700128,(gap/tau_g)^2+(speed/tau_v)^2+(lateral/tau_y)^2,False
nominal,2,2.0,3137,True,Proposed,service,2,aware,none,0.02,0.1,1,0.6741065662907497,1.3566985939976681,0.1666217100531808,1.8505969103290432,17.267225916686428,0.4772064970457015,699,679,699,148.09806451575741,0.9713876967095851,0.9425999999983503,8.606899999996642,2.4410245219105424,(gap/tau_g)^2+(speed/tau_v)^2+(lateral/tau_y)^2,False
nominal,2,2.0,3138,True,Proposed,service,2,aware,none,0.02,0.1,1,0.677135552977535,1.3568253159850805,0.16666732192981112,1.9344961595921442,17.05955472799964,0.45616949448212674,700,687,700,148.29790164910776,0.9814285714285714,0.8087000000038813,1.7154999999959841,2.4488562674378627,(gap/tau_g)^2+(speed/tau_v)^2+(lateral/tau_y)^2,False
nominal,2,2.0,3139,True,Proposed,service,2,aware,none,0.02,0.1,1,0.6756346033487338,1.3388704224600378,0.16580853090281714,1.9202973397065655,17.424616346484584,0.46362693677119915,700,678,700,148.61415101232376,0.9685714285714285,0.8418500000004769,1.6111999999992577,2.413414062570672,(gap/tau_g)^2+(speed/tau_v)^2+(lateral/tau_y)^2,False
nominal,2,2.0,3140,True,Proposed,service,2,aware,none,0.02,0.1,1,0.6786244812571994,1.3407509951276235,0.16568015773720107,1.89593937182491,17.20321487614001,0.4852045615899965,700,684,700,148.6672248383804,0.9771428571428571,0.7814000000010424,1.7838999999995053,2.422119583758707,(gap/tau_g)^2+(speed/tau_v)^2+(lateral/tau_y)^2,False
nominal,2,2.0,3141,True,Proposed,service,2,aware,none,0.02,0.1,1,0.6800137476542447,1.3587131684182001,0.16681108811903125,1.8515139631646838,17.101747249431874,0.4748113514853308,700,692,700,148.23794580592553,0.9885714285714285,0.8002000000004728,1.8347000000034086,2.459614668699457,(gap/tau_g)^2+(speed/tau_v)^2+(lateral/tau_y)^2,False
nominal,2,2.0,3142,True,Proposed,service,2,aware,none,0.02,0.1,1,0.6703403717266325,1.3416735986750103,0.1664666873401062,1.897122844878828,17.445818293392506,0.42288854732078984,700,685,700,148.37461423190913,0.9785714285714285,1.07770000000329,5.695800000005136,2.410046709397707,(gap/tau_g)^2+(speed/tau_v)^2+(lateral/tau_y)^2,False
nominal,2,2.0,3143,True,Proposed,service,2,aware,none,0.02,0.1,1,0.6635495957616114,1.343756597957243,0.1662009794570118,1.935568593286982,17.085179861470515,0.4773491539451583,700,686,700,148.4730679279916,0.98,0.9292499999986603,1.5907000000012772,2.394587478419047,(gap/tau_g)^2+(speed/tau_v)^2+(lateral/tau_y)^2,False
nominal,2,2.0,3144,True,Proposed,service,2,aware,none,0.02,0.1,1,0.6766026786589758,1.3495828921428117,0.1666287703351685,1.972278653437876,17.059367611692274,0.4523323282889474,700,683,700,148.3100042211906,0.9757142857142858,0.9086499999995112,1.8479999999954089,2.4372521129152585,(gap/tau_g)^2+(speed/tau_v)^2+(lateral/tau_y)^2,False
nominal,2,2.0,3145,True,Proposed,service,2,aware,none,0.02,0.1,1,0.6840160754129644,1.3652706815056521,0.16678106624545497,1.8739740868364418,17.39584139252345,0.47591494603211104,700,689,700,148.2565478526031,0.9842857142857143,0.9227000000002761,1.5325000000032674,2.478183255363475,(gap/tau_g)^2+(speed/tau_v)^2+(lateral/tau_y)^2,False
nominal,2,2.0,3146,True,Proposed,service,2,aware,none,0.02,0.1,1,0.6671534675019656,1.3573075385217044,0.16645309043982226,1.9039792006336598,17.380723956177746,0.47313882064564095,700,685,700,148.36934152564768,0.9785714285714285,0.810449999999463,6.138999999997452,2.4238842501611177,(gap/tau_g)^2+(speed/tau_v)^2+(lateral/tau_y)^2,False
nominal,2,2.0,3147,True,Proposed,service,2,aware,none,0.02,0.1,1,0.671161922631981,1.3498329181410813,0.16646733055616345,1.9260659497614223,17.478677332305402,0.454113470393226,700,690,700,148.3709203118087,0.9857142857142858,0.8037999999999101,4.813999999996099,2.423215895268665,(gap/tau_g)^2+(speed/tau_v)^2+(lateral/tau_y)^2,False
nominal,2,2.0,3148,True,Proposed,service,2,aware,none,0.02,0.1,1,0.6686166918246746,1.3446628277023056,0.16634358309406788,1.9118938278908253,17.391396250369688,0.45163267502982674,700,680,700,148.41758100957975,0.9714285714285714,0.9057999999981803,2.140099999998313,2.409016434737124,(gap/tau_g)^2+(speed/tau_v)^2+(lateral/tau_y)^2,False
nominal,2,2.0,3149,True,Proposed,service,2,aware,none,0.02,0.1,1,0.6738444300239534,1.3554106580680567,0.16615081468667503,1.89010402592225,16.64210564876035,0.42996683424895243,700,684,700,148.48930030089215,0.9771428571428571,0.9239500000006728,54.661400000000526,2.434696669180261,(gap/tau_g)^2+(speed/tau_v)^2+(lateral/tau_y)^2,False
nominal,2,2.0,3150,True,Proposed,service,2,aware,none,0.02,0.1,1,0.6704368452046483,1.3565607404184101,0.16599894970519066,1.8366640532393894,17.327792366780834,0.4811724847190011,700,684,700,148.54504324059263,0.9771428571428571,0.8914000000039835,1.4522999999968533,2.4268833829477003,(gap/tau_g)^2+(speed/tau_v)^2+(lateral/tau_y)^2,False
nominal,2,2.2,3101,False,Proposed,service,2,aware,none,0.02,0.1,1,0.6792090770086948,1.405984025773962,0.16556153432872678,1.8679752984356124,22.77064352096108,0.47763730033816654,700,681,700,148.72503005420168,0.9728571428571429,0.8356999999996617,47.922599999999704,2.513965699673657,(gap/tau_g)^2+(speed/tau_v)^2+(lateral/tau_y)^2,False
nominal,2,2.2,3102,False,Proposed,service,2,aware,none,0.02,0.1,1,0.6878343627128005,1.4174602477746592,0.1659532564259595,1.931438140914972,22.785360662783823,0.46068550842979994,700,690,700,148.58301525011626,0.9857142857142858,0.8647499999980823,1.2836000000007175,2.554706142617506,(gap/tau_g)^2+(speed/tau_v)^2+(lateral/tau_y)^2,False
nominal,2,2.2,3103,False,Proposed,service,2,aware,none,0.02,0.1,1,0.6821807250893456,1.404353719459511,0.16592694816980444,1.834405875843814,22.75582600520068,0.4692871016007456,700,694,700,148.58547563797978,0.9914285714285714,0.7532000000018968,1.3198999999985972,2.521848480742336,(gap/tau_g)^2+(speed/tau_v)^2+(lateral/tau_y)^2,False
nominal,2,2.2,3104,False,Proposed,service,2,aware,none,0.02,0.1,1,0.6911446438537694,1.4108697569960207,0.16599600870846873,1.869739093474321,22.653538415832124,0.4577277227733003,700,684,700,148.55869351895814,0.9771428571428571,0.7786000000002957,1.7767000000006306,2.5536659005785767,(gap/tau_g)^2+(speed/tau_v)^2+(lateral/tau_y)^2,False
nominal,2,2.2,3105,False,Proposed,service,2,aware,none,0.02,0.1,1,0.6771248577532465,1.402058436259909,0.16546776796871965,1.9128391513553549,22.858343767559987,0.4928847714098592,700,680,700,148.75311764509556,0.9714285714285714,0.852800000000542,3.1810999999990486,2.5025400262692874,(gap/tau_g)^2+(speed/tau_v)^2+(lateral/tau_y)^2,False
nominal,2,2.2,3106,False,Proposed,service,2,aware,none,0.02,0.1,1,0.6815540029254117,1.4116306088210278,0.16620207387430194,1.8102936009650976,22.6844436401827,0.49451304004896546,700,691,700,148.48186836775045,0.9871428571428571,0.7895999999973924,1.5626999999938107,2.533068376693583,(gap/tau_g)^2+(speed/tau_v)^2+(lateral/tau_y)^2,False
nominal,2,2.2,3107,False,Proposed,service,2,aware,none,0.02,0.1,1,0.6851411501255001,1.4214461605362925,0.16626360775051038,1.8274955793428047,22.654298322128405,0.45951545311361053,700,687,700,148.4560038398857,0.9814285714285714,0.9157500000007701,1.582700000000159,2.5564833080632523,(gap/tau_g)^2+(speed/tau_v)^2+(lateral/tau_y)^2,False
nominal,2,2.2,3108,False,Proposed,service,2,aware,none,0.02,0.1,1,0.6880211893734781,1.4139436616192582,0.16642519676387924,1.8911478628345744,22.740734565752412,0.44626905480574397,700,686,700,148.40456239602153,0.98,0.8806000000021186,2.433100000004629,2.5540046454906475,(gap/tau_g)^2+(speed/tau_v)^2+(lateral/tau_y)^2,False
nominal,2,2.2,3109,False,Proposed,service,2,aware,none,0.02,0.1,1,0.6967798141083038,1.4121938205385913,0.16636110688029027,1.8015397925537744,22.79316199021111,0.48301504994594036,700,689,700,148.4204019372613,0.9842857142857143,0.797550000001479,7.303199999995513,2.5725109136189843,(gap/tau_g)^2+(speed/tau_v)^2+(lateral/tau_y)^2,False
nominal,2,2.2,3110,False,Proposed,service,2,aware,none,0.02,0.1,1,0.682434569886242,1.4061366874933539,0.1648555053091078,1.9304048221802146,22.575027681264714,0.42209788106879587,700,685,700,148.9872628442938,0.9785714285714285,0.7290000000033103,1.7670000000009622,2.516160581463426,(gap/tau_g)^2+(speed/tau_v)^2+(lateral/tau_y)^2,False
nominal,2,2.2,3111,False,Proposed,service,2,aware,none,0.02,0.1,1,0.6809589356040777,1.4089399205374011,0.1660206067097357,1.7369653889181156,22.530736299449877,0.4606000991905034,700,687,700,148.55425548189234,0.9814285714285714,0.7799500000018611,1.862099999996758,2.5262477103893763,(gap/tau_g)^2+(speed/tau_v)^2+(lateral/tau_y)^2,False
nominal,2,2.2,3112,False,Proposed,service,2,aware,none,0.02,0.1,1,0.6849545536686236,1.4108615468408556,0.1654416013970887,1.7519705219253454,22.666242322932796,0.4982692422213141,700,687,700,148.76911999651048,0.9814285714285714,0.9604000000003055,2.095000000004177,2.533916867100497,(gap/tau_g)^2+(speed/tau_v)^2+(lateral/tau_y)^2,False
nominal,2,2.2,3113,False,Proposed,service,2,aware,none,0.02,0.1,1,0.6911418302602679,1.4096936062663536,0.16549814835954635,1.8939389222395928,22.579498338897373,0.442096162012365,700,684,700,148.74187364796413,0.9771428571428571,0.995949999996526,2.265800000003537,2.547840486614011,(gap/tau_g)^2+(speed/tau_v)^2+(lateral/tau_y)^2,False
nominal,2,2.2,3114,False,Proposed,service,2,aware,none,0.02,0.1,1,0.6829339790227363,1.4057711419528744,0.16521098537855589,1.8888062300091133,22.83833980940308,0.4584662018429333,700,689,700,148.85549636564528,0.9842857142857143,1.056800000000635,1.8673999999947455,2.5197816808968634,(gap/tau_g)^2+(speed/tau_v)^2+(lateral/tau_y)^2,False
nominal,2,2.2,3115,False,Proposed,service,2,aware,none,0.02,0.1,1,0.6832934659743726,1.4126955112929158,0.16558436651406952,1.9275427840069201,22.30429270483519,0.4166831581058038,700,682,700,148.70783136922586,0.9742857142857143,0.7913000000030479,1.6977000000011344,2.5336998349065833,(gap/tau_g)^2+(speed/tau_v)^2+(lateral/tau_y)^2,False
nominal,2,2.2,3116,False,Proposed,service,2,aware,none,0.02,0.1,1,0.6852626230818865,1.4151665138034877,0.16625326204113636,1.863661583819057,22.581574040469874,0.44571911862992986,700,685,700,148.46782598415675,0.9785714285714285,0.810050000001894,1.6486999999969498,2.5476050190178356,(gap/tau_g)^2+(speed/tau_v)^2+(lateral/tau_y)^2,False
nominal,2,2.2,3117,False,Proposed,service,2,aware,none,0.02,0.1,1,0.6766289866993342,1.4044358835388395,0.1656376521465769,1.833219163302309,22.74574228539437,0.455900416853931,700,689,700,148.6996616375086,0.9842857142857143,0.9849499999994293,1.7697999999981562,2.5061570966029216,(gap/tau_g)^2+(speed/tau_v)^2+(lateral/tau_y)^2,False
nominal,2,2.2,3118,False,Proposed,service,2,aware,none,0.02,0.1,1,0.6867319804011943,1.4104555339558456,0.16580388702634374,1.824543194553492,22.39206800242659,0.49673566137098457,700,694,700,148.632155884253,0.9914285714285714,0.868399999998104,1.3187999999999533,2.5406669206585533,(gap/tau_g)^2+(speed/tau_v)^2+(lateral/tau_y)^2,False
nominal,2,2.2,3119,False,Proposed,service,2,aware,none,0.02,0.1,1,0.6845767513222352,1.4077302717164688,0.16599391986048567,1.8888696450174196,22.709070858953872,0.45923047411253926,700,685,700,148.55984238226347,0.9785714285714285,0.8573999999974546,2.9359999999982733,2.533070519971602,(gap/tau_g)^2+(speed/tau_v)^2+(lateral/tau_y)^2,False
nominal,2,2.2,3120,True,Proposed,service,2,aware,none,0.02,0.1,1,0.6818562268439082,1.3930618496201888,0.16516664289301033,1.7939495302940505,22.772424919511067,0.4980305873474363,700,693,700,148.86825961051457,0.99,0.8180499999994595,1.8050000000044975,2.498651928813002,(gap/tau_g)^2+(speed/tau_v)^2+(lateral/tau_y)^2,False
nominal,2,2.2,3121,False,Proposed,service,2,aware,none,0.02,0.1,1,0.688002789394319,1.4229493462034641,0.16664300031654278,1.9603849726458331,22.677816192900742,0.48807928392797173,700,686,700,148.32676792202955,0.98,0.8621499999996729,1.4237000000036915,2.568807997544468,(gap/tau_g)^2+(speed/tau_v)^2+(lateral/tau_y)^2,False
nominal,2,2.2,3122,False,Proposed,service,2,aware,none,0.02,0.1,1,0.6819910169773324,1.412586779136375,0.1659138651427443,1.8022377664302967,22.96696916337654,0.47487308003828244,700,689,700,148.60073059716137,0.9842857142857143,0.8444499999988864,1.606999999999914,2.533112537746443,(gap/tau_g)^2+(speed/tau_v)^2+(lateral/tau_y)^2,False
nominal,2,2.2,3123,False,Proposed,service,2,aware,none,0.02,0.1,1,0.6828566374922892,1.4153579432713084,0.1665331773887672,1.9256074569088169,22.723356109800214,0.43331239309875635,700,685,700,148.36690773128356,0.9785714285714285,0.9324500000005287,2.0009999999999195,2.544358404680671,(gap/tau_g)^2+(speed/tau_v)^2+(lateral/tau_y)^2,False
nominal,2,2.2,3124,False,Proposed,service,2,aware,none,0.02,0.1,1,0.6854941740769149,1.4019133574094942,0.1659323652957854,1.874704721975486,22.877157439363444,0.43991818064345756,700,688,700,148.5854504485258,0.9828571428571429,0.8793999999987534,1.7385999999959267,2.5264557822127895,(gap/tau_g)^2+(speed/tau_v)^2+(lateral/tau_y)^2,False
nominal,2,2.2,3125,False,Proposed,service,2,aware,none,0.02,0.1,1,0.6718264462308347,1.405406132632288,0.16561021323843347,1.8948482102879056,22.617539718500247,0.4684985241323272,700,686,700,148.70164337675527,0.98,0.7655500000005588,1.6996000000020217,2.495807901944297,(gap/tau_g)^2+(speed/tau_v)^2+(lateral/tau_y)^2,False
nominal,2,2.2,3126,False,Proposed,service,2,aware,none,0.02,0.1,1,0.6761599533501547,1.4124729309013793,0.16525624132670816,1.852843173103164,22.684636222233372,0.387508046299617,700,679,700,148.8240999391168,0.97,0.7972499999979732,1.8004000000004794,2.513424759670269,(gap/tau_g)^2+(speed/tau_v)^2+(lateral/tau_y)^2,False
nominal,2,2.2,3127,False,Proposed,service,2,aware,none,0.02,0.1,1,0.684463576501072,1.4180576708707637,0.16551188427807417,1.8008869952773565,22.33297549786132,0.48960599298382,700,687,700,148.74388407030446,0.9814285714285714,0.961449999998365,1.9035000000044988,2.54368943578542,(gap/tau_g)^2+(speed/tau_v)^2+(lateral/tau_y)^2,False
nominal,2,2.2,3128,False,Proposed,service,2,aware,none,0.02,0.1,1,0.6892370785460854,1.4107780041150197,0.16514781240556467,1.8400971988976647,22.730401402207562,0.4522543170171398,700,686,700,148.88036558312504,0.98,0.9585500000000025,1.3655999999997448,2.5418307494620613,(gap/tau_g)^2+(speed/tau_v)^2+(lateral/tau_y)^2,False
nominal,2,2.2,3129,False,Proposed,service,2,aware,none,0.02,0.1,1,0.679308671913584,1.4088498417736266,0.16602021797631536,1.882720749754675,22.858721699688424,0.4598189105106023,700,684,700,148.5514302077417,0.9771428571428571,1.0481499999990262,9.502900000001091,2.5221242259794066,(gap/tau_g)^2+(speed/tau_v)^2+(lateral/tau_y)^2,False
nominal,2,2.2,3130,False,Proposed,service,2,aware,none,0.02,0.1,1,0.6840836384843174,1.4068595776228685,0.16625458830424256,1.8447924842353123,22.514437109076006,0.48766398514010045,700,686,700,148.46116220724352,0.98,0.8924499999984903,1.56549999999811,2.5327855281829983,(gap/tau_g)^2+(speed/tau_v)^2+(lateral/tau_y)^2,False
nominal,2,2.2,3131,False,Proposed,service,2,aware,none,0.02,0.1,1,0.684726395670027,1.422994481345875,0.1667816138188748,1.745809988702138,22.63785279191275,0.41677661084539863,699,680,699,148.05695938245907,0.9728183118741058,0.8766000000015595,1.2343999999941957,2.5620332275366717,(gap/tau_g)^2+(speed/tau_v)^2+(lateral/tau_y)^2,False
nominal,2,2.2,3132,False,Proposed,service,2,aware,none,0.02,0.1,1,0.6783351354074462,1.407166846645182,0.16533965797245334,1.8263407003274663,22.73429716823916,0.49400442347218776,700,684,700,148.81005550653762,0.9771428571428571,0.8888000000020213,1.9533999999978846,2.5117187202041475,(gap/tau_g)^2+(speed/tau_v)^2+(lateral/tau_y)^2,False
nominal,2,2.2,3133,False,Proposed,service,2,aware,none,0.02,0.1,1,0.6811848374662159,1.4117280919016995,0.16520589973471417,1.908912559008229,22.622576187668116,0.4572460964479381,700,684,700,148.85475908650213,0.9771428571428571,0.955100000002318,5.278600000004019,2.5240609411593895,(gap/tau_g)^2+(speed/tau_v)^2+(lateral/tau_y)^2,False
nominal,2,2.2,3134,False,Proposed,service,2,aware,none,0.02,0.1,1,0.6827656288774705,1.4207246754241283,0.16598083325344387,1.8041081522850193,22.71899641166865,0.49557020499619386,700,684,700,148.56652664245834,0.9771428571428571,0.9551999999999339,2.0328999999961184,2.5473114614083436,(gap/tau_g)^2+(speed/tau_v)^2+(lateral/tau_y)^2,False
nominal,2,2.2,3135,False,Proposed,service,2,aware,none,0.02,0.1,1,0.6803860879519885,1.4135525156993576,0.16641453344039545,1.8264563674399557,22.80802612784801,0.4447141133435679,700,686,700,148.41162430479466,0.98,0.7390999999969949,1.3347000000010212,2.534777554067032,(gap/tau_g)^2+(speed/tau_v)^2+(lateral/tau_y)^2,False
nominal,2,2.2,3136,False,Proposed,service,2,aware,none,0.02,0.1,1,0.6833071016643857,1.410154456930036,0.16520571838011572,1.892250337530721,22.773514318225118,0.4631526315972385,700,686,700,148.8572945769246,0.98,0.8050000000032753,1.9464999999954102,2.5269419351246603,(gap/tau_g)^2+(speed/tau_v)^2+(lateral/tau_y)^2,False
nominal,2,2.2,3137,False,Proposed,service,2,aware,none,0.02,0.1,1,0.6797126404115185,1.4180945163612657,0.16602160554721163,1.8247168059796193,22.66555558002007,0.4629828784024097,699,680,699,148.3358076345504,0.9728183118741058,0.867549999998829,5.757699999996646,2.536445513112577,(gap/tau_g)^2+(speed/tau_v)^2+(lateral/tau_y)^2,False
nominal,2,2.2,3138,False,Proposed,service,2,aware,none,0.02,0.1,1,0.6901193854144095,1.4131710500455632,0.16605517368406814,1.9195290437528227,22.514958553584123,0.4551082141288285,700,685,700,148.53861246295347,0.9785714285714285,0.9314500000030534,1.485000000002401,2.5549552294642837,(gap/tau_g)^2+(speed/tau_v)^2+(lateral/tau_y)^2,False
nominal,2,2.2,3139,True,Proposed,service,2,aware,none,0.02,0.1,1,0.6864291249631356,1.3969948827595668,0.16518513314048283,1.8742587373229105,22.681051226004506,0.4646764350891047,700,677,700,148.85369121199184,0.9671428571428572,0.8912999999992621,1.8290999999948099,2.515526910103291,(gap/tau_g)^2+(speed/tau_v)^2+(lateral/tau_y)^2,False
nominal,2,2.2,3140,False,Proposed,service,2,aware,none,0.02,0.1,1,0.6875034888415172,1.4005181601070045,0.16508735930690857,1.8558653171743373,22.5710239819135,0.47746175199206087,700,685,700,148.89749729953493,0.9785714285714285,1.0002499999970382,1.6406000000017684,2.522372576860823,(gap/tau_g)^2+(speed/tau_v)^2+(lateral/tau_y)^2,False
nominal,2,2.2,3141,False,Proposed,service,2,aware,none,0.02,0.1,1,0.6881101377634866,1.4186804891492923,0.16618022443731756,1.8340185692526478,22.58403247482046,0.49198838131504485,700,688,700,148.4862397530346,0.9828571428571429,0.760299999999603,1.6972000000023968,2.5590310165360064,(gap/tau_g)^2+(speed/tau_v)^2+(lateral/tau_y)^2,False
nominal,2,2.2,3142,True,Proposed,service,2,aware,none,0.02,0.1,1,0.6821529090017636,1.398339222537542,0.16586332254256453,1.8298095069904776,22.97338293070247,0.450635439047537,700,687,700,148.61259749332436,0.9814285714285714,0.9575999999995588,6.234499999997922,2.5126528521419997,(gap/tau_g)^2+(speed/tau_v)^2+(lateral/tau_y)^2,False
nominal,2,2.2,3143,False,Proposed,service,2,aware,none,0.02,0.1,1,0.6682761165540377,1.4037573506590528,0.16559257840518174,1.9166091130895229,22.705205201098998,0.4683043649555907,700,685,700,148.71266140116953,0.9785714285714285,0.8181500000006281,7.241200000002834,2.4848404514155114,(gap/tau_g)^2+(speed/tau_v)^2+(lateral/tau_y)^2,False
nominal,2,2.2,3144,False,Proposed,service,2,aware,none,0.02,0.1,1,0.6838947730572243,1.410789772650328,0.16600807664172545,1.8860248419434893,22.53557080832303,0.4832700753326129,700,685,700,148.55399632426574,0.9785714285714285,0.8303999999981215,1.309100000000285,2.5359285039940316,(gap/tau_g)^2+(speed/tau_v)^2+(lateral/tau_y)^2,False
nominal,2,2.2,3145,False,Proposed,service,2,aware,none,0.02,0.1,1,0.6943234208851615,1.42390627337734,0.16615202265678639,1.922289597712837,22.66981726901428,0.48041211274898676,700,686,700,148.50370969912183,0.98,0.886849999996997,7.444700000000637,2.581645794358353,(gap/tau_g)^2+(speed/tau_v)^2+(lateral/tau_y)^2,False
nominal,2,2.2,3146,False,Proposed,service,2,aware,none,0.02,0.1,1,0.6811602259826994,1.4126572192625668,0.16584493754753174,1.8687971262077834,22.69923012041015,0.4789194507519975,700,683,700,148.61178302532798,0.9757142857142858,0.7647000000012838,5.748100000005252,2.5306290680564856,(gap/tau_g)^2+(speed/tau_v)^2+(lateral/tau_y)^2,False
nominal,2,2.2,3147,False,Proposed,service,2,aware,none,0.02,0.1,1,0.6794237407501251,1.4099635049418136,0.1658456749109849,1.9393223733100924,22.851804117268415,0.4229519086932041,700,688,700,148.61599713744718,0.9828571428571429,0.8288500000013244,1.5991999999940276,2.5225556923353745,(gap/tau_g)^2+(speed/tau_v)^2+(lateral/tau_y)^2,False
nominal,2,2.2,3148,False,Proposed,service,2,aware,none,0.02,0.1,1,0.6779936659291836,1.4022857926012178,0.1657351215728642,1.8316482210613805,22.489743360127108,0.4603977907417569,700,681,700,148.65891713407777,0.9728571428571429,0.7750500000049954,1.342299999997465,2.507172077547667,(gap/tau_g)^2+(speed/tau_v)^2+(lateral/tau_y)^2,False
nominal,2,2.2,3149,False,Proposed,service,2,aware,none,0.02,0.1,1,0.6870999204474194,1.411160066041222,0.16554637261470814,1.815272303074821,22.56719164089141,0.46385147825158257,700,681,700,148.72688414886244,0.9728571428571429,0.748649999998463,1.431499999995367,2.5404466231559213,(gap/tau_g)^2+(speed/tau_v)^2+(lateral/tau_y)^2,False
nominal,2,2.2,3150,False,Proposed,service,2,aware,none,0.02,0.1,1,0.6762415857428304,1.417338526005351,0.16539956772596587,1.7873430194285305,22.668476451847347,0.49086498248592514,700,687,700,148.7820244674001,0.9814285714285714,0.8194499999980565,1.5639000000007286,2.52183067409173,(gap/tau_g)^2+(speed/tau_v)^2+(lateral/tau_y)^2,False
nominal,2,2.4,3101,False,Proposed,service,2,aware,none,0.02,0.1,1,0.6849997145426657,1.4563169253540267,0.16497511773827245,1.850317217071651,28.2165605644485,0.45462208021881534,700,685,700,148.96024656085729,0.9785714285714285,0.8524500000000046,55.193499999994344,2.5966677311213853,(gap/tau_g)^2+(speed/tau_v)^2+(lateral/tau_y)^2,False
nominal,2,2.4,3102,False,Proposed,service,2,aware,none,0.02,0.1,1,0.6967226644350951,1.4673137016518867,0.1653329483039089,1.844673013994976,28.055724789451176,0.4868552983914187,700,686,700,148.8222726849636,0.98,0.7517499999991628,1.5410000000031232,2.644822111105785,(gap/tau_g)^2+(speed/tau_v)^2+(lateral/tau_y)^2,False
nominal,2,2.4,3103,False,Proposed,service,2,aware,none,0.02,0.1,1,0.6876821763478213,1.4557330416418002,0.16534060215554916,1.737686664387808,28.159699515824542,0.47663258212203785,700,695,700,148.81763198931378,0.9928571428571429,1.0648000000017532,1.7089999999981842,2.6053644372835176,(gap/tau_g)^2+(speed/tau_v)^2+(lateral/tau_y)^2,False
nominal,2,2.4,3104,False,Proposed,service,2,aware,none,0.02,0.1,1,0.6938238942044169,1.463351539792388,0.16540125243345513,1.7554947795841374,28.15879438529346,0.46391877151369476,700,682,700,148.79775180724366,0.9742857142857143,0.8895000000030961,2.1839000000056785,2.632296501483279,(gap/tau_g)^2+(speed/tau_v)^2+(lateral/tau_y)^2,False
nominal,2,2.4,3105,False,Proposed,service,2,aware,none,0.02,0.1,1,0.6861602499642002,1.4496146869366753,0.16487167861699978,1.8432579383668963,28.23492305032284,0.4992992828393269,700,683,700,148.98836614187448,0.9757142857142858,0.978950000000367,7.290300000001082,2.5887068358000622,(gap/tau_g)^2+(speed/tau_v)^2+(lateral/tau_y)^2,False
nominal,2,2.4,3106,False,Proposed,service,2,aware,none,0.02,0.1,1,0.6865857318032825,1.4652297319351926,0.16558183702302032,1.7707012078551292,28.07289432839483,0.492711431021578,700,682,700,148.72294368158683,0.9742857142857143,0.8787499999982629,2.2890999999987116,2.6188342126117217,(gap/tau_g)^2+(speed/tau_v)^2+(lateral/tau_y)^2,False
nominal,2,2.4,3107,False,Proposed,service,2,aware,none,0.02,0.1,1,0.692043533533733,1.4710435511339495,0.1656621712817921,1.8285399937165503,28.000608962324044,0.47637799348423426,699,685,699,148.4830372829222,0.9799713876967096,0.7955000000023915,1.6244999999983634,2.6415856501457755,(gap/tau_g)^2+(speed/tau_v)^2+(lateral/tau_y)^2,False
nominal,2,2.4,3108,False,Proposed,service,2,aware,none,0.02,0.1,1,0.6945239724327621,1.4649546323619853,0.16582381480223926,1.8304645651240246,28.114599547412375,0.48131194629725815,700,688,700,148.64214247000936,0.9828571428571429,0.9434999999982097,2.4366999999969607,2.639918572000806,(gap/tau_g)^2+(speed/tau_v)^2+(lateral/tau_y)^2,False
nominal,2,2.4,3109,False,Proposed,service,2,aware,none,0.02,0.1,1,0.6998332933809732,1.4657092447166713,0.16573684381817932,1.7451836654872959,28.148518806781645,0.47924373201599924,700,687,700,148.66667018761035,0.9814285714285714,1.0044500000034873,1.79589999999763,2.6534870414645226,(gap/tau_g)^2+(speed/tau_v)^2+(lateral/tau_y)^2,False
nominal,2,2.4,3110,False,Proposed,service,2,aware,none,0.02,0.1,1,0.6867007913927846,1.4569227736309036,0.16426107038660612,1.8835074853089697,28.143638303515814,0.47545995835057553,700,685,700,149.2225098419096,0.9785714285714285,0.9270500000013726,1.9533000000038214,2.5958391857899663,(gap/tau_g)^2+(speed/tau_v)^2+(lateral/tau_y)^2,False
nominal,2,2.4,3111,False,Proposed,service,2,aware,none,0.02,0.1,1,0.691577005241985,1.4578365830205955,0.1654178412003085,1.8167633787347155,28.224559514604827,0.45963620691681106,700,684,700,148.79175846291395,0.9771428571428571,0.7290500000003419,1.8689999999992324,2.61868025401571,(gap/tau_g)^2+(speed/tau_v)^2+(lateral/tau_y)^2,False
nominal,2,2.4,3112,False,Proposed,service,2,aware,none,0.02,0.1,1,0.6868746964923346,1.4637896238933867,0.1648403609919925,1.7403330314205472,28.241513469100397,0.49290713459897983,700,685,700,149.00643890110837,0.9785714285714285,0.8596000000018478,1.6863999999969792,2.6112626822953677,(gap/tau_g)^2+(speed/tau_v)^2+(lateral/tau_y)^2,False
nominal,2,2.4,3113,False,Proposed,service,2,aware,none,0.02,0.1,1,0.6959662805642512,1.4615718115083336,0.1649150520031594,1.8478158516244236,28.165055797931366,0.47591629444992045,700,687,700,148.9735350362173,0.9814285714285714,0.8714499999982195,1.3314000000050896,2.630918876371334,(gap/tau_g)^2+(speed/tau_v)^2+(lateral/tau_y)^2,False
nominal,2,2.4,3114,False,Proposed,service,2,aware,none,0.02,0.1,1,0.6937522293004079,1.4527903000737614,0.16462102852227237,1.8520192385845438,28.269514875520272,0.49655997584518186,700,690,700,149.08826835052258,0.9857142857142858,0.8761000000028218,1.5106000000031372,2.6099691339208717,(gap/tau_g)^2+(speed/tau_v)^2+(lateral/tau_y)^2,False
nominal,2,2.4,3115,False,Proposed,service,2,aware,none,0.02,0.1,1,0.6860663502716763,1.4656583835134662,0.16499031135794895,1.8922545337409507,27.55763238375929,0.4222145094760189,700,682,700,148.94383506918106,0.9742857142857143,0.7912499999989109,1.3974000000018805,2.613319218102479,(gap/tau_g)^2+(speed/tau_v)^2+(lateral/tau_y)^2,False
nominal,2,2.4,3116,False,Proposed,service,2,aware,none,0.02,0.1,1,0.6920488522061805,1.4674287481142683,0.1656279711070413,1.8319427482868673,28.262247641231376,0.45451640154281636,700,688,700,148.70993050955425,0.9828571428571429,0.7850499999975113,1.691899999997304,2.635896095787828,(gap/tau_g)^2+(speed/tau_v)^2+(lateral/tau_y)^2,False
nominal,2,2.4,3117,False,Proposed,service,2,aware,none,0.02,0.1,1,0.6835074817486023,1.4543567852970676,0.16503255124778943,1.7968465043214907,28.090753364234224,0.49659450622176005,700,686,700,148.93812733409698,0.98,0.8943999999999619,1.4413999999973726,2.5906002312107645,(gap/tau_g)^2+(speed/tau_v)^2+(lateral/tau_y)^2,False
nominal,2,2.4,3118,False,Proposed,service,2,aware,none,0.02,0.1,1,0.6938494828397808,1.4614408612541425,0.1651998988244775,1.7897287265365325,27.89874710951016,0.4624124313806959,700,693,700,148.86760866129322,0.99,0.9309000000001788,1.388800000000856,2.6278442417382037,(gap/tau_g)^2+(speed/tau_v)^2+(lateral/tau_y)^2,False
nominal,2,2.4,3119,False,Proposed,service,2,aware,none,0.02,0.1,1,0.6911434232200308,1.4582738528727166,0.16540453351562837,1.8509031936893505,28.091267528693834,0.4664294191224374,700,690,700,148.79561827224865,0.9857142857142858,0.9339000000032627,1.8157999999957042,2.618154948943464,(gap/tau_g)^2+(speed/tau_v)^2+(lateral/tau_y)^2,False
nominal,2,2.4,3120,False,Proposed,service,2,aware,none,0.02,0.1,1,0.6862601947970723,1.4437087147908734,0.1645920376444411,1.7604008152391153,28.165026530279555,0.49442709484608904,700,690,700,149.09688007920093,0.9857142857142858,0.9105500000003985,2.2386999999994828,2.577929088298109,(gap/tau_g)^2+(speed/tau_v)^2+(lateral/tau_y)^2,False
nominal,2,2.4,3121,False,Proposed,service,2,aware,none,0.02,0.1,1,0.6950059550610856,1.4734570239501086,0.16602948331038322,1.937081645660036,28.042563942441575,0.4840727023018949,700,686,700,148.56832620656914,0.98,0.6932500000011999,1.4153000000050042,2.65556219338118,(gap/tau_g)^2+(speed/tau_v)^2+(lateral/tau_y)^2,False
nominal,2,2.4,3122,False,Proposed,service,2,aware,none,0.02,0.1,1,0.6848829523750445,1.4661969263614314,0.16530073062698494,1.7425477215177885,28.258248398656825,0.4955218771829515,700,688,700,148.84089749357608,0.9828571428571429,0.73344999999847,1.90820000000258,2.613803783597841,(gap/tau_g)^2+(speed/tau_v)^2+(lateral/tau_y)^2,False
nominal,2,2.4,3123,False,Proposed,service,2,aware,none,0.02,0.1,1,0.6882659757149034,1.4678027627375667,0.16590746226014208,1.8907865235228407,28.25177088025398,0.48350861937669276,700,684,700,148.61491275654973,0.9771428571428571,0.7502000000023656,2.430499999995561,2.6294899640502374,(gap/tau_g)^2+(speed/tau_v)^2+(lateral/tau_y)^2,False
nominal,2,2.4,3124,False,Proposed,service,2,aware,none,0.02,0.1,1,0.6923431754594777,1.4516445747299112,0.16533048187578764,1.7824340021649012,28.0703950656139,0.48023888024595784,700,690,700,148.82320409440644,0.9857142857142858,0.8586500000014041,1.2045000000000528,2.6106513181195137,(gap/tau_g)^2+(speed/tau_v)^2+(lateral/tau_y)^2,False
nominal,2,2.4,3125,False,Proposed,service,2,aware,none,0.02,0.1,1,0.6766205328836332,1.4543002691277307,0.1650082043703133,1.8135480220613638,28.058005718279055,0.4771663976304935,700,687,700,148.94335087916213,0.9814285714285714,0.9979500000021346,8.396199999999965,2.57366279491269,(gap/tau_g)^2+(speed/tau_v)^2+(lateral/tau_y)^2,False
nominal,2,2.4,3126,False,Proposed,service,2,aware,none,0.02,0.1,1,0.683094826872712,1.4604335076394623,0.1646663821711694,1.8002330801730926,28.100810425313767,0.3986128135966125,700,679,700,149.06051359697122,0.97,0.9016499999958683,1.5837999999988028,2.5956164651916525,(gap/tau_g)^2+(speed/tau_v)^2+(lateral/tau_y)^2,False
nominal,2,2.4,3127,False,Proposed,service,2,aware,none,0.02,0.1,1,0.6930645461335588,1.4685175046541334,0.16492071011263465,1.7484071053485224,27.795534974258466,0.488516512088253,700,686,700,148.97655946525816,0.98,0.9164999999988765,2.326600000003509,2.634183442984944,(gap/tau_g)^2+(speed/tau_v)^2+(lateral/tau_y)^2,False
nominal,2,2.4,3128,False,Proposed,service,2,aware,none,0.02,0.1,1,0.6935057630317512,1.4607625363752794,0.16454634827860068,1.7491347783836644,27.787626073503986,0.48552456774734387,700,683,700,149.1175850990504,0.9757142857142858,0.8906499999987716,1.7111000000014087,2.620597513806483,(gap/tau_g)^2+(speed/tau_v)^2+(lateral/tau_y)^2,False
nominal,2,2.4,3129,False,Proposed,service,2,aware,none,0.02,0.1,1,0.6814686779358332,1.459637754795918,0.16542089630784185,1.8946611742555337,28.275895706033275,0.48407075139974065,700,687,700,148.7929040836471,0.9814285714285714,1.0177000000020087,5.402000000003682,2.5967124553272414,(gap/tau_g)^2+(speed/tau_v)^2+(lateral/tau_y)^2,False
nominal,2,2.4,3130,False,Proposed,service,2,aware,none,0.02,0.1,1,0.6896201044160228,1.4582879765262324,0.16563992179819112,1.8104773275194712,28.22746446341641,0.4720039434854212,700,689,700,148.704792644922,0.9842857142857143,0.8333499999970684,1.5927000000033331,2.6163847886488623,(gap/tau_g)^2+(speed/tau_v)^2+(lateral/tau_y)^2,False
nominal,2,2.4,3131,False,Proposed,service,2,aware,none,0.02,0.1,1,0.6934391942059724,1.473741126647479,0.16614779197541696,1.6956149827638185,28.044900668753094,0.49066797016170405,699,679,699,148.3057478809461,0.9713876967095851,0.7491000000001691,1.8979000000030055,2.6531045677016216,(gap/tau_g)^2+(speed/tau_v)^2+(lateral/tau_y)^2,False
nominal,2,2.4,3132,False,Proposed,service,2,aware,none,0.02,0.1,1,0.6788615176892759,1.4595567399358673,0.1647594822477122,1.7974236360587492,28.148678783396022,0.4973740494508494,700,685,700,149.04121151613347,0.9785714285714285,0.7585500000040213,1.6544000000067172,2.58482707984741,(gap/tau_g)^2+(speed/tau_v)^2+(lateral/tau_y)^2,False
nominal,2,2.4,3133,False,Proposed,service,2,aware,none,0.02,0.1,1,0.6888906327508942,1.4605006269316565,0.1646255689851414,1.8660664317417444,28.026081923849247,0.4746364779743667,700,682,700,149.08604933047704,0.9742857142857143,0.8079000000016379,10.416499999998052,2.6095169695830083,(gap/tau_g)^2+(speed/tau_v)^2+(lateral/tau_y)^2,False
nominal,2,2.4,3134,False,Proposed,service,2,aware,none,0.02,0.1,1,0.6925379539313253,1.4697795273894685,0.16538302325951504,1.7554325443760141,28.111434948566135,0.46498051886318026,700,688,700,148.80282794988133,0.9828571428571429,0.842699999999752,2.069099999999935,2.6385958234641875,(gap/tau_g)^2+(speed/tau_v)^2+(lateral/tau_y)^2,False
nominal,2,2.4,3135,False,Proposed,service,2,aware,none,0.02,0.1,1,0.681802905666074,1.4685306906019462,0.16578674980063976,1.7954803029291078,28.163706725948735,0.4871502620895318,700,687,700,148.6584110352935,0.9814285714285714,0.7871999999977675,1.4226999999991108,2.613837545914338,(gap/tau_g)^2+(speed/tau_v)^2+(lateral/tau_y)^2,False
nominal,2,2.4,3136,False,Proposed,service,2,aware,none,0.02,0.1,1,0.6878399680979316,1.4612388604805562,0.1646279314091511,1.8763004821388902,28.24321224971024,0.4806827424691812,700,684,700,149.08643641176388,0.9771428571428571,0.899249999999796,1.4395000000035907,2.6080653641241462,(gap/tau_g)^2+(speed/tau_v)^2+(lateral/tau_y)^2,False
nominal,2,2.4,3137,False,Proposed,service,2,aware,none,0.02,0.1,1,0.6899385118457717,1.465843091927735,0.16541906777661333,1.780085061997035,28.149770866731103,0.47086859262146985,700,677,700,148.78805544943506,0.9671428571428572,0.8884500000014839,1.5780000000020777,2.626609309544449,(gap/tau_g)^2+(speed/tau_v)^2+(lateral/tau_y)^2,False
nominal,2,2.4,3138,False,Proposed,service,2,aware,none,0.02,0.1,1,0.6906957725379201,1.4662716093797417,0.16543793721852407,1.8254385365526904,27.990137648861406,0.4777922627696609,700,683,700,148.78368089356707,0.9757142857142858,0.854250000003276,8.417300000004957,2.62926510572271,(gap/tau_g)^2+(speed/tau_v)^2+(lateral/tau_y)^2,False
nominal,2,2.4,3139,False,Proposed,service,2,aware,none,0.02,0.1,1,0.6937832201522509,1.4452944093693791,0.16460441794986627,1.8362405259301637,28.103234131048772,0.47037142976837354,700,678,700,149.08492756913523,0.9685714285714285,0.8712499999958823,5.557099999997206,2.598825330604382,(gap/tau_g)^2+(speed/tau_v)^2+(lateral/tau_y)^2,False
nominal,2,2.4,3140,False,Proposed,service,2,aware,none,0.02,0.1,1,0.694595850497931,1.4485814733515645,0.16450221130307394,1.7699082266285402,27.88426685099789,0.479735656349073,700,683,700,149.12707093616078,0.9757142857142858,0.847249999999633,1.7476000000016256,2.6048434090777963,(gap/tau_g)^2+(speed/tau_v)^2+(lateral/tau_y)^2,False
nominal,2,2.4,3141,False,Proposed,service,2,aware,none,0.02,0.1,1,0.6964169730940082,1.4690884530397414,0.16557524571021098,1.769800416944728,28.071134912644034,0.49394592261635706,700,690,700,148.72836906404444,0.9857142857142858,0.7732499999981712,58.202600000001325,2.648728331809963,(gap/tau_g)^2+(speed/tau_v)^2+(lateral/tau_y)^2,False
nominal,2,2.4,3142,False,Proposed,service,2,aware,none,0.02,0.1,1,0.688130962322556,1.4502536382146056,0.16526206897340928,1.8493693356752912,28.217645966896264,0.4141337934353314,700,687,700,148.84967677883526,0.9814285714285714,0.8894999999995434,2.571100000004378,2.5976890194004416,(gap/tau_g)^2+(speed/tau_v)^2+(lateral/tau_y)^2,False
nominal,2,2.4,3143,False,Proposed,service,2,aware,none,0.02,0.1,1,0.6826297032344362,1.4498702012037634,0.16497916759781103,1.7996759769225137,28.16224371681013,0.49691199118955576,700,685,700,148.9512046531849,0.9785714285714285,0.8206999999984532,1.300000000000523,2.581379960943763,(gap/tau_g)^2+(speed/tau_v)^2+(lateral/tau_y)^2,False
nominal,2,2.4,3144,False,Proposed,service,2,aware,none,0.02,0.1,1,0.6851035661743039,1.4625975583653688,0.16540986672515057,1.848135447704216,27.914850617186445,0.4957429872471567,700,685,700,148.79183296279328,0.9785714285714285,0.8154999999980816,1.3944999999964125,2.609864933031571,(gap/tau_g)^2+(speed/tau_v)^2+(lateral/tau_y)^2,False
nominal,2,2.4,3145,False,Proposed,service,2,aware,none,0.02,0.1,1,0.6973696739657433,1.4774917960973257,0.16554642341324866,1.8062690942439807,27.969954619936175,0.4732876763058834,700,692,700,148.74290149904127,0.9885714285714285,0.8843499999962035,1.7899999999997362,2.663483609628292,(gap/tau_g)^2+(speed/tau_v)^2+(lateral/tau_y)^2,False
nominal,2,2.4,3146,False,Proposed,service,2,aware,none,0.02,0.1,1,0.6783297616205864,1.4674410158647646,0.1652336396333225,1.7378208137425675,27.8842650165318,0.4853609681080745,700,684,700,148.85034812040766,0.9771428571428571,0.885050000000831,11.830000000003338,2.5992298951464186,(gap/tau_g)^2+(speed/tau_v)^2+(lateral/tau_y)^2,False
nominal,2,2.4,3147,False,Proposed,service,2,aware,none,0.02,0.1,1,0.687819241732963,1.4591464408990749,0.16526012403101925,1.8265389044510196,28.198204526626988,0.4747181653435948,700,688,700,148.84740902718843,0.9828571428571429,0.7811500000052263,1.6886999999954355,2.6101108057691853,(gap/tau_g)^2+(speed/tau_v)^2+(lateral/tau_y)^2,False
nominal,2,2.4,3148,False,Proposed,service,2,aware,none,0.02,0.1,1,0.6835798854697187,1.4527767596164174,0.16511253483105967,1.793122247558883,27.857417151450235,0.4903213381821576,700,684,700,148.90409230897785,0.9771428571428571,0.961050000000796,1.6378000000045745,2.58909281056001,(gap/tau_g)^2+(speed/tau_v)^2+(lateral/tau_y)^2,False
nominal,2,2.4,3149,False,Proposed,service,2,aware,none,0.02,0.1,1,0.6913788774041086,1.4613439341795986,0.16495060592285016,1.7693042218012351,28.01995824694029,0.4919194058642218,700,683,700,148.96305749869197,0.9757142857142858,0.960999999996659,1.848199999997746,2.61955791542322,(gap/tau_g)^2+(speed/tau_v)^2+(lateral/tau_y)^2,False
nominal,2,2.4,3150,False,Proposed,service,2,aware,none,0.02,0.1,1,0.6838824541080339,1.46615685700293,0.16481124640904626,1.7300083742196808,28.193126400187218,0.4978115934294677,700,683,700,149.01507547321123,0.9757142857142858,0.7493500000030906,1.6425000000026557,2.607269647617102,(gap/tau_g)^2+(speed/tau_v)^2+(lateral/tau_y)^2,False
nominal,2,2.6,3101,False,Proposed,service,2,aware,none,0.02,0.1,1,0.688225684069474,1.5009360504769058,0.16438642867228084,1.815642993009263,33.49391784255141,0.47005048636391467,700,684,700,149.1927909850286,0.9771428571428571,0.7966000000010354,50.006000000003326,2.667017417700384,(gap/tau_g)^2+(speed/tau_v)^2+(lateral/tau_y)^2,False
nominal,2,2.6,3102,False,Proposed,service,2,aware,none,0.02,0.1,1,0.6964436682254,1.5123301087395906,0.1647514416241328,1.8154517114220337,33.56183451900497,0.47630150132274585,700,682,700,149.059538592572,0.9742857142857143,0.7927500000022292,1.8887000000020748,2.7077675850642864,(gap/tau_g)^2+(speed/tau_v)^2+(lateral/tau_y)^2,False
nominal,2,2.6,3103,False,Proposed,service,2,aware,none,0.02,0.1,1,0.6947977299813154,1.49997801604815,0.1647451533212267,1.725260981589678,33.46257871731231,0.46880039378497995,700,695,700,149.05295400293411,0.9928571428571429,0.8258500000017932,1.639799999999525,2.68466102574002,(gap/tau_g)^2+(speed/tau_v)^2+(lateral/tau_y)^2,False
nominal,2,2.6,3104,False,Proposed,service,2,aware,none,0.02,0.1,1,0.6937001417749666,1.510835983167995,0.1647845466567343,1.8048250594866768,33.44229426425596,0.4964446022622525,700,679,700,149.03604602010148,0.97,0.9793000000009044,1.8797999999975445,2.6989554708289596,(gap/tau_g)^2+(speed/tau_v)^2+(lateral/tau_y)^2,False
nominal,2,2.6,3105,False,Proposed,service,2,aware,none,0.02,0.1,1,0.688012981821202,1.4935993403952845,0.16429382045949972,1.8694780710481091,33.57925830467143,0.4313080768813009,700,681,700,149.2190702937023,0.9728571428571429,1.054950000000332,1.8397999999990589,2.654526845167113,(gap/tau_g)^2+(speed/tau_v)^2+(lateral/tau_y)^2,False
nominal,2,2.6,3106,False,Proposed,service,2,aware,none,0.02,0.1,1,0.6918654428271706,1.5096474570195515,0.16497870440743517,1.6904424894321286,33.484362336799904,0.46828996110024146,700,687,700,148.96445636114595,0.9814285714285714,0.894699999999915,1.589199999997959,2.6942052481781578,(gap/tau_g)^2+(speed/tau_v)^2+(lateral/tau_y)^2,False
nominal,2,2.6,3107,False,Proposed,service,2,aware,none,0.02,0.1,1,0.6965205780713336,1.5161275340994764,0.16504437639977357,1.7511486309117308,33.33903941489838,0.4563701898719874,699,684,699,148.7255286383762,0.9785407725321889,0.7950999999977171,1.7884000000023548,2.716240781089632,(gap/tau_g)^2+(speed/tau_v)^2+(lateral/tau_y)^2,False
nominal,2,2.6,3108,False,Proposed,service,2,aware,none,0.02,0.1,1,0.7033659822519583,1.5087301009731966,0.1652222743090981,1.8486674193413455,33.550812187768464,0.43389128583751524,700,688,700,148.878859335332,0.9828571428571429,0.9326999999998975,1.6271000000003255,2.723329275220955,(gap/tau_g)^2+(speed/tau_v)^2+(lateral/tau_y)^2,False
nominal,2,2.6,3109,False,Proposed,service,2,aware,none,0.02,0.1,1,0.7067318102396701,1.5098068431684881,0.16513412561367866,1.7400130666637748,33.48998340215211,0.4927650526203802,700,688,700,148.9055172712356,0.9828571428571429,0.8732499999979382,2.154900000000737,2.732697115274078,(gap/tau_g)^2+(speed/tau_v)^2+(lateral/tau_y)^2,False
nominal,2,2.6,3110,False,Proposed,service,2,aware,none,0.02,0.1,1,0.6891581927743473,1.4994773019733134,0.16371016859908746,1.8565460583917923,33.476090978235845,0.4876678519200729,700,686,700,149.44418899542663,0.98,0.9185000000009325,1.7058000000034212,2.6615207837129358,(gap/tau_g)^2+(speed/tau_v)^2+(lateral/tau_y)^2,False
nominal,2,2.6,3111,False,Proposed,service,2,aware,none,0.02,0.1,1,0.6904043910925645,1.5047008388553542,0.16481351367205024,1.7697464079764742,33.50629771488472,0.4964567137754131,700,687,700,149.03173549140905,0.9814285714285714,0.778199999999174,1.3705000000001633,2.681645373712472,(gap/tau_g)^2+(speed/tau_v)^2+(lateral/tau_y)^2,False
nominal,2,2.6,3112,False,Proposed,service,2,aware,none,0.02,0.1,1,0.6902461844588055,1.506572463896165,0.16425784264449658,1.729240828157971,33.48905378703079,0.49876058711629734,700,689,700,149.2377920220473,0.9842857142857143,0.8598500000012166,1.6975000000059026,2.679561168861453,(gap/tau_g)^2+(speed/tau_v)^2+(lateral/tau_y)^2,False
nominal,2,2.6,3113,False,Proposed,service,2,aware,none,0.02,0.1,1,0.7011825018286435,1.5053780441758033,0.1643326210519438,1.7856401903343968,33.606344606341835,0.4988082420724126,700,687,700,149.20554304585474,0.9814285714285714,0.9667999999969368,1.5513000000026977,2.705392611962475,(gap/tau_g)^2+(speed/tau_v)^2+(lateral/tau_y)^2,False
nominal,2,2.6,3114,False,Proposed,service,2,aware,none,0.02,0.1,1,0.6914318366463978,1.5018220711551062,0.16403066813313716,1.7798384275990298,33.41590991298742,0.47879704137158885,700,687,700,149.31893902902098,0.9814285714285714,0.8987500000010584,2.07179999999596,2.673317681442852,(gap/tau_g)^2+(speed/tau_v)^2+(lateral/tau_y)^2,False
nominal,2,2.6,3115,False,Proposed,service,2,aware,none,0.02,0.1,1,0.6889159005265056,1.5085868716549569,0.16440951420942726,1.7981932246539578,33.297101551552494,0.4349312458393846,700,690,700,149.17605922252324,0.9857142857142858,0.9029499999968493,1.80960000000141,2.680644615209179,(gap/tau_g)^2+(speed/tau_v)^2+(lateral/tau_y)^2,False
nominal,2,2.6,3116,False,Proposed,service,2,aware,none,0.02,0.1,1,0.6936860307615687,1.5127568789418366,0.1650339126433443,1.7879273646721774,33.49038595428408,0.490361680860514,700,693,700,148.94792585401242,0.99,0.9309999999977947,1.4263999999997168,2.7039400729060494,(gap/tau_g)^2+(speed/tau_v)^2+(lateral/tau_y)^2,False
nominal,2,2.6,3117,False,Proposed,service,2,aware,none,0.02,0.1,1,0.6807974759018474,1.5002000220530864,0.16444553817486837,1.8025150357268338,33.61489515325128,0.462934463023542,700,687,700,149.17075372963757,0.9814285714285714,0.7596999999996967,2.1094000000019264,2.648297430498081,(gap/tau_g)^2+(speed/tau_v)^2+(lateral/tau_y)^2,False
nominal,2,2.6,3118,False,Proposed,service,2,aware,none,0.02,0.1,1,0.6968793311090478,1.5050010253108752,0.16461598476872638,1.7340617709922947,33.44771013087979,0.48532750411049297,700,692,700,149.10152544270522,0.9885714285714285,0.9839999999989857,2.1561000000005492,2.6964485616230784,(gap/tau_g)^2+(speed/tau_v)^2+(lateral/tau_y)^2,False
nominal,2,2.6,3119,False,Proposed,service,2,aware,none,0.02,0.1,1,0.6914207022580339,1.5033088176334601,0.16480639677484965,1.8401425799715283,33.70966607572749,0.47131978892358295,700,690,700,149.03244622252052,0.9857142857142858,0.9721499999990613,1.848500000001252,2.681947041225243,(gap/tau_g)^2+(speed/tau_v)^2+(lateral/tau_y)^2,False
nominal,2,2.6,3120,False,Proposed,service,2,aware,none,0.02,0.1,1,0.6908866561501479,1.4868836178911873,0.1640203866206243,1.7393348990576376,33.330476433981616,0.4858522487714939,700,691,700,149.32356527718684,0.9871428571428571,0.9973499999986757,7.379200000002584,2.6491147052377344,(gap/tau_g)^2+(speed/tau_v)^2+(lateral/tau_y)^2,False
nominal,2,2.6,3121,False,Proposed,service,2,aware,none,0.02,0.1,1,0.7026422106810546,1.5170315724837171,0.16540429670283666,1.8837780138530533,33.6877671347009,0.4904507259973402,700,684,700,148.81378758738958,0.9771428571428571,0.856049999999442,1.4979000000039377,2.735840139511937,(gap/tau_g)^2+(speed/tau_v)^2+(lateral/tau_y)^2,False
nominal,2,2.6,3122,False,Proposed,service,2,aware,none,0.02,0.1,1,0.6886650740907021,1.508786919752267,0.1647109577720362,1.6905553117043073,33.27732449692693,0.4876790567115057,700,686,700,149.076018638921,0.98,0.7984499999977857,1.7305999999948085,2.6828185835493654,(gap/tau_g)^2+(speed/tau_v)^2+(lateral/tau_y)^2,False
nominal,2,2.6,3123,False,Proposed,service,2,aware,none,0.02,0.1,1,0.6942258198029153,1.5126133024275867,0.16530134948358535,1.8334563518909401,33.583825795329844,0.48263481587506785,700,686,700,148.854068102035,0.98,0.9252000000010696,1.5405999999984488,2.707258924810643,(gap/tau_g)^2+(speed/tau_v)^2+(lateral/tau_y)^2,False
nominal,2,2.6,3124,False,Proposed,service,2,aware,none,0.02,0.1,1,0.693278516755186,1.497401053950237,0.1647373839910486,1.7558205679386418,33.4935036590077,0.49238071479698864,700,688,700,149.0580658807683,0.9828571428571429,0.9542999999965218,7.22640000000041,2.6769071965050064,(gap/tau_g)^2+(speed/tau_v)^2+(lateral/tau_y)^2,False
nominal,2,2.6,3125,False,Proposed,service,2,aware,none,0.02,0.1,1,0.6779967546455038,1.5012395449279743,0.16444543113417534,1.7862606472663043,33.54716929947244,0.49823481992620944,700,684,700,149.16837792442954,0.9771428571428571,0.9234999999989668,2.9202999999995427,2.643122902305863,(gap/tau_g)^2+(speed/tau_v)^2+(lateral/tau_y)^2,False
nominal,2,2.6,3126,False,Proposed,service,2,aware,none,0.02,0.1,1,0.6942649779731175,1.5017868733968942,0.16409468156684978,1.7934765093931009,33.394583023217244,0.4146803635276356,700,679,700,149.28568052665662,0.97,0.9328499999980977,1.3882000000009498,2.6807681864481676,(gap/tau_g)^2+(speed/tau_v)^2+(lateral/tau_y)^2,False
nominal,2,2.6,3127,False,Proposed,service,2,aware,none,0.02,0.1,1,0.6950842448927942,1.5127472182025028,0.1643341400373955,1.7488412315498,33.33147686102365,0.47759590796970786,700,686,700,149.20740606835474,0.98,0.6744000000011852,1.8464000000051328,2.701615177570577,(gap/tau_g)^2+(speed/tau_v)^2+(lateral/tau_y)^2,False
nominal,2,2.6,3128,False,Proposed,service,2,aware,none,0.02,0.1,1,0.6940324211599628,1.5044119407237995,0.16398573029970226,1.7200294785959342,33.446751789393126,0.48685084240557064,700,687,700,149.34340381597875,0.9814285714285714,0.8465999999955898,1.8650999999962892,2.683326859612267,(gap/tau_g)^2+(speed/tau_v)^2+(lateral/tau_y)^2,False
nominal,2,2.6,3129,False,Proposed,service,2,aware,none,0.02,0.1,1,0.6892920699834039,1.5031227826035678,0.16482831855864577,1.8702463344181954,33.62135844262738,0.49502183811879075,700,685,700,149.02614441378864,0.9785714285714285,0.9842000000013229,8.370999999996798,2.676617395982323,(gap/tau_g)^2+(speed/tau_v)^2+(lateral/tau_y)^2,False
nominal,2,2.6,3130,False,Proposed,service,2,aware,none,0.02,0.1,1,0.6907612827672244,1.5045554533143817,0.1650326301558861,1.7494000135979544,33.597977744116434,0.4898302334241236,700,690,700,148.94212779523843,0.9857142857142858,0.8899000000042179,1.4578999999983466,2.684105340238508,(gap/tau_g)^2+(speed/tau_v)^2+(lateral/tau_y)^2,False
nominal,2,2.6,3131,False,Proposed,service,2,aware,none,0.02,0.1,1,0.6953851466830019,1.5206467081263686,0.16552457078732818,1.7033746492104023,33.49968441000372,0.41031195179496927,699,680,699,148.5505041076483,0.9728183118741058,0.746400000000591,1.4919000000048754,2.72440148451863,(gap/tau_g)^2+(speed/tau_v)^2+(lateral/tau_y)^2,False
nominal,2,2.6,3132,False,Proposed,service,2,aware,none,0.02,0.1,1,0.6841412174750284,1.5018165670343593,0.1641678146770887,1.7059749843275542,33.54895478719501,0.49829098935163874,700,686,700,149.27433037931846,0.98,0.8943999999999619,1.8764999999945076,2.6566055877990973,(gap/tau_g)^2+(speed/tau_v)^2+(lateral/tau_y)^2,False
nominal,2,2.6,3133,False,Proposed,service,2,aware,none,0.02,0.1,1,0.688746297690146,1.5059870731119034,0.1640564555068481,1.8049703440937723,33.340997884617295,0.4849432594046984,700,684,700,149.31162560385812,0.9771428571428571,0.8479999999977395,9.082100000000537,2.673331418804407,(gap/tau_g)^2+(speed/tau_v)^2+(lateral/tau_y)^2,False
nominal,2,2.6,3134,False,Proposed,service,2,aware,none,0.02,0.1,1,0.690539395232103,1.5169223086848391,0.1647709529354006,1.7710477425207236,33.42779236033454,0.4713895720541921,700,687,700,149.0434909781543,0.9814285714285714,0.815600000002803,5.403399999998726,2.700467287734348,(gap/tau_g)^2+(speed/tau_v)^2+(lateral/tau_y)^2,False
nominal,2,2.6,3135,False,Proposed,service,2,aware,none,0.02,0.1,1,0.6864152780892244,1.5127114060804832,0.16517960327015807,1.763056233166661,33.45207888299126,0.4831725789908291,700,689,700,148.89847192706733,0.9842857142857143,0.7874000000036574,1.7635000000026935,2.687233716679484,(gap/tau_g)^2+(speed/tau_v)^2+(lateral/tau_y)^2,False
nominal,2,2.6,3136,False,Proposed,service,2,aware,none,0.02,0.1,1,0.6904832132609441,1.5057905983839421,0.1640366457435334,1.77569819061134,33.4268060065333,0.46690530258021423,700,688,700,149.3155738127674,0.9828571428571429,0.8442500000001019,10.252600000001166,2.677125879105644,(gap/tau_g)^2+(speed/tau_v)^2+(lateral/tau_y)^2,False
nominal,2,2.6,3137,False,Proposed,service,2,aware,none,0.02,0.1,1,0.6901995979472132,1.511335478696533,0.1648082451313381,1.7351597250973936,33.561605177421065,0.4877446454910165,700,675,700,149.0286689325127,0.9642857142857143,0.8139000000007002,40.35520000000048,2.6913086565650906,(gap/tau_g)^2+(speed/tau_v)^2+(lateral/tau_y)^2,False
nominal,2,2.6,3138,False,Proposed,service,2,aware,none,0.02,0.1,1,0.6952348614605636,1.509880086664257,0.16483700973614268,1.8429439832775398,33.457656917768425,0.4455731396782243,700,683,700,149.02300509986514,0.9757142857142858,0.9331500000016035,10.066500000000644,2.7017041418482273,(gap/tau_g)^2+(speed/tau_v)^2+(lateral/tau_y)^2,False
nominal,2,2.6,3139,False,Proposed,service,2,aware,none,0.02,0.1,1,0.6922446136470793,1.4904773298081144,0.16404726086535099,1.7475960684832819,33.54547802808754,0.4795549121605379,700,680,700,149.31250071439365,0.9714285714285714,0.8268999999998528,2.0245999999985997,2.658133271393492,(gap/tau_g)^2+(speed/tau_v)^2+(lateral/tau_y)^2,False
nominal,2,2.6,3140,False,Proposed,service,2,aware,none,0.02,0.1,1,0.693077888668349,1.4934682081265005,0.16393912744729072,1.6990163077101497,33.27185385104128,0.48268971528528115,700,685,700,149.35393004690272,0.9785714285714285,0.9086000000024796,1.5056000000015501,2.663852176721791,(gap/tau_g)^2+(speed/tau_v)^2+(lateral/tau_y)^2,False
nominal,2,2.6,3141,False,Proposed,service,2,aware,none,0.02,0.1,1,0.6906053041666973,1.5182120708921751,0.16496482137251745,1.715434129766921,33.41297268640738,0.49394592261635706,700,691,700,148.96817157687946,0.9871428571428571,1.0059499999997001,1.9314999999977545,2.704224498150235,(gap/tau_g)^2+(speed/tau_v)^2+(lateral/tau_y)^2,False
nominal,2,2.6,3142,False,Proposed,service,2,aware,none,0.02,0.1,1,0.6910189639465811,1.4936401073979244,0.1646666051085056,1.7898020904347764,33.55650098487911,0.4191276829393179,700,683,700,149.08641010155569,0.9757142857142858,0.781449999998074,1.3135999999889236,2.6650242660436456,(gap/tau_g)^2+(speed/tau_v)^2+(lateral/tau_y)^2,False
nominal,2,2.6,3143,False,Proposed,service,2,aware,none,0.02,0.1,1,0.6831295067622002,1.49455901026575,0.16439302971694159,1.715731252164757,33.27148502478577,0.49691199118955576,700,691,700,149.18835883059427,0.9871428571428571,0.7993999999982293,1.5065999999990254,2.6449012554916407,(gap/tau_g)^2+(speed/tau_v)^2+(lateral/tau_y)^2,False
nominal,2,2.6,3144,False,Proposed,service,2,aware,none,0.02,0.1,1,0.6946417729801282,1.5046337268821144,0.16480582768015717,1.7850170603529942,33.505065032296535,0.49388953411832814,700,685,700,149.03138251460757,0.9785714285714285,0.8358500000014146,1.996100000013712,2.691912718999048,(gap/tau_g)^2+(speed/tau_v)^2+(lateral/tau_y)^2,False
nominal,2,2.6,3145,False,Proposed,service,2,aware,none,0.02,0.1,1,0.7033227706889631,1.5216767978177541,0.1649364813382273,1.8161666530099876,33.38987278330967,0.48501836858964575,700,687,700,148.98356441504774,0.9814285714285714,0.830800000002796,1.7655999999988126,2.7408795105185093,(gap/tau_g)^2+(speed/tau_v)^2+(lateral/tau_y)^2,False
nominal,2,2.6,3146,False,Proposed,service,2,aware,none,0.02,0.1,1,0.6876341422699391,1.508923942672002,0.16464516040871038,1.7533928145715951,33.35486721544218,0.49086563359186697,700,688,700,149.08364974260186,0.9828571428571429,0.8821999999923946,1.710200000005102,2.679965344840479,(gap/tau_g)^2+(speed/tau_v)^2+(lateral/tau_y)^2,False
nominal,2,2.6,3147,False,Proposed,service,2,aware,none,0.02,0.1,1,0.6910095652431343,1.5038293526713271,0.16465434463012385,1.8056445586823426,33.482404469593604,0.47170727475438035,700,689,700,149.08562559674,0.9842857142857143,0.8519499999977143,1.638599999992607,2.6804828615179694,(gap/tau_g)^2+(speed/tau_v)^2+(lateral/tau_y)^2,False
nominal,2,2.6,3148,False,Proposed,service,2,aware,none,0.02,0.1,1,0.6873830332532428,1.4970909396691778,0.16452864654049665,1.7516355038859202,33.520070894687755,0.45572325390857926,700,682,700,149.13596007543921,0.9742857142857143,0.8016000000026224,1.5802000000064709,2.6602446296762015,(gap/tau_g)^2+(speed/tau_v)^2+(lateral/tau_y)^2,False
nominal,2,2.6,3149,False,Proposed,service,2,aware,none,0.02,0.1,1,0.6963332074541472,1.5056337256631716,0.16436533701307882,1.7546859429918344,33.30927426733249,0.4943760931188178,700,679,700,149.1958177837483,0.97,0.7512500000004252,1.3597000000089565,2.694006301503447,(gap/tau_g)^2+(speed/tau_v)^2+(lateral/tau_y)^2,False
nominal,2,2.6,3150,False,Proposed,service,2,aware,none,0.02,0.1,1,0.6884778156229634,1.5090444344333687,0.1642461757051516,1.762589922390691,33.530725240489005,0.49089418218286085,700,685,700,149.2390957588433,0.9785714285714285,0.9119000000055166,1.549799999992274,2.678934290738786,(gap/tau_g)^2+(speed/tau_v)^2+(lateral/tau_y)^2,False
nominal,3,1.8,3101,True,Proposed,service,3,aware,none,0.02,0.1,1,0.6502102334639309,1.281050756423382,0.1667944313340691,1.862157761701033,11.89479274993272,0.47599841090306505,1050,1028,1050,222.3665431739068,0.979047619047619,0.8045000000080904,1.61889999999687,2.284397967892006,(gap/tau_g)^2+(speed/tau_v)^2+(lateral/tau_y)^2,False
nominal,3,1.8,3102,True,Proposed,service,3,aware,none,0.02,0.1,1,0.6635987776545382,1.2901336691183578,0.16719099015124095,1.9779443096899656,11.896270713311402,0.46599710944576767,1049,1030,1049,221.93073319040846,0.9818875119161106,0.8531000000076006,1.8650999999891837,2.330895409180846,(gap/tau_g)^2+(speed/tau_v)^2+(lateral/tau_y)^2,False
nominal,3,1.8,3103,True,Proposed,service,3,aware,none,0.02,0.1,1,0.6516956824778144,1.2805007573179965,0.16717877583554097,1.8759805333174748,11.95368421254777,0.4621376756180491,1049,1039,1049,221.9317618151306,0.990467111534795,0.9006500000054984,1.5367999999966742,2.290326256346315,(gap/tau_g)^2+(speed/tau_v)^2+(lateral/tau_y)^2,False
nominal,3,1.8,3104,True,Proposed,service,3,aware,none,0.02,0.1,1,0.6600638182303313,1.287664489669044,0.16725519009752535,1.9276786066029348,11.97355350408803,0.4729661456949722,1049,1025,1049,221.88829231100837,0.9771210676835081,0.9288500000010913,1.584500000006983,2.3198663337155665,(gap/tau_g)^2+(speed/tau_v)^2+(lateral/tau_y)^2,False
nominal,3,1.8,3105,True,Proposed,service,3,aware,none,0.02,0.1,1,0.6490564941789875,1.2765793822987626,0.16667185169297846,1.9401612049661159,11.801029913665943,0.46208406354257836,1050,1029,1050,222.4230531872149,0.98,0.8718999999999255,1.5204999999980373,2.2748763920622954,(gap/tau_g)^2+(speed/tau_v)^2+(lateral/tau_y)^2,False
nominal,3,1.8,3106,True,Proposed,service,3,aware,none,0.02,0.1,1,0.654666736628325,1.2861658759043426,0.16745853790806253,1.8505181098014531,12.199672053012911,0.48564023603674367,1050,1029,1050,221.97716786708204,0.98,0.8251500000042711,1.383699999990995,2.306985376388444,(gap/tau_g)^2+(speed/tau_v)^2+(lateral/tau_y)^2,False
nominal,3,1.8,3107,True,Proposed,service,3,aware,none,0.02,0.1,1,0.6580610951126552,1.2935900208127218,0.16753891916578656,1.8599089224482321,12.133235956077975,0.46448478883679656,1049,1029,1049,221.7224825404291,0.9809342230695901,0.6914499999979284,2.9059999999958563,2.325351783228364,(gap/tau_g)^2+(speed/tau_v)^2+(lateral/tau_y)^2,False
nominal,3,1.8,3108,True,Proposed,service,3,aware,none,0.02,0.1,1,0.6565781528597986,1.2890211413226802,0.167690472448737,1.9199207721940585,12.009585268736501,0.4005500551128415,1050,1029,1050,221.8612417321537,0.98,0.9114500000038106,2.007599999998888,2.3171358486545306,(gap/tau_g)^2+(speed/tau_v)^2+(lateral/tau_y)^2,False
nominal,3,1.8,3109,True,Proposed,service,3,aware,none,0.02,0.1,1,0.6680784401715971,1.2866634298236004,0.1676129275978685,1.835359314973376,12.005894154969354,0.4663174866121437,1049,1025,1049,221.67869998578684,0.9771210676835081,0.9786999999974455,2.1224000000046317,2.3404700399705654,(gap/tau_g)^2+(speed/tau_v)^2+(lateral/tau_y)^2,False
nominal,3,1.8,3110,True,Proposed,service,3,aware,none,0.02,0.1,1,0.6528604035209812,1.2858263665763292,0.16603203688154317,1.9724680714246032,11.981714222503136,0.46845601268218773,1050,1031,1050,222.778430549627,0.981904761904762,0.9729999999947836,1.9733000000030643,2.2904479340566746,(gap/tau_g)^2+(speed/tau_v)^2+(lateral/tau_y)^2,False
nominal,3,1.8,3111,True,Proposed,service,3,aware,none,0.02,0.1,1,0.6549784134604276,1.2834462466192538,0.16726046005787187,1.8676163519677056,12.047536667764497,0.47412939139375776,1049,1027,1049,221.88622182346074,0.9790276453765491,0.960999999996659,1.5427000000016733,2.302488023675535,(gap/tau_g)^2+(speed/tau_v)^2+(lateral/tau_y)^2,False
nominal,3,1.8,3112,True,Proposed,service,3,aware,none,0.02,0.1,1,0.6572300412474565,1.2868156765877359,0.16664051273950578,1.8276628005757478,11.746347190571854,0.49554042583647384,1050,1030,1050,222.4415512607041,0.9809523809523809,0.8358999999984462,1.1165000000090686,2.3069841588659807,(gap/tau_g)^2+(speed/tau_v)^2+(lateral/tau_y)^2,False
nominal,3,1.8,3113,True,Proposed,service,3,aware,none,0.02,0.1,1,0.6586332599003745,1.2874898965332193,0.166732656970989,1.9174413229029348,11.807245672460276,0.4801830244119635,1050,1031,1050,222.38770487412094,0.981904761904762,0.8904499999928817,1.9039000000020678,2.3119202209907503,(gap/tau_g)^2+(speed/tau_v)^2+(lateral/tau_y)^2,False
nominal,3,1.8,3114,True,Proposed,service,3,aware,none,0.02,0.1,1,0.6549825491906748,1.2844436052174055,0.166414564349821,1.9568464188235786,12.145271679334833,0.4528959266703051,1049,1034,1049,222.3498449342553,0.9857006673021925,1.0688999999999282,1.691899999997304,2.2967479855255295,(gap/tau_g)^2+(speed/tau_v)^2+(lateral/tau_y)^2,False
nominal,3,1.8,3115,True,Proposed,service,3,aware,none,0.02,0.1,1,0.6544488917960279,1.2880811239337562,0.16681168773513705,1.9300240470300558,11.986026212929126,0.408466361984832,1050,1022,1050,222.33717927142175,0.9733333333333334,1.151700000001199,1.8895999999983815,2.303588283796465,(gap/tau_g)^2+(speed/tau_v)^2+(lateral/tau_y)^2,False
nominal,3,1.8,3116,True,Proposed,service,3,aware,none,0.02,0.1,1,0.6541657270113439,1.2900129077748794,0.16752604104643984,1.899849809713875,11.909453539873752,0.4771753482834651,1050,1037,1050,221.95283369524793,0.9876190476190476,1.0895000000061827,1.5711000000067088,2.311441383264929,(gap/tau_g)^2+(speed/tau_v)^2+(lateral/tau_y)^2,False
nominal,3,1.8,3117,True,Proposed,service,3,aware,none,0.02,0.1,1,0.6543643918278731,1.2771543991083734,0.16686476920755133,1.9216741654346527,12.052145293982889,0.42483276993936503,1050,1032,1050,222.32315642698507,0.9828571428571429,1.1104499999987638,1.927100000003179,2.2895336440775615,(gap/tau_g)^2+(speed/tau_v)^2+(lateral/tau_y)^2,False
nominal,3,1.8,3118,True,Proposed,service,3,aware,none,0.02,0.1,1,0.6605924973473858,1.2856005054498099,0.1670352388635749,1.8803232967014307,11.893715971464914,0.4855778981493789,1050,1038,1050,222.21607053916426,0.9885714285714285,1.191650000002653,1.8571000000093818,2.3165596095538814,(gap/tau_g)^2+(speed/tau_v)^2+(lateral/tau_y)^2,False
nominal,3,1.8,3119,True,Proposed,service,3,aware,none,0.02,0.1,1,0.6553646970658297,1.2828208841942497,0.16724716269811135,1.9746337516659473,11.671445545996768,0.47690240225807823,1050,1031,1050,222.10329227920627,0.981904761904762,1.0044499999963818,1.7587999999904014,2.3024578696818834,(gap/tau_g)^2+(speed/tau_v)^2+(lateral/tau_y)^2,False
nominal,3,1.8,3120,True,Proposed,service,3,aware,none,0.02,0.1,1,0.6491385497641432,1.2729676126700409,0.16634858145917297,1.8275779717168101,12.054743686343642,0.48963481126596475,1049,1028,1049,222.39069398150846,0.9799809342230696,1.2268999999989205,2.0588000000003603,2.267676227277617,(gap/tau_g)^2+(speed/tau_v)^2+(lateral/tau_y)^2,False
nominal,3,1.8,3121,True,Proposed,service,3,aware,none,0.02,0.1,1,0.6648551396336208,1.2936933812880111,0.16791134773429306,2.0286385110988365,11.82732302328941,0.45377699540509386,1050,1028,1050,221.73130031288778,0.979047619047619,1.0974000000061324,1.955000000009477,2.3445900859929503,(gap/tau_g)^2+(speed/tau_v)^2+(lateral/tau_y)^2,False
nominal,3,1.8,3122,True,Proposed,service,3,aware,none,0.02,0.1,1,0.6513908793929306,1.2903295303231592,0.16716746038361466,1.8554886272176379,11.990668739331909,0.48102724677844844,1050,1030,1050,222.16115329967673,0.9809523809523809,1.1144999999999072,1.5017999999997755,2.3024174595550817,(gap/tau_g)^2+(speed/tau_v)^2+(lateral/tau_y)^2,False
nominal,3,1.8,3123,True,Proposed,service,3,aware,none,0.02,0.1,1,0.652959726170208,1.2883284229929801,0.1677970295851524,1.9856562396065438,11.964482482362946,0.45724866565306,1050,1026,1050,221.80871739663226,0.9771428571428571,1.1115499999974077,1.636200000007193,2.3086947155643203,(gap/tau_g)^2+(speed/tau_v)^2+(lateral/tau_y)^2,False
nominal,3,1.8,3124,True,Proposed,service,3,aware,none,0.02,0.1,1,0.6577081251815008,1.2763021604713118,0.1671653118155935,1.8490198195526866,11.969847303208901,0.47320788958834115,1050,1035,1050,222.1500282147397,0.9857142857142858,1.3147000000017783,2.009300000011649,2.2987326214004247,(gap/tau_g)^2+(speed/tau_v)^2+(lateral/tau_y)^2,False
nominal,3,1.8,3125,True,Proposed,service,3,aware,none,0.02,0.1,1,0.6437764612117582,1.2812261148269037,0.1668372959218226,1.8924062079468817,11.953852531313842,0.446910937025941,1050,1029,1050,222.33004335283707,0.98,1.3541000000003578,2.150700000001393,2.2701843523586804,(gap/tau_g)^2+(speed/tau_v)^2+(lateral/tau_y)^2,False
nominal,3,1.8,3126,True,Proposed,service,3,aware,none,0.02,0.1,1,0.6555892781292391,1.2856085749689161,0.16645663843193523,1.8463725786660388,12.000604556866605,0.47998841491021327,1050,1025,1050,222.5298825741765,0.9761904761904762,1.0242499999932875,1.935400000007803,2.3000393057392707,(gap/tau_g)^2+(speed/tau_v)^2+(lateral/tau_y)^2,False
nominal,3,1.8,3127,True,Proposed,service,3,aware,none,0.02,0.1,1,0.6609055502836725,1.2914183406972803,0.1667408136859911,1.9347741575407515,11.90995955612609,0.4724283596379326,1050,1030,1050,222.3907850194723,0.9809523809523809,1.368599999999276,2.047900000007985,2.322487594304812,(gap/tau_g)^2+(speed/tau_v)^2+(lateral/tau_y)^2,False
nominal,3,1.8,3128,True,Proposed,service,3,aware,none,0.02,0.1,1,0.6558985732915703,1.2890980306686213,0.16637370915157992,1.8592362684872628,12.04050997725809,0.4667709820208429,1050,1035,1050,222.59965671857995,0.9857142857142858,1.3065999999994915,1.9999000000012757,2.304654242485276,(gap/tau_g)^2+(speed/tau_v)^2+(lateral/tau_y)^2,False
nominal,3,1.8,3129,True,Proposed,service,3,aware,none,0.02,0.1,1,0.652948400018145,1.2812198463859203,0.16725338136522439,1.933224656696471,11.8264954294702,0.4836588206649465,1050,1027,1050,222.09725122186262,0.9780952380952381,1.07064999999551,1.701799999992204,2.2947953802316357,(gap/tau_g)^2+(speed/tau_v)^2+(lateral/tau_y)^2,False
nominal,3,1.8,3130,True,Proposed,service,3,aware,none,0.02,0.1,1,0.6531678931568224,1.28438018615394,0.16747865729162031,1.9098349463586386,11.719200335197414,0.4782114439752031,1050,1031,1050,221.95830044268462,0.981904761904762,1.2893000000033794,8.027400000003126,2.3013270369668,(gap/tau_g)^2+(speed/tau_v)^2+(lateral/tau_y)^2,False
nominal,3,1.8,3131,True,Proposed,service,3,aware,none,0.02,0.1,1,0.6571447685359235,1.2947557932067963,0.16808359596383757,1.8708132548498189,11.98850357910868,0.4744867399845152,1048,1018,1048,221.2168142979573,0.9713740458015268,1.081899999995528,1.9672000000099388,2.329318925954966,(gap/tau_g)^2+(speed/tau_v)^2+(lateral/tau_y)^2,False
nominal,3,1.8,3132,True,Proposed,service,3,aware,none,0.02,0.1,1,0.6497465907099625,1.2845087941793654,0.16655662541980912,1.9057513267582054,12.10526719441799,0.4867074784250054,1049,1028,1049,222.28498627880333,0.9799809342230696,0.7573999999976877,1.293399999994449,2.2858710817243497,(gap/tau_g)^2+(speed/tau_v)^2+(lateral/tau_y)^2,False
nominal,3,1.8,3133,True,Proposed,service,3,aware,none,0.02,0.1,1,0.6546258388262163,1.2888231522818265,0.16642450231409217,1.9425271722289374,11.884006295306108,0.47422910775721006,1050,1035,1050,222.56086118478518,0.9857142857142858,0.8127999999985036,1.5204999999980373,2.3017500574445844,(gap/tau_g)^2+(speed/tau_v)^2+(lateral/tau_y)^2,False
nominal,3,1.8,3134,True,Proposed,service,3,aware,none,0.02,0.1,1,0.6543351042070964,1.2958142149852818,0.16723248283590753,1.9215505259708332,11.905174544816802,0.4840558681085072,1050,1030,1050,222.10874381186142,0.9809523809523809,0.8292999999994777,8.923799999998039,2.3170322766873204,(gap/tau_g)^2+(speed/tau_v)^2+(lateral/tau_y)^2,False
nominal,3,1.8,3135,True,Proposed,service,3,aware,none,0.02,0.1,1,0.6550643111277409,1.2864151188905595,0.16768236750163176,1.8434057590323627,11.916377265171079,0.4814617923182313,1050,1031,1050,221.87183509446152,0.981904761904762,0.7813500000004581,1.8030000000024415,2.310113596162685,(gap/tau_g)^2+(speed/tau_v)^2+(lateral/tau_y)^2,False
nominal,3,1.8,3136,True,Proposed,service,3,aware,none,0.02,0.1,1,0.6560797571760348,1.2875827658938044,0.1664107655867877,1.918642601008033,11.729839658242263,0.46312098758066556,1050,1027,1050,222.5714835217021,0.9780952380952381,0.9002000000037924,1.9161000000025297,2.303393114841492,(gap/tau_g)^2+(speed/tau_v)^2+(lateral/tau_y)^2,False
nominal,3,1.8,3137,True,Proposed,service,3,aware,none,0.02,0.1,1,0.6514216200917458,1.2912019724575061,0.16727753067805468,1.8686095830380205,12.04847938801879,0.4359145120538903,1048,1020,1048,221.66215190061658,0.9732824427480916,0.8224500000011403,1.3933999999977686,2.3045580703309474,(gap/tau_g)^2+(speed/tau_v)^2+(lateral/tau_y)^2,False
nominal,3,1.8,3138,True,Proposed,service,3,aware,none,0.02,0.1,1,0.6592182146240818,1.2884960752974741,0.1673111030801954,1.9179067820171618,11.653525446152408,0.43444742206565734,1050,1025,1050,222.0724252911911,0.9761904761904762,1.0405000000019982,1.8959999999879074,2.319443737455909,(gap/tau_g)^2+(speed/tau_v)^2+(lateral/tau_y)^2,False
nominal,3,1.8,3139,True,Proposed,service,3,aware,none,0.02,0.1,1,0.6624815654095342,1.270588036910676,0.16641227006516723,1.8955743611756681,12.128213386483907,0.48145214279102466,1050,1019,1050,222.56460557881624,0.9704761904761905,0.8774999999943134,1.7071999999984655,2.296230832906671,(gap/tau_g)^2+(speed/tau_v)^2+(lateral/tau_y)^2,False
nominal,3,1.8,3140,True,Proposed,service,3,aware,none,0.02,0.1,1,0.6559243414224896,1.2780331170949633,0.16628698797503477,1.865484663943383,11.71177581294112,0.47848676434466,1049,1029,1049,222.43489848689543,0.9809342230695901,0.850049999996827,1.785800000007498,2.2895007289907516,(gap/tau_g)^2+(speed/tau_v)^2+(lateral/tau_y)^2,False
nominal,3,1.8,3141,True,Proposed,service,3,aware,none,0.02,0.1,1,0.6596786697375542,1.291998867431929,0.16746089418580373,1.8465695478707977,11.97035714688326,0.4917392890724206,1050,1031,1050,221.97868040874462,0.981904761904762,0.8203000000008842,1.513599999995563,2.3263887185653247,(gap/tau_g)^2+(speed/tau_v)^2+(lateral/tau_y)^2,False
nominal,3,1.8,3142,True,Proposed,service,3,aware,none,0.02,0.1,1,0.6544966887065663,1.2754583610135206,0.1670868581243833,1.8979287204141235,11.839878913783565,0.4291661564825049,1050,1027,1050,222.186691496296,0.9780952380952381,0.8892999999972062,1.671600000008766,2.2894868137580193,(gap/tau_g)^2+(speed/tau_v)^2+(lateral/tau_y)^2,False
nominal,3,1.8,3143,True,Proposed,service,3,aware,none,0.02,0.1,1,0.6485279484754681,1.2761206370307747,0.16682932721115526,1.944353914230098,12.068933515432697,0.4813499736607907,1050,1026,1050,222.33630774253874,0.9771428571428571,0.8799499999909699,1.6166999999995824,2.2743726218294276,(gap/tau_g)^2+(speed/tau_v)^2+(lateral/tau_y)^2,False
nominal,3,1.8,3144,True,Proposed,service,3,aware,none,0.02,0.1,1,0.6562144610550686,1.2846091170828433,0.16727755310286116,1.842200508037833,12.043825080273308,0.48768525893885195,1050,1026,1050,222.0838167500425,0.9771428571428571,0.8125499999991348,1.5534000000059223,2.307035849736599,(gap/tau_g)^2+(speed/tau_v)^2+(lateral/tau_y)^2,False
nominal,3,1.8,3145,True,Proposed,service,3,aware,none,0.02,0.1,1,0.6632767689791386,1.2997021035707303,0.16743720475098614,1.9216290773286953,11.751511491342804,0.486243850259777,1049,1028,1049,221.79200699873354,0.9799809342230696,0.8409499999970649,1.576200000002359,2.344838785793577,(gap/tau_g)^2+(speed/tau_v)^2+(lateral/tau_y)^2,False
nominal,3,1.8,3146,True,Proposed,service,3,aware,none,0.02,0.1,1,0.6518803567620418,1.2879481594313316,0.16707498647061833,1.8736413106229004,12.041602970046064,0.47510027127205545,1050,1028,1050,222.18804667482843,0.979047619047619,0.8294000000006463,1.5846000000010463,2.2996462559357354,(gap/tau_g)^2+(speed/tau_v)^2+(lateral/tau_y)^2,False
nominal,3,1.8,3147,True,Proposed,service,3,aware,none,0.02,0.1,1,0.6528164909561929,1.2856311666220468,0.1670595535296569,1.9244184764074204,11.948867843894007,0.4341646891979676,1049,1028,1049,221.98883448925602,0.9799809342230696,0.9019499999993741,1.9099999999951933,2.2986463368069106,(gap/tau_g)^2+(speed/tau_v)^2+(lateral/tau_y)^2,False
nominal,3,1.8,3148,True,Proposed,service,3,aware,none,0.02,0.1,1,0.6542866977028402,1.2752713362950325,0.166975528207268,1.8384560959224086,12.012286218036373,0.4926499078875467,1050,1024,1050,222.25938900333185,0.9752380952380952,0.8129499999967038,1.1678999999986672,2.2878250511772165,(gap/tau_g)^2+(speed/tau_v)^2+(lateral/tau_y)^2,False
nominal,3,1.8,3149,True,Proposed,service,3,aware,none,0.02,0.1,1,0.6565097717889854,1.28846573705901,0.16677744909788753,1.8884322520501773,11.787347153247772,0.4800000330245121,1050,1025,1050,222.36397057984667,0.9761904761904762,0.8783500000006939,1.4441000000005033,2.308611414563315,(gap/tau_g)^2+(speed/tau_v)^2+(lateral/tau_y)^2,False
nominal,3,1.8,3150,True,Proposed,service,3,aware,none,0.02,0.1,1,0.6573153694568822,1.2863976493028724,0.16660173968657227,1.791266865948564,11.848639436278859,0.48991799895254085,1050,1029,1050,222.46162525230727,0.98,0.7125500000029206,1.5223000000048614,2.306311734862751,(gap/tau_g)^2+(speed/tau_v)^2+(lateral/tau_y)^2,False
nominal,3,2.0,3101,True,Proposed,service,3,aware,none,0.02,0.1,1,0.6665337187832792,1.3465887538650685,0.16617975488589207,1.7989819713381925,17.327814345500236,0.4853405555062368,1050,1031,1050,222.7303610074517,0.981904761904762,0.8371500000023957,1.7441000000104623,2.4053548360597747,(gap/tau_g)^2+(speed/tau_v)^2+(lateral/tau_y)^2,False
nominal,3,2.0,3102,True,Proposed,service,3,aware,none,0.02,0.1,1,0.6792596867119676,1.357925628570269,0.16655595786477365,1.9079863217000617,17.242520621057118,0.47426485956974607,1049,1034,1049,222.30100255832616,0.9857006673021925,0.8333000000035895,1.4412000000021408,2.454574628539301,(gap/tau_g)^2+(speed/tau_v)^2+(lateral/tau_y)^2,False
nominal,3,2.0,3103,True,Proposed,service,3,aware,none,0.02,0.1,1,0.6698679118244529,1.3460665198130086,0.16655411548059695,1.8449360474888667,17.326577612297037,0.46555065605127866,1050,1038,1050,222.5120442066887,0.9885714285714285,1.097399999999027,3.2265999999907535,2.4156729098064864,(gap/tau_g)^2+(speed/tau_v)^2+(lateral/tau_y)^2,False
nominal,3,2.0,3104,True,Proposed,service,3,aware,none,0.02,0.1,1,0.6758223569885481,1.3550493607132634,0.1666217247468146,1.8596340654723436,17.379657049616313,0.4939182840683639,1049,1020,1049,222.26102157024133,0.9723546234509056,0.7501500000017813,1.6957999999931417,2.4428605369361733,(gap/tau_g)^2+(speed/tau_v)^2+(lateral/tau_y)^2,False
nominal,3,2.0,3105,True,Proposed,service,3,aware,none,0.02,0.1,1,0.6643707098002529,1.3435783426594134,0.1660721752482663,1.8860583008222453,17.22791797889972,0.45504350829039586,1050,1029,1050,222.77839376765218,0.98,0.8911500000010619,3.221300000006977,2.3952115626517148,(gap/tau_g)^2+(speed/tau_v)^2+(lateral/tau_y)^2,False
nominal,3,2.0,3106,True,Proposed,service,3,aware,none,0.02,0.1,1,0.6732481350829457,1.3522621634408745,0.16682546970847345,1.789231867290452,17.50896570214819,0.49352389785769224,1050,1027,1050,222.35069316152877,0.9780952380952381,0.9611999999989962,1.4005000000025802,2.434535209081677,(gap/tau_g)^2+(speed/tau_v)^2+(lateral/tau_y)^2,False
nominal,3,2.0,3107,True,Proposed,service,3,aware,none,0.02,0.1,1,0.6733599370803783,1.362394034300392,0.16690169438468705,1.8158687541510545,17.44362263177168,0.4777742142077551,1049,1029,1049,222.09848071288042,0.9809342230695901,0.8813999999972566,1.5301999999906002,2.4494717474692806,(gap/tau_g)^2+(speed/tau_v)^2+(lateral/tau_y)^2,False
nominal,3,2.0,3108,True,Proposed,service,3,aware,none,0.02,0.1,1,0.6739530975046302,1.3563434810414945,0.167052887552918,1.8845181658415346,17.335178379580917,0.46407408263014527,1050,1029,1050,222.23651513673383,0.98,0.8877499999968563,1.5848000000033835,2.443762001501083,(gap/tau_g)^2+(speed/tau_v)^2+(lateral/tau_y)^2,False
nominal,3,2.0,3109,True,Proposed,service,3,aware,none,0.02,0.1,1,0.6849773183584555,1.3537180964703217,0.16697911544469973,1.8184767183730877,17.439151929035866,0.476254253903594,1050,1027,1050,222.26390598820777,0.9780952380952381,0.8849500000067678,1.91470000000038,2.4661490207082006,(gap/tau_g)^2+(speed/tau_v)^2+(lateral/tau_y)^2,False
nominal,3,2.0,3110,True,Proposed,service,3,aware,none,0.02,0.1,1,0.6690276534965292,1.351023434623721,0.16542984152118007,1.9285148298782655,17.451511302272714,0.4737125707786619,1050,1031,1050,223.13450470686692,0.981904761904762,1.203949999997178,1.8445999999983087,2.4111628980358706,(gap/tau_g)^2+(speed/tau_v)^2+(lateral/tau_y)^2,False
nominal,3,2.0,3111,True,Proposed,service,3,aware,none,0.02,0.1,1,0.6698981178821641,1.3505477779635815,0.16663157034240994,1.8067553691018885,17.413017248612597,0.47923978044204607,1049,1025,1049,222.25700116219448,0.9771210676835081,1.2204499999981522,1.7222000000032267,2.422555446882391,(gap/tau_g)^2+(speed/tau_v)^2+(lateral/tau_y)^2,False
nominal,3,2.0,3112,True,Proposed,service,3,aware,none,0.02,0.1,1,0.6732863539859829,1.3529523619663928,0.1660279086725553,1.7722878645892042,17.166103614761973,0.498139768427751,1050,1030,1050,222.80221919409001,0.9809523809523809,1.121699999998782,1.838300000002846,2.4289425467911125,(gap/tau_g)^2+(speed/tau_v)^2+(lateral/tau_y)^2,False
nominal,3,2.0,3113,True,Proposed,service,3,aware,none,0.02,0.1,1,0.6764719893712475,1.353658331943842,0.16611439809808407,1.8841072734257913,17.21282287538361,0.4805794261817691,1049,1028,1049,222.53968974852603,0.9799809342230696,1.159600000008254,1.7026000000015529,2.4382797638223073,(gap/tau_g)^2+(speed/tau_v)^2+(lateral/tau_y)^2,False
nominal,3,2.0,3114,True,Proposed,service,3,aware,none,0.02,0.1,1,0.6708888488871325,1.3501638844082877,0.16580907743105533,1.91010909546452,17.47567188480742,0.4606655529019824,1050,1036,1050,222.92114785684274,0.9866666666666667,1.2265000000013515,2.07319999999811,2.4175522501290003,(gap/tau_g)^2+(speed/tau_v)^2+(lateral/tau_y)^2,False
nominal,3,2.0,3115,True,Proposed,service,3,aware,none,0.02,0.1,1,0.6705850389857355,1.354416739623012,0.16619400837580617,1.8739514921167908,17.30600042985334,0.42131677996635464,1050,1024,1050,222.7027143272836,0.9752380952380952,1.2002500000036775,1.966500000008864,2.4258911321002072,(gap/tau_g)^2+(speed/tau_v)^2+(lateral/tau_y)^2,False
nominal,3,2.0,3116,True,Proposed,service,3,aware,none,0.02,0.1,1,0.6710542792528593,1.357149681572744,0.16688895247749505,1.851230107476768,17.23658693585122,0.4823959395243086,1050,1037,1050,222.32861821953918,0.9876190476190476,1.294800000003704,2.20400000000609,2.4365780798999888,(gap/tau_g)^2+(speed/tau_v)^2+(lateral/tau_y)^2,False
nominal,3,2.0,3117,True,Proposed,service,3,aware,none,0.02,0.1,1,0.6683279057748698,1.344896102426353,0.1662463419450094,1.8643589918120047,17.54087396104304,0.470111384163452,1050,1029,1050,222.68819194958138,0.98,1.2132499999992774,1.6425000000026557,2.4078416203274786,(gap/tau_g)^2+(speed/tau_v)^2+(lateral/tau_y)^2,False
nominal,3,2.0,3118,True,Proposed,service,3,aware,none,0.02,0.1,1,0.676696985770612,1.3524759692861805,0.16640853249759835,1.8184400189668364,17.25663016327121,0.4957410701158168,1050,1040,1050,222.58667437941955,0.9904761904761905,1.2849499999987302,1.9465000000025157,2.439633718183649,(gap/tau_g)^2+(speed/tau_v)^2+(lateral/tau_y)^2,False
nominal,3,2.0,3119,True,Proposed,service,3,aware,none,0.02,0.1,1,0.6703371735823027,1.349648450895124,0.1666244937665379,1.942842213875894,17.162840143303328,0.46939693130285665,1049,1028,1049,222.26008105401124,0.9799809342230696,1.2402500000021632,1.767700000002037,2.4223036420291573,(gap/tau_g)^2+(speed/tau_v)^2+(lateral/tau_y)^2,False
nominal,3,2.0,3120,True,Proposed,service,3,aware,none,0.02,0.1,1,0.6648363451104373,1.3383511086303987,0.16575352737618684,1.7734819934730477,17.586289559565415,0.487538815129403,1049,1028,1049,222.74391189968506,0.9799809342230696,1.3712499999982697,2.2189999999966403,2.3865158980163,(gap/tau_g)^2+(speed/tau_v)^2+(lateral/tau_y)^2,False
nominal,3,2.0,3121,True,Proposed,service,3,aware,none,0.02,0.1,1,0.6796719098063887,1.360853897454686,0.1672719358225758,1.9452615649510823,17.417821675165236,0.4698334617969486,1050,1028,1050,222.11400007304522,0.979047619047619,1.3130000000032283,2.156299999995781,2.4656077414244266,(gap/tau_g)^2+(speed/tau_v)^2+(lateral/tau_y)^2,False
nominal,3,2.0,3122,True,Proposed,service,3,aware,none,0.02,0.1,1,0.6679068730094213,1.3562284715701547,0.16654157493594132,1.8011895489978822,17.119574724957957,0.4906144547003791,1050,1035,1050,222.53205358733578,0.9857142857142858,1.0979999999989332,1.9484999999974661,2.4249151130599627,(gap/tau_g)^2+(speed/tau_v)^2+(lateral/tau_y)^2,False
nominal,3,2.0,3123,True,Proposed,service,3,aware,none,0.02,0.1,1,0.6682746512308597,1.3566646316776265,0.16715700208816217,1.930913948022209,17.33392261092363,0.46612779387483105,1049,1028,1049,221.97263215730095,0.9799809342230696,1.3424999999998022,2.021400000003837,2.4315266269216753,(gap/tau_g)^2+(speed/tau_v)^2+(lateral/tau_y)^2,False
nominal,3,2.0,3124,True,Proposed,service,3,aware,none,0.02,0.1,1,0.6724772899202794,1.344277307172756,0.16654343569415828,1.7907462044146905,17.550134869470064,0.48173518002446536,1050,1035,1050,222.51682110616665,0.9857142857142858,1.0237499999945499,1.991200000006188,2.4193550552384977,(gap/tau_g)^2+(speed/tau_v)^2+(lateral/tau_y)^2,False
nominal,3,2.0,3125,True,Proposed,service,3,aware,none,0.02,0.1,1,0.6601144472669672,1.3475354199669953,0.16621653201950476,1.8356571829079347,17.318538365787205,0.4660511902370672,1050,1027,1050,222.69583834248417,0.9780952380952381,1.068699999997591,1.6643000000016173,2.391821933881615,(gap/tau_g)^2+(speed/tau_v)^2+(lateral/tau_y)^2,False
nominal,3,2.0,3126,True,Proposed,service,3,aware,none,0.02,0.1,1,0.6702676391445782,1.3509768368177197,0.1658501795817914,1.7880880061780366,17.43984674132713,0.48634585235484007,1050,1023,1050,222.88919828384442,0.9742857142857143,1.279099999997868,10.23770000000468,2.417532267560949,(gap/tau_g)^2+(speed/tau_v)^2+(lateral/tau_y)^2,False
nominal,3,2.0,3127,True,Proposed,service,3,aware,none,0.02,0.1,1,0.6771006840949488,1.3579323387832487,0.16612265955795502,1.8441734903690563,17.260572976155537,0.4736583991511337,1050,1028,1050,222.7563600914982,0.979047619047619,1.0754000000048336,1.8682999999981575,2.4457741806229176,(gap/tau_g)^2+(speed/tau_v)^2+(lateral/tau_y)^2,False
nominal,3,2.0,3128,True,Proposed,service,3,aware,none,0.02,0.1,1,0.6724077871567893,1.3547457033825236,0.1657651812020237,1.8247598727007956,17.397174766247744,0.4727325864191184,1050,1034,1050,222.95869520644314,0.9847619047619047,0.7501499999946759,1.160299999995118,2.4271388955236604,(gap/tau_g)^2+(speed/tau_v)^2+(lateral/tau_y)^2,False
nominal,3,2.0,3129,True,Proposed,service,3,aware,none,0.02,0.1,1,0.6695913020733932,1.3478947453558408,0.1666216346556318,1.8830225173437725,17.522014869032397,0.4891084577367485,1050,1026,1050,222.46920911632557,0.9771428571428571,0.8611999999992292,1.6342999999992003,2.41808946485997,(gap/tau_g)^2+(speed/tau_v)^2+(lateral/tau_y)^2,False
nominal,3,2.0,3130,True,Proposed,service,3,aware,none,0.02,0.1,1,0.6688363242463919,1.351224540870381,0.16684739678867502,1.8662695798473803,17.190872525958923,0.48589687472294096,1050,1029,1050,222.33248897412983,0.98,1.0951000000041233,7.02749999999952,2.422760634298147,(gap/tau_g)^2+(speed/tau_v)^2+(lateral/tau_y)^2,False
nominal,3,2.0,3131,True,Proposed,service,3,aware,none,0.02,0.1,1,0.6727888899470252,1.3629530566058679,0.16742873818010043,1.7731964259358888,17.392622238046947,0.4797176885272686,1048,1020,1048,221.60089808109325,0.9732824427480916,0.9208499999999731,1.9175000000046794,2.4532876246725186,(gap/tau_g)^2+(speed/tau_v)^2+(lateral/tau_y)^2,False
nominal,3,2.0,3132,True,Proposed,service,3,aware,none,0.02,0.1,1,0.6667118886961525,1.3495740957551035,0.16594392326533594,1.8304060898192323,17.523370449558165,0.49029424388158305,1049,1027,1049,222.64510765033498,0.9790276453765491,0.9394000000071401,1.6939000000064652,2.407925621598343,(gap/tau_g)^2+(speed/tau_v)^2+(lateral/tau_y)^2,False
nominal,3,2.0,3133,True,Proposed,service,3,aware,none,0.02,0.1,1,0.6703576882826728,1.3542332835119975,0.1658117257217493,1.8902582767310567,17.42656235866678,0.4789017431770425,1050,1029,1050,222.92403574321787,0.98,0.850100000000964,1.4608000000038146,2.4219226205471363,(gap/tau_g)^2+(speed/tau_v)^2+(lateral/tau_y)^2,False
nominal,3,2.0,3134,True,Proposed,service,3,aware,none,0.02,0.1,1,0.6705130674989718,1.3627458181529948,0.16659903460780642,1.856399525212593,17.222814256730878,0.48788406393233297,1050,1034,1050,222.48098763371212,0.9847619047619047,0.939699999996435,1.706799999993791,2.440635950758813,(gap/tau_g)^2+(speed/tau_v)^2+(lateral/tau_y)^2,False
nominal,3,2.0,3135,True,Proposed,service,3,aware,none,0.02,0.1,1,0.670363229551685,1.3540335647057078,0.16702845267416117,1.7905392005313445,17.356405440894385,0.48262010127384336,1050,1030,1050,222.25327143678982,0.9809523809523809,0.7069499999943218,2.007600000013099,2.431784253365353,(gap/tau_g)^2+(speed/tau_v)^2+(lateral/tau_y)^2,False
nominal,3,2.0,3136,True,Proposed,service,3,aware,none,0.02,0.1,1,0.6714053462783317,1.3543662329338364,0.1658102461795813,1.838298355281337,17.226243807918635,0.46933672190855447,1050,1029,1050,222.92685238218365,0.98,0.8142500000047903,1.243400000007,2.424593120074164,(gap/tau_g)^2+(speed/tau_v)^2+(lateral/tau_y)^2,False
nominal,3,2.0,3137,True,Proposed,service,3,aware,none,0.02,0.1,1,0.6676169822647511,1.3577420595537766,0.16665141658650565,1.809779854072383,17.31510390109691,0.44001716568073157,1048,1018,1048,222.03290244391653,0.9713740458015268,0.9029000000069232,1.4893000000029133,2.4272376306785444,(gap/tau_g)^2+(speed/tau_v)^2+(lateral/tau_y)^2,False
nominal,3,2.0,3138,True,Proposed,service,3,aware,none,0.02,0.1,1,0.6755158413338064,1.3556736232358135,0.1666812866018766,1.8672263998214385,17.103264589944004,0.4439960191497828,1050,1023,1050,222.44440377946574,0.9742857142857143,0.7802499999982615,1.7368000000033135,2.443483842558625,(gap/tau_g)^2+(speed/tau_v)^2+(lateral/tau_y)^2,False
nominal,3,2.0,3139,True,Proposed,service,3,aware,none,0.02,0.1,1,0.6765437709663757,1.337386885108899,0.16580997260756508,1.8573953867706139,17.351541931859387,0.4872752685657382,1050,1023,1050,222.92136020262436,0.9742857142857143,0.7822500000003174,1.489899999995714,2.413585860768065,(gap/tau_g)^2+(speed/tau_v)^2+(lateral/tau_y)^2,False
nominal,3,2.0,3140,True,Proposed,service,3,aware,none,0.02,0.1,1,0.6714947613887534,1.3436174394276024,0.16568646337312418,1.789715297559204,17.287847765535325,0.4834350273121977,1050,1028,1050,223.00401222097062,0.979047619047619,0.8437500000013642,1.545699999994099,2.408984794148922,(gap/tau_g)^2+(speed/tau_v)^2+(lateral/tau_y)^2,False
nominal,3,2.0,3141,True,Proposed,service,3,aware,none,0.02,0.1,1,0.6747334513128908,1.3601392602015587,0.16682199203298623,1.7834982115716205,17.35084608514297,0.4931348506205814,1050,1030,1050,222.35479782486468,0.9809523809523809,0.9386500000019282,1.492299999995339,2.4489665734427697,(gap/tau_g)^2+(speed/tau_v)^2+(lateral/tau_y)^2,False
nominal,3,2.0,3142,True,Proposed,service,3,aware,none,0.02,0.1,1,0.6703627844492761,1.3422071432577694,0.1664638005894974,1.8110701453191949,17.535307024078193,0.4410111628059197,1050,1025,1050,222.55501561053484,0.9761904761904762,0.8472000000026014,1.7038000000013653,2.4108066992729795,(gap/tau_g)^2+(speed/tau_v)^2+(lateral/tau_y)^2,False
nominal,3,2.0,3143,True,Proposed,service,3,aware,none,0.02,0.1,1,0.6658459472277286,1.3418145804073314,0.16620403758644267,1.9023595876560153,17.406277987983806,0.47602859349343374,1050,1028,1050,222.70501421185728,0.979047619047619,0.8084999999979914,1.8657000000104063,2.3973790878715775,(gap/tau_g)^2+(speed/tau_v)^2+(lateral/tau_y)^2,False
nominal,3,2.0,3144,True,Proposed,service,3,aware,none,0.02,0.1,1,0.6701055194776315,1.3525849742939073,0.16664736672778768,1.7893198641851726,17.290732960227267,0.49252683087271654,1050,1026,1050,222.45655970163037,0.9771428571428571,0.8022000000025287,1.2328999999908774,2.4259907379984718,(gap/tau_g)^2+(speed/tau_v)^2+(lateral/tau_y)^2,False
nominal,3,2.0,3145,True,Proposed,service,3,aware,none,0.02,0.1,1,0.6801219616584344,1.366642958755063,0.16679106144942885,1.8664275501402288,17.26653052370289,0.49192337321907753,1049,1024,1049,222.1706387098701,0.9761677788369876,0.7687999999959061,1.5017000000057124,2.470735585599602,(gap/tau_g)^2+(speed/tau_v)^2+(lateral/tau_y)^2,False
nominal,3,2.0,3146,True,Proposed,service,3,aware,none,0.02,0.1,1,0.666211585367725,1.3552723090914014,0.16645583730826077,1.8085267952826316,17.3758003828787,0.4802058418450351,1050,1026,1050,222.5552840476088,0.9771428571428571,0.8648000000022193,1.9317999999941549,2.41885775390003,(gap/tau_g)^2+(speed/tau_v)^2+(lateral/tau_y)^2,False
nominal,3,2.0,3147,True,Proposed,service,3,aware,none,0.02,0.1,1,0.6687504409870603,1.351675190346628,0.1664442127141495,1.8648958102212099,17.508910954368098,0.4440885366219707,1049,1029,1049,222.35563986361547,0.9809342230695901,0.8352500000015084,1.4163999999965426,2.4198184223784165,(gap/tau_g)^2+(speed/tau_v)^2+(lateral/tau_y)^2,False
nominal,3,2.0,3148,True,Proposed,service,3,aware,none,0.02,0.1,1,0.6693362848948679,1.3418209960193406,0.16634943189087806,1.7813290051252273,17.447036845609915,0.4965724233478914,1050,1022,1050,222.62918898179683,0.9733333333333334,0.8324500000043145,1.8633999999906337,2.4068815221372875,(gap/tau_g)^2+(speed/tau_v)^2+(lateral/tau_y)^2,False
nominal,3,2.0,3149,True,Proposed,service,3,aware,none,0.02,0.1,1,0.6724816414399161,1.354973844415223,0.16616378999570916,1.857404414716398,17.256820212851046,0.48474433207615275,1050,1022,1050,222.727345756785,0.9733333333333334,1.1454500000027679,2.7271000000013146,2.43093862722601,(gap/tau_g)^2+(speed/tau_v)^2+(lateral/tau_y)^2,False
nominal,3,2.0,3150,True,Proposed,service,3,aware,none,0.02,0.1,1,0.6749429982858114,1.3526366875319198,0.1659922633357433,1.753887809162904,17.4629324532371,0.4915537394114343,1050,1033,1050,222.81613108301158,0.9838095238095238,0.8834500000034495,1.6746000000011918,2.4321816462215495,(gap/tau_g)^2+(speed/tau_v)^2+(lateral/tau_y)^2,False
nominal,3,2.2,3101,False,Proposed,service,3,aware,none,0.02,0.1,1,0.6736691069157456,1.4054311508745807,0.1655769690441909,1.7738452770350703,22.768461492684622,0.438560617299812,1050,1030,1050,223.08925638069366,0.9809523809523809,0.9947000000067874,2.7501000000000886,2.499976159137612,(gap/tau_g)^2+(speed/tau_v)^2+(lateral/tau_y)^2,False
nominal,3,2.2,3102,False,Proposed,service,3,aware,none,0.02,0.1,1,0.6904695463888625,1.4152098620255564,0.16593823677906733,1.8855114208235162,22.669054878983317,0.46507023829723904,1049,1032,1049,222.66451315790582,0.9837940896091516,0.9767499999924212,1.272900000003574,2.557786211279325,(gap/tau_g)^2+(speed/tau_v)^2+(lateral/tau_y)^2,False
nominal,3,2.2,3103,False,Proposed,service,3,aware,none,0.02,0.1,1,0.6831231800724454,1.4036405492203978,0.16593620402533565,1.8105438014000317,22.762704460871497,0.4719099854405776,1049,1036,1049,222.66050630781592,0.9876072449952336,0.8634000000071751,1.5420000000005984,2.523191082514313,(gap/tau_g)^2+(speed/tau_v)^2+(lateral/tau_y)^2,False
nominal,3,2.2,3104,False,Proposed,service,3,aware,none,0.02,0.1,1,0.684430164967117,1.4140897481960368,0.16600716625366993,1.8388557325574961,22.771306206937474,0.49512229598345847,1049,1022,1049,222.6238467671936,0.9742612011439467,0.9054499999905374,1.7745999999903006,2.541979469288015,(gap/tau_g)^2+(speed/tau_v)^2+(lateral/tau_y)^2,False
nominal,3,2.2,3105,True,Proposed,service,3,aware,none,0.02,0.1,1,0.6768766705170515,1.3999606563932485,0.16547454121175814,1.820757017187896,22.741822009286267,0.4589723216910371,1050,1030,1050,223.13221651766088,0.9809523809523809,0.9936000000010381,1.563699999991286,2.498999660750964,(gap/tau_g)^2+(speed/tau_v)^2+(lateral/tau_y)^2,False
nominal,3,2.2,3106,False,Proposed,service,3,aware,none,0.02,0.1,1,0.6847013455986031,1.4105067894719494,0.16620025974685013,1.748655210749245,22.769402720332586,0.4953694359811319,1050,1029,1050,222.72082460437116,0.98,1.249549999997157,2.01669999999865,2.5390797274706927,(gap/tau_g)^2+(speed/tau_v)^2+(lateral/tau_y)^2,False
nominal,3,2.2,3107,False,Proposed,service,3,aware,none,0.02,0.1,1,0.6882548355523216,1.4186586477940129,0.16627424680479994,1.7655923791985833,22.689116501363692,0.48998988898400764,1049,1030,1049,222.46873945747362,0.9818875119161106,1.2678499999978499,1.6443999999893322,2.56013490925354,(gap/tau_g)^2+(speed/tau_v)^2+(lateral/tau_y)^2,False
nominal,3,2.2,3108,False,Proposed,service,3,aware,none,0.02,0.1,1,0.683569328457763,1.4161039678522624,0.16642092261442978,1.8310095846516588,22.714845682999027,0.41321633041926986,1050,1028,1050,222.60492089450727,0.979047619047619,1.1382499999967877,1.493100000004688,2.5462330071984085,(gap/tau_g)^2+(speed/tau_v)^2+(lateral/tau_y)^2,False
nominal,3,2.2,3109,False,Proposed,service,3,aware,none,0.02,0.1,1,0.6953669164459215,1.4128243710615984,0.16635279455833102,1.7774356103566544,22.66188601234576,0.4852190532382926,1050,1027,1050,222.63416489351488,0.9780952380952381,1.1105499999999324,1.750299999997651,2.569853788733403,(gap/tau_g)^2+(speed/tau_v)^2+(lateral/tau_y)^2,False
nominal,3,2.2,3110,False,Proposed,service,3,aware,none,0.02,0.1,1,0.6792658519992099,1.408028187202804,0.16484043215579505,1.8757459744283735,22.821440106884957,0.47770793999824257,1050,1033,1050,223.48195154999354,0.9838095238095238,1.1340000000004125,1.7155000000030896,2.511081320157353,(gap/tau_g)^2+(speed/tau_v)^2+(lateral/tau_y)^2,False
nominal,3,2.2,3111,False,Proposed,service,3,aware,none,0.02,0.1,1,0.6786664461077184,1.4098041006508848,0.1660158148355935,1.7424340251342092,22.66599820376893,0.48607306217059176,1050,1027,1050,222.83363732926395,0.9780952380952381,1.2993000000065535,2.008199999991689,2.5219095374936757,(gap/tau_g)^2+(speed/tau_v)^2+(lateral/tau_y)^2,False
nominal,3,2.2,3112,False,Proposed,service,3,aware,none,0.02,0.1,1,0.6838956338095802,1.4104206915324904,0.16542401272420615,1.7454299439549237,22.678363756273285,0.49876058711629734,1050,1031,1050,223.15994756061352,0.981904761904762,1.1620000000007735,1.6824000000070782,2.530559906098239,(gap/tau_g)^2+(speed/tau_v)^2+(lateral/tau_y)^2,False
nominal,3,2.2,3113,False,Proposed,service,3,aware,none,0.02,0.1,1,0.6859697399244093,1.4126447805716875,0.16550797367086548,1.8370286875799529,22.674034092162906,0.4810917030545451,1049,1028,1049,222.8970340258136,0.9799809342230696,1.2033000000002403,1.6503000000085422,2.5395090877868616,(gap/tau_g)^2+(speed/tau_v)^2+(lateral/tau_y)^2,False
nominal,3,2.2,3114,False,Proposed,service,3,aware,none,0.02,0.1,1,0.6826714144825665,1.4068395838381718,0.16520473052086035,1.876586973489957,22.75003192411515,0.4701375345434867,1050,1035,1050,223.2798461041807,0.9857142857142858,1.1375000000057867,1.8213000000031343,2.5206257940631525,(gap/tau_g)^2+(speed/tau_v)^2+(lateral/tau_y)^2,False
nominal,3,2.2,3115,False,Proposed,service,3,aware,none,0.02,0.1,1,0.6794527550982583,1.4128636979692615,0.16559091321183342,1.8271107058955043,22.606477304239235,0.43128007149352887,1050,1025,1050,223.0608389091941,0.9761904761904762,1.316500000001497,2.16869999999858,2.524691761008748,(gap/tau_g)^2+(speed/tau_v)^2+(lateral/tau_y)^2,False
nominal,3,2.2,3116,False,Proposed,service,3,aware,none,0.02,0.1,1,0.6837444907399451,1.4146010083636442,0.1662584031089564,1.7795371153266044,22.9202846465921,0.4858039011229136,1050,1037,1050,222.69987397210932,0.9876190476190476,1.158599999996568,2.0029000000079122,2.543136486151997,(gap/tau_g)^2+(speed/tau_v)^2+(lateral/tau_y)^2,False
nominal,3,2.2,3117,False,Proposed,service,3,aware,none,0.02,0.1,1,0.6804541826420568,1.4010305980414404,0.16563428927987345,1.796811381945667,22.936022084703005,0.44442689072346075,1050,1031,1050,223.05055291850599,0.981904761904762,1.08929999999674,1.6971000000012282,2.5104836933186,(gap/tau_g)^2+(speed/tau_v)^2+(lateral/tau_y)^2,False
nominal,3,2.2,3118,False,Proposed,service,3,aware,none,0.02,0.1,1,0.6876839094815086,1.4103298475761739,0.1657970655036232,1.7880735270517307,22.688018370825944,0.49673566137098457,1050,1038,1050,222.94848257042247,0.9885714285714285,1.3103500000042345,2.9473000000024285,2.5427554344761765,(gap/tau_g)^2+(speed/tau_v)^2+(lateral/tau_y)^2,False
nominal,3,2.2,3119,False,Proposed,service,3,aware,none,0.02,0.1,1,0.6816958714564462,1.407729360995132,0.16601271691747216,1.8579221291707084,22.759225134462703,0.49290408683547526,1050,1031,1050,222.83390219335874,0.981904761904762,1.2880500000065354,2.425100000010616,2.526227777489278,(gap/tau_g)^2+(speed/tau_v)^2+(lateral/tau_y)^2,False
nominal,3,2.2,3120,True,Proposed,service,3,aware,none,0.02,0.1,1,0.6761338196684207,1.3947580428512822,0.16516314515228075,1.7363902711791697,22.888543026102624,0.49167330237474727,1049,1027,1049,223.09293292136215,0.9790276453765491,1.1008499999931587,2.028199999998037,2.487220574769851,(gap/tau_g)^2+(speed/tau_v)^2+(lateral/tau_y)^2,False
nominal,3,2.2,3121,False,Proposed,service,3,aware,none,0.02,0.1,1,0.6903317426416978,1.4199805429395131,0.16663514638460633,1.8993142200333428,22.86931027770926,0.47792649823824385,1050,1030,1050,222.49005564602305,0.9809523809523809,1.02275000000418,1.8797999999975445,2.570143188710214,(gap/tau_g)^2+(speed/tau_v)^2+(lateral/tau_y)^2,False
nominal,3,2.2,3122,False,Proposed,service,3,aware,none,0.02,0.1,1,0.6787002136372337,1.414364688883143,0.16591248444005216,1.7374437232154618,22.566741129185353,0.4955218771829515,1049,1032,1049,222.68789133455851,0.9837940896091516,1.097000000001458,3.3440999999925225,2.5277049274605763,(gap/tau_g)^2+(speed/tau_v)^2+(lateral/tau_y)^2,False
nominal,3,2.2,3123,False,Proposed,service,3,aware,none,0.02,0.1,1,0.6790244819331259,1.4153813413090885,0.16652794474201163,1.881079266914184,22.688568982587128,0.47263838812629255,1049,1027,1049,222.34364521845063,0.9790276453765491,0.7850500000046168,1.5038999999887892,2.535070511533835,(gap/tau_g)^2+(speed/tau_v)^2+(lateral/tau_y)^2,False
nominal,3,2.2,3124,False,Proposed,service,3,aware,none,0.02,0.1,1,0.6838946462662004,1.4012095038541172,0.16593311968407404,1.7287709809844052,22.944229515930537,0.48989030984478743,1050,1032,1050,222.8796552310556,0.9828571428571429,0.7546000000004938,1.4014000000059923,2.5215614136799855,(gap/tau_g)^2+(speed/tau_v)^2+(lateral/tau_y)^2,False
nominal,3,2.2,3125,False,Proposed,service,3,aware,none,0.02,0.1,1,0.6704992957073269,1.4051275014977607,0.16560883094077097,1.8065779843114689,22.74427648192146,0.47584365769858894,1050,1027,1050,223.0550902288593,0.9780952380952381,0.8446999999982552,10.063499999994008,2.492229859160115,(gap/tau_g)^2+(speed/tau_v)^2+(lateral/tau_y)^2,False
nominal,3,2.2,3126,False,Proposed,service,3,aware,none,0.02,0.1,1,0.6803580166579997,1.4087431264693242,0.1652573943722776,1.7802911844017884,22.707719223829322,0.49089880641164363,1050,1022,1050,223.24327619967033,0.9733333333333334,0.8196500000003937,1.9695000000012897,2.5181896187241666,(gap/tau_g)^2+(speed/tau_v)^2+(lateral/tau_y)^2,False
nominal,3,2.2,3127,False,Proposed,service,3,aware,none,0.02,0.1,1,0.6861634003276816,1.417255986026614,0.1655055202211334,1.7900216322189384,22.630526683043996,0.477498673509251,1050,1030,1050,223.11598962375734,0.9809523809523809,0.8431499999943526,1.8128999999902362,2.5466189723197497,(gap/tau_g)^2+(speed/tau_v)^2+(lateral/tau_y)^2,False
nominal,3,2.2,3128,False,Proposed,service,3,aware,none,0.02,0.1,1,0.6816278177092663,1.4123933499833186,0.16515691592386048,1.773421472317946,22.673856408326294,0.4858093677987022,1050,1035,1050,223.31642509089903,0.9857142857142858,0.7882499999993797,1.3648000000046068,2.525688179153408,(gap/tau_g)^2+(speed/tau_v)^2+(lateral/tau_y)^2,False
nominal,3,2.2,3129,False,Proposed,service,3,aware,none,0.02,0.1,1,0.680027448848322,1.4063297099921745,0.16600373619488798,1.8293743656026744,22.95343333715099,0.4935932189226946,1050,1026,1050,222.83574824620405,0.9771428571428571,0.9343999999984476,1.6851000000031036,2.5201047060550588,(gap/tau_g)^2+(speed/tau_v)^2+(lateral/tau_y)^2,False
nominal,3,2.2,3130,False,Proposed,service,3,aware,none,0.02,0.1,1,0.6786994094099791,1.409628807966136,0.16622135657781117,1.8077476934354637,22.519908548718753,0.49291928709214994,1050,1033,1050,222.70226371685422,0.9838095238095238,0.9068499999997925,1.4038999999996804,2.523444140140693,(gap/tau_g)^2+(speed/tau_v)^2+(lateral/tau_y)^2,False
nominal,3,2.2,3131,False,Proposed,service,3,aware,none,0.02,0.1,1,0.6820085474048516,1.4225413290937925,0.16678488813758302,1.7571625711403502,22.79422275299865,0.48517258275286923,1048,1019,1048,221.98036606980784,0.9723282442748091,0.7041000000000963,2.32069999999851,2.554798949800174,(gap/tau_g)^2+(speed/tau_v)^2+(lateral/tau_y)^2,False
nominal,3,2.2,3132,False,Proposed,service,3,aware,none,0.02,0.1,1,0.6747782338278511,1.407654405853662,0.16534061567495556,1.7904236360524757,22.72413457929032,0.493948553823538,1048,1026,1048,222.78962745298472,0.9790076335877863,0.8775499999984504,1.3806999999985692,2.5038705867388416,(gap/tau_g)^2+(speed/tau_v)^2+(lateral/tau_y)^2,False
nominal,3,2.2,3133,False,Proposed,service,3,aware,none,0.02,0.1,1,0.6831199968171416,1.4104349025695477,0.16522759406139775,1.8381101014903194,22.774942156052376,0.43433733647490047,1050,1025,1050,223.27292320097945,0.9761904761904762,0.8286499999954344,2.038100000007148,2.5270717133237026,(gap/tau_g)^2+(speed/tau_v)^2+(lateral/tau_y)^2,False
nominal,3,2.2,3134,False,Proposed,service,3,aware,none,0.02,0.1,1,0.6826373863085827,1.4202139875183004,0.16597260044763543,1.809242658516071,22.6216855198532,0.49557020499619386,1050,1032,1050,222.85216489374503,0.9828571428571429,0.7282500000016512,1.5257000000019616,2.5461916239283937,(gap/tau_g)^2+(speed/tau_v)^2+(lateral/tau_y)^2,False
nominal,3,2.2,3135,False,Proposed,service,3,aware,none,0.02,0.1,1,0.6804885487618068,1.4138772761986504,0.1663943122928938,1.7454817288942635,22.792967298425168,0.4839336157753855,1050,1030,1050,222.62701279397766,0.9809523809523809,0.8594999999971265,1.6614000000032547,2.5353256849604127,(gap/tau_g)^2+(speed/tau_v)^2+(lateral/tau_y)^2,False
nominal,3,2.2,3136,False,Proposed,service,3,aware,none,0.02,0.1,1,0.6821754810590158,1.4119033422856977,0.16520822822703107,1.7916548924739129,22.822575525244694,0.47713048475799336,1050,1029,1050,223.28023689846864,0.98,0.8376499999940279,1.3323000000013963,2.5267337200578313,(gap/tau_g)^2+(speed/tau_v)^2+(lateral/tau_y)^2,False
nominal,3,2.2,3137,False,Proposed,service,3,aware,none,0.02,0.1,1,0.6793963208624464,1.4157036885126162,0.16603239390152663,1.7645426704708214,22.659516420587863,0.4367098495000753,1048,1016,1048,222.3985581761452,0.9694656488549618,0.8188999999987345,1.617300000006594,2.532314085965252,(gap/tau_g)^2+(speed/tau_v)^2+(lateral/tau_y)^2,False
nominal,3,2.2,3138,False,Proposed,service,3,aware,none,0.02,0.1,1,0.6852107923234386,1.4148487364541882,0.16605888215935563,1.8118550022846789,22.499438412524803,0.4953216374050543,1050,1025,1050,222.8119705953315,0.9761904761904762,0.845949999998652,2.0540000000011105,2.5454050347679438,(gap/tau_g)^2+(speed/tau_v)^2+(lateral/tau_y)^2,False
nominal,3,2.2,3139,True,Proposed,service,3,aware,none,0.02,0.1,1,0.6872878288148715,1.3942217092769318,0.1652075331135873,1.798268948891417,22.644793679247762,0.49194451261678396,1050,1021,1050,223.27896379330122,0.9723809523809523,0.8114000000034594,1.3926999999966938,2.513859776058809,(gap/tau_g)^2+(speed/tau_v)^2+(lateral/tau_y)^2,False
nominal,3,2.2,3140,True,Proposed,service,3,aware,none,0.02,0.1,1,0.6819291094508976,1.3999366002269824,0.16508900954114064,1.7397074337566218,22.61921079668832,0.48805065912693724,1050,1028,1050,223.35696823106963,0.979047619047619,0.9116499999990424,1.3165999999955602,2.5079841760687756,(gap/tau_g)^2+(speed/tau_v)^2+(lateral/tau_y)^2,False
nominal,3,2.2,3141,False,Proposed,service,3,aware,none,0.02,0.1,1,0.6842127123908325,1.419435548522871,0.166192010946126,1.7731263371507229,22.71642107630288,0.49394592261635706,1050,1031,1050,222.72723041345688,0.981904761904762,0.8602499999952329,1.7138000000045395,2.550713803617718,(gap/tau_g)^2+(speed/tau_v)^2+(lateral/tau_y)^2,False
nominal,3,2.2,3142,True,Proposed,service,3,aware,none,0.02,0.1,1,0.6806336994991072,1.3999531228154651,0.1658549710288261,1.768822116916447,22.883780167810798,0.48951770428268093,1050,1027,1050,222.91704780762498,0.9780952380952381,0.8233000000075208,1.2124999999940655,2.511207122011383,(gap/tau_g)^2+(speed/tau_v)^2+(lateral/tau_y)^2,False
nominal,3,2.2,3143,True,Proposed,service,3,aware,none,0.02,0.1,1,0.6762229159449663,1.39925101899538,0.1655905518067317,1.8609616597489318,22.784853238430237,0.48439372094906086,1050,1027,1050,223.06774547990378,0.9780952380952381,0.7656499999910693,1.3796000000070308,2.4973737415143877,(gap/tau_g)^2+(speed/tau_v)^2+(lateral/tau_y)^2,False
nominal,3,2.2,3144,False,Proposed,service,3,aware,none,0.02,0.1,1,0.6818565984947218,1.4102440051440472,0.16602532798130618,1.7684543931830874,22.632052250267613,0.49523216964783856,1050,1025,1050,222.82385429699977,0.9761904761904762,0.9725000000031514,3.2497999999918648,2.530337486931314,(gap/tau_g)^2+(speed/tau_v)^2+(lateral/tau_y)^2,False
nominal,3,2.2,3145,False,Proposed,service,3,aware,none,0.02,0.1,1,0.6905876571361603,1.4255538388109494,0.1661671614736741,1.818949155296549,22.68419633956023,0.49358578370126693,1049,1026,1049,222.5388821463649,0.9780743565300286,0.9339499999967416,1.588600000005158,2.5749691181920067,(gap/tau_g)^2+(speed/tau_v)^2+(lateral/tau_y)^2,False
nominal,3,2.2,3146,False,Proposed,service,3,aware,none,0.02,0.1,1,0.6762966092675067,1.4138962246185085,0.1658423692934824,1.7808345166364896,22.655028794479364,0.4856086919650954,1050,1024,1050,222.91820108638538,0.9752380952380952,0.9132499999964239,1.8443000000019083,2.5206574098001937,(gap/tau_g)^2+(speed/tau_v)^2+(lateral/tau_y)^2,False
nominal,3,2.2,3147,False,Proposed,service,3,aware,none,0.02,0.1,1,0.6769483352949166,1.4107753010038406,0.1658343602870454,1.8483388078865828,22.922698791620995,0.45155929508121095,1049,1032,1049,222.71648774872656,0.9837940896091516,0.9568500000014524,1.3832000000064681,2.5176611549367625,(gap/tau_g)^2+(speed/tau_v)^2+(lateral/tau_y)^2,False
nominal,3,2.2,3148,True,Proposed,service,3,aware,none,0.02,0.1,1,0.6813372854593922,1.3987381912965207,0.1657338953888221,1.756297391634966,22.774282071920503,0.4965724233478914,1050,1023,1050,222.99403782988617,0.9742857142857143,0.8650000000045566,1.737999999988915,2.5101722132521656,(gap/tau_g)^2+(speed/tau_v)^2+(lateral/tau_y)^2,False
nominal,3,2.2,3149,False,Proposed,service,3,aware,none,0.02,0.1,1,0.6858885536197866,1.4106729490224175,0.1655553801106481,1.8023555799189215,22.72515295983289,0.48921162071405533,1050,1020,1050,223.08655648279492,0.9714285714285714,0.8417499999993083,1.7677999999961003,2.53686308849506,(gap/tau_g)^2+(speed/tau_v)^2+(lateral/tau_y)^2,False
nominal,3,2.2,3150,False,Proposed,service,3,aware,none,0.02,0.1,1,0.6835225876452532,1.4113790513959998,0.16539730159098348,1.726488083430318,22.68910137932196,0.48239712817747904,1050,1029,1050,223.1724651203651,0.98,0.8459000000016204,1.7508000000105994,2.530811873055458,(gap/tau_g)^2+(speed/tau_v)^2+(lateral/tau_y)^2,False
nominal,3,2.4,3101,False,Proposed,service,3,aware,none,0.02,0.1,1,0.6786363081006461,1.456578885345672,0.16498013235249673,1.733128556076093,28.274563093397582,0.4507669664493774,1050,1031,1050,223.44278510516236,0.981904761904762,1.1117499999997449,1.9832000000121752,2.581671977506477,(gap/tau_g)^2+(speed/tau_v)^2+(lateral/tau_y)^2,False
nominal,3,2.4,3102,False,Proposed,service,3,aware,none,0.02,0.1,1,0.6965738505345125,1.466264837219563,0.16533144731362517,1.8506639235308533,28.176946594603983,0.47246795112005413,1049,1032,1049,223.02327966746526,0.9837940896091516,1.3003500000010604,1.963200000005827,2.6428712349014516,(gap/tau_g)^2+(speed/tau_v)^2+(lateral/tau_y)^2,False
nominal,3,2.4,3103,False,Proposed,service,3,aware,none,0.02,0.1,1,0.688269953585566,1.4555764997753187,0.16532998576927238,1.7494155477102924,28.231386080192514,0.47746670457042006,1049,1033,1049,223.0186766770261,0.9847473784556721,1.241600000000176,2.0615000000105965,2.6064819364941005,(gap/tau_g)^2+(speed/tau_v)^2+(lateral/tau_y)^2,False
nominal,3,2.4,3104,False,Proposed,service,3,aware,none,0.02,0.1,1,0.6908619760259015,1.4641070859434493,0.1653981326827489,1.7847506849631212,27.990170094868994,0.49668122184682273,1049,1021,1049,222.98423219620943,0.9733079122974261,1.1087999999972453,1.4474999999976035,2.626107939268619,(gap/tau_g)^2+(speed/tau_v)^2+(lateral/tau_y)^2,False
nominal,3,2.4,3105,False,Proposed,service,3,aware,none,0.02,0.1,1,0.6832169490471572,1.4497887811719736,0.16488882689861448,1.78772637526361,28.301668877022344,0.4624954728992927,1050,1033,1050,223.48166861300717,0.9838095238095238,1.1336999999969066,1.570500000013908,2.5819404278014506,(gap/tau_g)^2+(speed/tau_v)^2+(lateral/tau_y)^2,False
nominal,3,2.4,3106,False,Proposed,service,3,aware,none,0.02,0.1,1,0.6883763005611793,1.4636797806759254,0.16558558128825576,1.7149287102671695,28.118384512574565,0.4953694359811319,1050,1030,1050,223.08573512743388,0.9809523809523809,1.1221000000034564,1.9568999999961534,2.6209258804446027,(gap/tau_g)^2+(speed/tau_v)^2+(lateral/tau_y)^2,False
nominal,3,2.4,3107,False,Proposed,service,3,aware,none,0.02,0.1,1,0.6916752445311233,1.4713980869072527,0.16565765656421227,1.7028952331131066,28.109609602930362,0.49394411452637754,1048,1027,1048,222.6218139523682,0.9799618320610687,1.1975499999934414,1.9960000000054379,2.6411745295723117,(gap/tau_g)^2+(speed/tau_v)^2+(lateral/tau_y)^2,False
nominal,3,2.4,3108,False,Proposed,service,3,aware,none,0.02,0.1,1,0.6909774084021233,1.4662732027674208,0.1658180330910643,1.7775083006453536,28.238712423482816,0.4194716911392119,1050,1032,1050,222.9655916741238,0.9828571428571429,1.1480499999905192,1.6054000000025326,2.6331069998119876,(gap/tau_g)^2+(speed/tau_v)^2+(lateral/tau_y)^2,False
nominal,3,2.4,3109,False,Proposed,service,3,aware,none,0.02,0.1,1,0.6994479201366244,1.4652541450970413,0.16573799670271977,1.7298419269935266,28.05168418342786,0.49250611765290053,1050,1029,1050,222.99863252684696,0.98,1.1123000000026195,1.7457000000007383,2.6518573853447895,(gap/tau_g)^2+(speed/tau_v)^2+(lateral/tau_y)^2,False
nominal,3,2.4,3110,False,Proposed,service,3,aware,none,0.02,0.1,1,0.685144644776807,1.4573797046698798,0.1642648322819567,1.8284779783123475,28.139235786184358,0.48309613598637036,1050,1033,1050,223.82583156431846,0.9838095238095238,1.3991000000004306,2.093999999999596,2.592754301632793,(gap/tau_g)^2+(speed/tau_v)^2+(lateral/tau_y)^2,False
nominal,3,2.4,3111,False,Proposed,service,3,aware,none,0.02,0.1,1,0.6858514154945141,1.4597160078063438,0.16540734758760503,1.7376863847767816,27.961321494873182,0.4924502061065802,1050,1032,1050,223.1940218409872,0.9828571428571429,1.5495999999970422,2.3786000000001195,2.607370473286607,(gap/tau_g)^2+(speed/tau_v)^2+(lateral/tau_y)^2,False
nominal,3,2.4,3112,False,Proposed,service,3,aware,none,0.02,0.1,1,0.6896875449207417,1.4610924641664764,0.16483141755498407,1.7004465758963896,28.25135307523866,0.47493851166899725,1050,1031,1050,223.51316939014194,0.981904761904762,1.3181500000030155,1.8267999999892481,2.6140477004113936,(gap/tau_g)^2+(speed/tau_v)^2+(lateral/tau_y)^2,False
nominal,3,2.4,3113,False,Proposed,service,3,aware,none,0.02,0.1,1,0.6916108254158643,1.4631293965117615,0.16491923188429192,1.7966788844739445,28.029875389628934,0.4808589971907563,1049,1027,1049,223.24891979768887,0.9790276453765491,1.168099999993899,2.129300000007106,2.6225335097730023,(gap/tau_g)^2+(speed/tau_v)^2+(lateral/tau_y)^2,False
nominal,3,2.4,3114,False,Proposed,service,3,aware,none,0.02,0.1,1,0.6874337672799916,1.4570927805721356,0.16461750540356973,1.8222766046134335,28.124990540127882,0.4763911351183835,1049,1033,1049,223.4173632191903,0.9847473784556721,1.2447000000008757,2.0512999999908743,2.600813129481643,(gap/tau_g)^2+(speed/tau_v)^2+(lateral/tau_y)^2,False
nominal,3,2.4,3115,False,Proposed,service,3,aware,none,0.02,0.1,1,0.6857509259269137,1.4633579811377317,0.16499620962179604,1.787553601361349,27.973103027550884,0.44049164250806794,1050,1024,1050,223.41428496918812,0.9752380952380952,1.162299999997174,2.0087999999987005,2.6091609118819137,(gap/tau_g)^2+(speed/tau_v)^2+(lateral/tau_y)^2,False
nominal,3,2.4,3116,False,Proposed,service,3,aware,none,0.02,0.1,1,0.6890294647129385,1.4662956927972506,0.16564431944575117,1.7334859880734352,28.118688886460376,0.4894719145162465,1050,1035,1050,223.0620834303674,0.9857142857142858,1.1894000000012284,1.7797000000001617,2.6269221822641,(gap/tau_g)^2+(speed/tau_v)^2+(lateral/tau_y)^2,False
nominal,3,2.4,3117,False,Proposed,service,3,aware,none,0.02,0.1,1,0.6856428881743615,1.4530627753913914,0.16504374566526042,1.7912513766215048,28.30840826305871,0.46584926630002543,1050,1033,1050,223.4020002933886,0.9838095238095238,1.095399999996971,7.956499999991706,2.5939707771041265,(gap/tau_g)^2+(speed/tau_v)^2+(lateral/tau_y)^2,False
nominal,3,2.4,3118,False,Proposed,service,3,aware,none,0.02,0.1,1,0.6930227147946605,1.461384856557493,0.1652012663748396,1.7496573637701829,28.088962943615392,0.49673566137098457,1050,1037,1050,223.30457357093118,0.9876190476190476,1.0877500000034956,1.8828999999982443,2.62573358300613,(gap/tau_g)^2+(speed/tau_v)^2+(lateral/tau_y)^2,False
nominal,3,2.4,3119,False,Proposed,service,3,aware,none,0.02,0.1,1,0.6896246213103344,1.4574024934444139,0.1654054156358287,1.8209582690238173,28.15825896790728,0.4750925426794601,1050,1030,1050,223.19333950087443,0.9809523809523809,0.8601999999982013,1.1276999999978443,2.6131378176059483,(gap/tau_g)^2+(speed/tau_v)^2+(lateral/tau_y)^2,False
nominal,3,2.4,3120,False,Proposed,service,3,aware,none,0.02,0.1,1,0.6814994529325777,1.4450161731713482,0.16458737229260162,1.7023853285579047,28.157151048632223,0.5012099786272253,1049,1028,1049,223.43498899088343,0.9799809342230696,0.9224499999973546,6.828499999997462,2.5682415883216754,(gap/tau_g)^2+(speed/tau_v)^2+(lateral/tau_y)^2,False
nominal,3,2.4,3121,False,Proposed,service,3,aware,none,0.02,0.1,1,0.6960850501472118,1.4726811880814323,0.16601200393538643,1.8630769336578767,28.20462072000179,0.4738629191514061,1050,1029,1050,222.85979942667,0.98,1.0323999999961586,8.284899999999595,2.656919569751677,(gap/tau_g)^2+(speed/tau_v)^2+(lateral/tau_y)^2,False
nominal,3,2.4,3122,False,Proposed,service,3,aware,none,0.02,0.1,1,0.6846226982302261,1.4646746006721671,0.16530315905466383,1.6855105847284055,28.205445440992264,0.4955218771829515,1049,1031,1049,223.04742185707173,0.982840800762631,0.8415500000040765,1.9172999999952367,2.610913821604778,(gap/tau_g)^2+(speed/tau_v)^2+(lateral/tau_y)^2,False
nominal,3,2.4,3123,False,Proposed,service,3,aware,none,0.02,0.1,1,0.6861691028760798,1.4667959002819857,0.16591205577197493,1.8488142345285694,28.085500482730772,0.47942035997627874,1049,1027,1049,222.70871599215837,0.9790276453765491,0.9221500000080596,1.891599999993332,2.622896967222282,(gap/tau_g)^2+(speed/tau_v)^2+(lateral/tau_y)^2,False
nominal,3,2.4,3124,False,Proposed,service,3,aware,none,0.02,0.1,1,0.6893163494838632,1.4529298585693926,0.16533350620545934,1.686778789892088,28.270883077730005,0.4974056792854503,1050,1034,1050,223.23548159234448,0.9847619047619047,0.9606499999890161,1.598299999997721,2.6051462712323454,(gap/tau_g)^2+(speed/tau_v)^2+(lateral/tau_y)^2,False
nominal,3,2.4,3125,False,Proposed,service,3,aware,none,0.02,0.1,1,0.6772970264400736,1.455489036447516,0.16501722552183498,1.7888122473835542,28.127750038751174,0.4845914022307338,1050,1026,1050,223.4058022177345,0.9771428571428571,1.0636499999989724,1.7038999999954285,2.5771303489289226,(gap/tau_g)^2+(speed/tau_v)^2+(lateral/tau_y)^2,False
nominal,3,2.4,3126,False,Proposed,service,3,aware,none,0.02,0.1,1,0.6851755795217824,1.4595474466465133,0.1646678645018619,1.7443681530550443,28.252560516950254,0.49557694613109704,1050,1025,1050,223.59283420793935,0.9761904761904762,0.8819500000072367,1.4802000000031512,2.599370019014625,(gap/tau_g)^2+(speed/tau_v)^2+(lateral/tau_y)^2,False
nominal,3,2.4,3127,False,Proposed,service,3,aware,none,0.02,0.1,1,0.6930956276759902,1.4675141503372064,0.16491299626875927,1.750039632141918,27.992947106984992,0.47728514952295054,1050,1029,1050,223.46757602827174,0.98,0.823749999995016,1.486600000006888,2.632693429594975,(gap/tau_g)^2+(speed/tau_v)^2+(lateral/tau_y)^2,False
nominal,3,2.4,3128,False,Proposed,service,3,aware,none,0.02,0.1,1,0.6909681525010273,1.4612415254808813,0.16456690259247508,1.7129173965612283,28.040608585457917,0.4888369415002851,1050,1032,1050,223.66660019471317,0.9828571428571429,0.9196999999971922,1.647599999998306,2.615234929293223,(gap/tau_g)^2+(speed/tau_v)^2+(lateral/tau_y)^2,False
nominal,3,2.4,3129,False,Proposed,service,3,aware,none,0.02,0.1,1,0.6853252701376734,1.4579499678625323,0.1653940891738065,1.7998647251786808,28.447178605998175,0.4958303808650488,1050,1029,1050,223.19681783733756,0.98,0.8396999999931154,1.6978999999963662,2.6033493327966597,(gap/tau_g)^2+(speed/tau_v)^2+(lateral/tau_y)^2,False
nominal,3,2.4,3130,False,Proposed,service,3,aware,none,0.02,0.1,1,0.6852649706946746,1.459812528663387,0.16560842281885269,1.7678725533015966,28.012648307037814,0.478384535497281,1050,1030,1050,223.06795941884272,0.9809523809523809,0.7729999999952497,2.1516999999988684,2.607748740463228,(gap/tau_g)^2+(speed/tau_v)^2+(lateral/tau_y)^2,False
nominal,3,2.4,3131,False,Proposed,service,3,aware,none,0.02,0.1,1,0.6897390561490486,1.4738021048372707,0.1661550402615833,1.6995381356240529,28.189298008286727,0.4907101993560331,1048,1018,1048,222.35114881126106,0.9713740458015268,0.7060000000009836,2.1040000000027703,2.64415790667916,(gap/tau_g)^2+(speed/tau_v)^2+(lateral/tau_y)^2,False
nominal,3,2.4,3132,False,Proposed,service,3,aware,none,0.02,0.1,1,0.6804965541995013,1.4572731474487193,0.16474765472518904,1.747393967227106,27.998928309513204,0.49745284192314154,1048,1027,1048,223.13979507686204,0.9799618320610687,0.7834000000030983,1.3781999999906702,2.585282544273836,(gap/tau_g)^2+(speed/tau_v)^2+(lateral/tau_y)^2,False
nominal,3,2.4,3133,False,Proposed,service,3,aware,none,0.02,0.1,1,0.6904416503511447,1.4599894567105536,0.1646414325858363,1.83598454989447,28.157902532625158,0.48043658360052643,1050,1028,1050,223.6216273675443,0.979047619047619,0.9173500000017043,1.3351999999997588,2.6126892085058504,(gap/tau_g)^2+(speed/tau_v)^2+(lateral/tau_y)^2,False
nominal,3,2.4,3134,False,Proposed,service,3,aware,none,0.02,0.1,1,0.6886905286811662,1.4717891939065975,0.16536472570855487,1.7564399451827986,28.08675297569105,0.49557020499619386,1050,1033,1050,223.21228365034045,0.9838095238095238,0.9040999999996302,1.8616999999920836,2.6320132155963343,(gap/tau_g)^2+(speed/tau_v)^2+(lateral/tau_y)^2,False
nominal,3,2.4,3135,False,Proposed,service,3,aware,none,0.02,0.1,1,0.6860180676624938,1.4652727788198625,0.16577241035854223,1.6987034608309723,28.257254109660956,0.4939736655762912,1050,1031,1050,222.99520077846316,0.981904761904762,0.8664500000037378,1.7773999999946,2.6190920511963856,(gap/tau_g)^2+(speed/tau_v)^2+(lateral/tau_y)^2,False
nominal,3,2.4,3136,False,Proposed,service,3,aware,none,0.02,0.1,1,0.6897008416968524,1.460833833713655,0.16462730044524962,1.74196288887251,28.21968424154823,0.49973057014654343,1050,1030,1050,223.62627412783598,0.9809523809523809,0.8409499999970649,1.7459999999971387,2.612013542569031,(gap/tau_g)^2+(speed/tau_v)^2+(lateral/tau_y)^2,False
nominal,3,2.4,3137,False,Proposed,service,3,aware,none,0.02,0.1,1,0.6858034070452192,1.4668329532516284,0.16542121052768338,1.7261791513269658,28.064091282588635,0.4461297591761493,1049,1015,1049,222.97129040239085,0.9675881792183031,0.9239000000036413,1.7653999999964753,2.617994637389626,(gap/tau_g)^2+(speed/tau_v)^2+(lateral/tau_y)^2,False
nominal,3,2.4,3138,False,Proposed,service,3,aware,none,0.02,0.1,1,0.6917374022759406,1.465782388867792,0.1654391242361012,1.743345507450308,27.941819078664018,0.4913235329579856,1050,1026,1050,223.17705743127243,0.9771428571428571,0.8030500000018037,1.3409000000024207,2.631103047894131,(gap/tau_g)^2+(speed/tau_v)^2+(lateral/tau_y)^2,False
nominal,3,2.4,3139,False,Proposed,service,3,aware,none,0.02,0.1,1,0.692746985237005,1.4446503352692168,0.16462552846894088,1.7612536966527523,28.13340865041689,0.4974922288486179,1050,1019,1050,223.6254169915773,0.9704761904761905,0.8047000000033222,1.2863999999979114,2.5954951638767967,(gap/tau_g)^2+(speed/tau_v)^2+(lateral/tau_y)^2,False
nominal,3,2.4,3140,False,Proposed,service,3,aware,none,0.02,0.1,1,0.6884626139465325,1.4499652050499072,0.16452263693405156,1.707409268659254,28.014978748333995,0.4913207683581948,1050,1028,1050,223.6936057305605,0.979047619047619,1.0795500000000402,3.3820999999960577,2.59197753294552,(gap/tau_g)^2+(speed/tau_v)^2+(lateral/tau_y)^2,False
nominal,3,2.4,3141,False,Proposed,service,3,aware,none,0.02,0.1,1,0.69113922087351,1.4707194764626563,0.1655768816546795,1.7261643224486642,28.061018774780692,0.49394592261635706,1050,1033,1050,223.0917869989776,0.9838095238095238,0.9648500000025706,1.6400000000089676,2.638169268047505,(gap/tau_g)^2+(speed/tau_v)^2+(lateral/tau_y)^2,False
nominal,3,2.4,3142,False,Proposed,service,3,aware,none,0.02,0.1,1,0.6868097413403387,1.4503961240018461,0.16525393045297468,1.753005536740303,28.322151081270313,0.45979542362419634,1050,1027,1050,223.27476275114824,0.9780952380952381,0.9449999999944225,2.105200000002583,2.5946031276509482,(gap/tau_g)^2+(speed/tau_v)^2+(lateral/tau_y)^2,False
nominal,3,2.4,3143,False,Proposed,service,3,aware,none,0.02,0.1,1,0.6824417524787756,1.4496758711102617,0.1649872811694889,1.7891944657818062,28.23852658047162,0.49130097810358997,1050,1026,1050,223.42591096421248,0.9771428571428571,0.9451000000026966,1.7098000000004276,2.5807032891810775,(gap/tau_g)^2+(speed/tau_v)^2+(lateral/tau_y)^2,False
nominal,3,2.4,3144,False,Proposed,service,3,aware,none,0.02,0.1,1,0.68828154074332,1.4609471096260351,0.16541537128569878,1.7394125140610808,27.933793359642962,0.4957429872471567,1050,1026,1050,223.1850927088647,0.9771428571428571,0.8525500000047259,1.5288000000026614,2.6152079011475777,(gap/tau_g)^2+(speed/tau_v)^2+(lateral/tau_y)^2,False
nominal,3,2.4,3145,False,Proposed,service,3,aware,none,0.02,0.1,1,0.6939578492698945,1.4786483244056758,0.16554458986607315,1.7849956174472623,28.06566494690174,0.49358578370126693,1049,1030,1049,222.90582466527712,0.9818875119161106,0.8869999999916445,1.4601000000027398,2.6567736990814033,(gap/tau_g)^2+(speed/tau_v)^2+(lateral/tau_y)^2,False
nominal,3,2.4,3146,False,Proposed,service,3,aware,none,0.02,0.1,1,0.6816690803141522,1.4646930958628266,0.16524048701851368,1.7115316368722933,28.01605459450714,0.4907375348614962,1050,1027,1050,223.27496471140557,0.9780952380952381,0.8930500000019492,1.8196000000045842,2.6032493388651896,(gap/tau_g)^2+(speed/tau_v)^2+(lateral/tau_y)^2,False
nominal,3,2.4,3147,False,Proposed,service,3,aware,none,0.02,0.1,1,0.6846387866198284,1.4611231891315777,0.16522916891725037,1.7783457199636388,28.207659380699027,0.4607706408704625,1049,1028,1049,223.07115514838114,0.9799809342230696,1.0582999999968479,1.5659999999968477,2.6050401976476887,(gap/tau_g)^2+(speed/tau_v)^2+(lateral/tau_y)^2,False
nominal,3,2.4,3148,False,Proposed,service,3,aware,none,0.02,0.1,1,0.6879255608619669,1.4487944742485275,0.16512445750539353,1.739161993174763,28.084240334205397,0.4965724233478914,1050,1024,1050,223.3535014281478,0.9752380952380952,1.192649999993023,1.985300000001189,2.593891658330527,(gap/tau_g)^2+(speed/tau_v)^2+(lateral/tau_y)^2,False
nominal,3,2.4,3149,False,Proposed,service,3,aware,none,0.02,0.1,1,0.6907599325502197,1.4626612767040499,0.1649553566366128,1.7718312315925149,28.14714424855441,0.4934278428278952,1049,1021,1049,223.2272947003397,0.9733079122974261,1.108250000001476,1.9355999999959295,2.6200415296422044,(gap/tau_g)^2+(speed/tau_v)^2+(lateral/tau_y)^2,False
nominal,3,2.4,3150,False,Proposed,service,3,aware,none,0.02,0.1,1,0.6867894847336026,1.4633741930630737,0.16480531624451364,1.7151538878713783,28.10225940181092,0.4972737832907116,1050,1026,1050,223.52526442922567,0.9771428571428571,1.231799999999339,2.2420999999894775,2.610145354948526,(gap/tau_g)^2+(speed/tau_v)^2+(lateral/tau_y)^2,False
nominal,3,2.6,3101,False,Proposed,service,3,aware,none,0.02,0.1,1,0.681196468750683,1.5022042855851507,0.16438789181402882,1.6848961361472545,33.49356059526501,0.4737886585998178,1050,1029,1050,223.78850943300654,0.98,1.1781500000012102,1.802900000001273,2.651859828532857,(gap/tau_g)^2+(speed/tau_v)^2+(lateral/tau_y)^2,False
nominal,3,2.6,3102,False,Proposed,service,3,aware,none,0.02,0.1,1,0.6985138747366003,1.511271493683615,0.16474083277050075,1.8194852533076578,33.61308444664929,0.47957544683026265,1049,1032,1049,223.37558458725735,0.9837940896091516,1.0327999999972803,1.9788999999974521,2.7111810759495327,(gap/tau_g)^2+(speed/tau_v)^2+(lateral/tau_y)^2,False
nominal,3,2.6,3103,False,Proposed,service,3,aware,none,0.02,0.1,1,0.6898790323262591,1.501586509123434,0.1647408255098573,1.6978737911711848,33.65110736378362,0.482880667570473,1050,1035,1050,223.5826013599722,0.9857142857142858,1.1620499999978051,2.0049000000028627,2.6749805398838524,(gap/tau_g)^2+(speed/tau_v)^2+(lateral/tau_y)^2,False
nominal,3,2.6,3104,False,Proposed,service,3,aware,none,0.02,0.1,1,0.6947524004666904,1.509277897040577,0.16480933115684968,1.7177260427289291,33.531963955860896,0.49668122184682273,1049,1026,1049,223.33308626397323,0.9780743565300286,1.164950000003273,1.746199999999476,2.6993562295884352,(gap/tau_g)^2+(speed/tau_v)^2+(lateral/tau_y)^2,False
nominal,3,2.6,3105,False,Proposed,service,3,aware,none,0.02,0.1,1,0.6853275101404505,1.4941678123941453,0.16430620662660145,1.7563132964370483,33.578239723375624,0.46574919744599674,1050,1032,1050,223.82802893802574,0.9828571428571429,1.1304500000122175,1.811099999997623,2.648938596211406,(gap/tau_g)^2+(speed/tau_v)^2+(lateral/tau_y)^2,False
nominal,3,2.6,3106,False,Proposed,service,3,aware,none,0.02,0.1,1,0.6909855545505761,1.5089373157662864,0.16498309332119435,1.6895175281870982,33.52534692365902,0.4953694359811319,1050,1028,1050,223.44318591619762,0.979047619047619,1.379399999997588,2.0169999999950505,2.690984649149342,(gap/tau_g)^2+(speed/tau_v)^2+(lateral/tau_y)^2,False
nominal,3,2.6,3107,False,Proposed,service,3,aware,none,0.02,0.1,1,0.6954194704565234,1.5164493146071667,0.1650556525836082,1.666108067103273,33.433081672798956,0.49394411452637754,1048,1028,1048,222.97983237983846,0.9809160305343512,1.507600000003606,2.2572000000025128,2.7141069502985506,(gap/tau_g)^2+(speed/tau_v)^2+(lateral/tau_y)^2,False
nominal,3,2.6,3108,False,Proposed,service,3,aware,none,0.02,0.1,1,0.6943535078272257,1.5118280556121722,0.1652171532711359,1.7477780982588627,33.60894422411127,0.42589414250534086,1050,1034,1050,223.3215119080302,0.9847619047619047,1.1203000000037378,1.6332999999946196,2.705666722978365,(gap/tau_g)^2+(speed/tau_v)^2+(lateral/tau_y)^2,False
nominal,3,2.6,3109,False,Proposed,service,3,aware,none,0.02,0.1,1,0.7035348667045594,1.5111135653616565,0.16513336893400854,1.683635084396817,33.47165137760441,0.49417859389643337,1050,1027,1050,223.35667520668048,0.9780952380952381,1.095399999996971,2.0126999999945383,2.7266897126867082,(gap/tau_g)^2+(speed/tau_v)^2+(lateral/tau_y)^2,False
nominal,3,2.6,3110,False,Proposed,service,3,aware,none,0.02,0.1,1,0.6875970803921239,1.5006007397557195,0.16369565215127066,1.7974344223858587,33.43155175607566,0.4817932872635756,1050,1033,1050,224.16503003810342,0.9838095238095238,1.2783499999926562,1.9458000000014408,2.6593006329147943,(gap/tau_g)^2+(speed/tau_v)^2+(lateral/tau_y)^2,False
nominal,3,2.6,3111,False,Proposed,service,3,aware,none,0.02,0.1,1,0.687280798522671,1.5057289235786588,0.16480809256845805,1.7012708924319246,33.35684096378933,0.4964567137754131,1050,1029,1050,223.54783946653575,0.98,1.2939499999973236,2.3276000000009844,2.6755294112060612,(gap/tau_g)^2+(speed/tau_v)^2+(lateral/tau_y)^2,False
nominal,3,2.6,3112,False,Proposed,service,3,aware,none,0.02,0.1,1,0.6893601009784951,1.50640259749915,0.16425237598004108,1.6712450581726128,33.585285638383574,0.46281113686443554,1050,1029,1050,223.858207738836,0.98,1.2074999999924785,2.3858999999930575,2.677081910456515,(gap/tau_g)^2+(speed/tau_v)^2+(lateral/tau_y)^2,False
nominal,3,2.6,3113,False,Proposed,service,3,aware,none,0.02,0.1,1,0.6935651540963682,1.508209541461754,0.16432916753621596,1.7448789888430163,33.398657936159665,0.4795245025823721,1049,1029,1049,223.5970756048239,0.9809342230695901,1.2793500000043423,9.424100000003932,2.6908301844582567,(gap/tau_g)^2+(speed/tau_v)^2+(lateral/tau_y)^2,False
nominal,3,2.6,3114,False,Proposed,service,3,aware,none,0.02,0.1,1,0.6901637003266513,1.500469760076866,0.164040481338111,1.7670332987414634,33.561359669595234,0.48249088668217255,1050,1034,1050,223.97414618852284,0.9847619047619047,1.0369499999995924,1.720000000005939,2.6682119638378885,(gap/tau_g)^2+(speed/tau_v)^2+(lateral/tau_y)^2,False
nominal,3,2.6,3115,False,Proposed,service,3,aware,none,0.02,0.1,1,0.6884595383485624,1.5075530352197941,0.16441828456726743,1.7616605548286568,33.37281577765252,0.4894311061305816,1050,1026,1050,223.76001405095715,0.9771428571428571,0.980450000007238,1.8254000000013093,2.678008318452311,(gap/tau_g)^2+(speed/tau_v)^2+(lateral/tau_y)^2,False
nominal,3,2.6,3116,False,Proposed,service,3,aware,none,0.02,0.1,1,0.6916929167818233,1.5121023725098175,0.16504833310779696,1.7090621296200934,33.49038595428408,0.4923450791027977,1050,1035,1050,223.41660918163794,0.9857142857142858,0.9197499999942238,8.281400000001327,2.6981401422708275,(gap/tau_g)^2+(speed/tau_v)^2+(lateral/tau_y)^2,False
nominal,3,2.6,3117,False,Proposed,service,3,aware,none,0.02,0.1,1,0.6888132842642029,1.497223279677726,0.16445486588012362,1.757208698514363,33.63237899364918,0.4793353084380153,1050,1035,1050,223.7510908866708,0.9857142857142858,0.9373500000009471,8.80730000000085,2.663339202464291,(gap/tau_g)^2+(speed/tau_v)^2+(lateral/tau_y)^2,False
nominal,3,2.6,3118,False,Proposed,service,3,aware,none,0.02,0.1,1,0.6959463449253047,1.5063136399556243,0.16459960303645021,1.6975441461138223,33.55273152011087,0.49673566137098457,1050,1037,1050,223.6580906459818,0.9876190476190476,0.9010500000030675,2.1550000000019054,2.696020215766841,(gap/tau_g)^2+(speed/tau_v)^2+(lateral/tau_y)^2,False
nominal,3,2.6,3119,False,Proposed,service,3,aware,none,0.02,0.1,1,0.691090847119694,1.5036841389751943,0.16481275119976116,1.790237780835971,33.58847123113059,0.47950682473486095,1050,1031,1050,223.54539113502366,0.981904761904762,0.9140000000016357,1.9798000000008642,2.681764497852866,(gap/tau_g)^2+(speed/tau_v)^2+(lateral/tau_y)^2,False
nominal,3,2.6,3120,False,Proposed,service,3,aware,none,0.02,0.1,1,0.6839846372220116,1.4889403609533536,0.16401886060549695,1.662602913331237,33.44848124501327,0.5012099786272253,1049,1027,1049,223.77348271429258,0.9790276453765491,0.9288500000010913,1.3797999999951571,2.635354874652621,(gap/tau_g)^2+(speed/tau_v)^2+(lateral/tau_y)^2,False
nominal,3,2.6,3121,False,Proposed,service,3,aware,none,0.02,0.1,1,0.6995136528672574,1.518897401155892,0.16539444359308497,1.82918694707607,33.69179222584409,0.4905480955536292,1050,1028,1050,223.2228827517071,0.979047619047619,1.1079999999950019,2.1221000000082313,2.730850094089307,(gap/tau_g)^2+(speed/tau_v)^2+(lateral/tau_y)^2,False
nominal,3,2.6,3122,False,Proposed,service,3,aware,none,0.02,0.1,1,0.6890155142268696,1.5090816685127855,0.1647106065880775,1.6425021640646063,33.55905033975272,0.4955218771829515,1049,1035,1049,223.3989459391267,0.9866539561487131,0.8382500000010396,1.5112999999900012,2.684127825999617,(gap/tau_g)^2+(speed/tau_v)^2+(lateral/tau_y)^2,False
nominal,3,2.6,3123,False,Proposed,service,3,aware,none,0.02,0.1,1,0.6905960002210906,1.5117488223829314,0.16530581727467913,1.7997151209839768,33.51256837230947,0.4873428117043457,1049,1026,1049,223.0668617952221,0.9780743565300286,0.7581500000028996,1.2980999999996357,2.69702565033415,(gap/tau_g)^2+(speed/tau_v)^2+(lateral/tau_y)^2,False
nominal,3,2.6,3124,False,Proposed,service,3,aware,none,0.02,0.1,1,0.6916592053307047,1.4983629824068145,0.16474067369220644,1.644710468347475,33.581492772537075,0.49784703399010866,1050,1034,1050,223.58684051566524,0.9847619047619047,0.8355499999979088,1.3415999999892847,2.6744176288726615,(gap/tau_g)^2+(speed/tau_v)^2+(lateral/tau_y)^2,False
nominal,3,2.6,3125,False,Proposed,service,3,aware,none,0.02,0.1,1,0.6814333090131535,1.4982940346635198,0.16442982889588045,1.7212951571440256,33.47612937183444,0.4963601023129526,1049,1028,1049,223.54409214549983,0.9799809342230696,0.7866500000019983,1.525999999998362,2.6467922322111517,(gap/tau_g)^2+(speed/tau_v)^2+(lateral/tau_y)^2,False
nominal,3,2.6,3126,False,Proposed,service,3,aware,none,0.02,0.1,1,0.6862424200206565,1.5035229527942817,0.164102642337526,1.701577335155699,33.562067497236704,0.4993701769731437,1050,1022,1050,223.93116536864173,0.9733333333333334,0.8810499999967192,1.5812000000039461,2.6638062261081465,(gap/tau_g)^2+(speed/tau_v)^2+(lateral/tau_y)^2,False
nominal,3,2.6,3127,False,Proposed,service,3,aware,none,0.02,0.1,1,0.6929890971891904,1.5127688861772068,0.16433223537885572,1.732023497941803,33.29908521328785,0.47934936776181647,1050,1027,1050,223.81372146402427,0.9780952380952381,0.8055499999954918,1.2897999999950116,2.696462808456817,(gap/tau_g)^2+(speed/tau_v)^2+(lateral/tau_y)^2,False
nominal,3,2.6,3128,False,Proposed,service,3,aware,none,0.02,0.1,1,0.6918414664486119,1.5059948137561385,0.1639882038162855,1.6562173014876436,33.45063783436494,0.4932538309144746,1050,1031,1050,224.0107503585362,0.981904761904762,0.8060499999942294,1.3746999999995069,2.6803802888576307,(gap/tau_g)^2+(speed/tau_v)^2+(lateral/tau_y)^2,False
nominal,3,2.6,3129,False,Proposed,service,3,aware,none,0.02,0.1,1,0.6880584512315835,1.502872981221248,0.16479971346217415,1.7669039791152994,33.69098876798297,0.4958303808650488,1050,1028,1050,223.55097385254223,0.979047619047619,0.7373500000014133,1.750199999989377,2.672977889295616,(gap/tau_g)^2+(speed/tau_v)^2+(lateral/tau_y)^2,False
nominal,3,2.6,3130,False,Proposed,service,3,aware,none,0.02,0.1,1,0.6900402396931091,1.5040529511920362,0.16500817904177817,1.7138467212176505,33.579197014289065,0.4848104565642528,1050,1032,1050,223.42519948720602,0.9828571428571429,0.7921499999952175,1.57369999999446,2.681362264245271,(gap/tau_g)^2+(speed/tau_v)^2+(lateral/tau_y)^2,False
nominal,3,2.6,3131,False,Proposed,service,3,aware,none,0.02,0.1,1,0.6930503698916132,1.5205060673324031,0.1655347548926997,1.6502761832671244,33.695780283815964,0.4911699243854062,1048,1018,1048,222.71728005137254,0.9713740458015268,0.7980500000073221,1.4027999999939311,2.718504554487959,(gap/tau_g)^2+(speed/tau_v)^2+(lateral/tau_y)^2,False
nominal,3,2.6,3132,False,Proposed,service,3,aware,none,0.02,0.1,1,0.6818396891901148,1.501812083929597,0.16416685072941975,1.6962190425859818,33.422367600925206,0.49829098935163874,1049,1027,1049,223.69761427685702,0.9790276453765491,0.8651999999997884,1.760200000006762,2.651001749713532,(gap/tau_g)^2+(speed/tau_v)^2+(lateral/tau_y)^2,False
nominal,3,2.6,3133,False,Proposed,service,3,aware,none,0.02,0.1,1,0.6908277319230276,1.5045950242316268,0.1640676891153434,1.7980696772185036,33.58537783513784,0.4322963603637877,1050,1029,1050,223.96308050620829,0.98,0.8513000000078819,2.013199999993276,2.6763902422393127,(gap/tau_g)^2+(speed/tau_v)^2+(lateral/tau_y)^2,False
nominal,3,2.6,3134,False,Proposed,service,3,aware,none,0.02,0.1,1,0.6907840507037872,1.5170925231736117,0.16477230312849145,1.7082809055294883,33.60610850372401,0.48338513413753337,1050,1027,1050,223.56144653271787,0.9780952380952381,0.7958000000058973,1.4814000000029637,2.701342694826676,(gap/tau_g)^2+(speed/tau_v)^2+(lateral/tau_y)^2,False
nominal,3,2.6,3135,False,Proposed,service,3,aware,none,0.02,0.1,1,0.6895838925553768,1.5107146692444477,0.16516672309678684,1.6809872106480273,33.64175660538126,0.4939736655762912,1050,1031,1050,223.35382750039216,0.981904761904762,0.876000000005206,1.7175999999921032,2.6917983791715256,(gap/tau_g)^2+(speed/tau_v)^2+(lateral/tau_y)^2,False
nominal,3,2.6,3136,False,Proposed,service,3,aware,none,0.02,0.1,1,0.6909539396746174,1.5054550860848954,0.16405829009973522,1.7146534563667397,33.50765804956055,0.49973057014654343,1050,1031,1050,223.96798647738194,0.981904761904762,1.1099000000029946,4.197900000008303,2.6779440014091085,(gap/tau_g)^2+(speed/tau_v)^2+(lateral/tau_y)^2,False
nominal,3,2.6,3137,False,Proposed,service,3,aware,none,0.02,0.1,1,0.6909163481324564,1.5108742735814342,0.16481875503115187,1.692952419139977,33.53908174158024,0.45477832101740157,1049,1017,1049,223.32723577189495,0.9694947569113441,0.8632999999989011,1.3625999999931082,2.692443961973341,(gap/tau_g)^2+(speed/tau_v)^2+(lateral/tau_y)^2,False
nominal,3,2.6,3138,False,Proposed,service,3,aware,none,0.02,0.1,1,0.6962999235182236,1.5098177853255894,0.16483734813587836,1.7019240154216584,33.56916488076348,0.4942399372714992,1050,1028,1050,223.53359069500897,0.979047619047619,0.9723499999978458,2.2371000000021013,2.7042457382884844,(gap/tau_g)^2+(speed/tau_v)^2+(lateral/tau_y)^2,False
nominal,3,2.6,3139,False,Proposed,service,3,aware,none,0.02,0.1,1,0.6946557707001799,1.489323397863355,0.16404650429401474,1.7548551592631494,33.559942891476645,0.4990497650910961,1049,1019,1049,223.7565492623625,0.9714013346043852,0.9492499999979032,2.0351000000005115,2.6623176859837465,(gap/tau_g)^2+(speed/tau_v)^2+(lateral/tau_y)^2,False
nominal,3,2.6,3140,False,Proposed,service,3,aware,none,0.02,0.1,1,0.6887935705030956,1.494603819827734,0.1639492767609193,1.6651290836515809,33.389414024447646,0.4947612831224202,1050,1029,1050,224.03366495348328,0.98,0.8564000000035321,1.410899999996218,2.6551415283042097,(gap/tau_g)^2+(speed/tau_v)^2+(lateral/tau_y)^2,False
nominal,3,2.6,3141,False,Proposed,service,3,aware,none,0.02,0.1,1,0.6940790547392749,1.5161189039179432,0.16496926165257594,1.7094452887275224,33.467209328550936,0.49394592261635706,1050,1029,1050,223.45146058197753,0.98,0.9254000000069595,1.695300000008615,2.7095718292355606,(gap/tau_g)^2+(speed/tau_v)^2+(lateral/tau_y)^2,False
nominal,3,2.6,3142,False,Proposed,service,3,aware,none,0.02,0.1,1,0.6890326567354487,1.4956525453650995,0.16466757374784902,1.7045181390880242,33.6613143795247,0.4680090142981379,1050,1027,1050,223.6230483843301,0.9780952380952381,0.9794000000056258,1.4070000000003802,2.663228253602145,(gap/tau_g)^2+(speed/tau_v)^2+(lateral/tau_y)^2,False
nominal,3,2.6,3143,False,Proposed,service,3,aware,none,0.02,0.1,1,0.6849749556465479,1.4941707729097824,0.1643976082979913,1.7677211243885724,33.52980452070208,0.49691199118955576,1050,1027,1050,223.77797135522286,0.9780952380952381,1.287599999997724,2.0942999999959966,2.6488353563198257,(gap/tau_g)^2+(speed/tau_v)^2+(lateral/tau_y)^2,False
nominal,3,2.6,3144,False,Proposed,service,3,aware,none,0.02,0.1,1,0.6895303178834796,1.5064194377501055,0.16481508520687874,1.7032080939302763,33.30487831647193,0.4957429872471567,1050,1025,1050,223.54127098896146,0.9761904761904762,1.238749999998845,1.82259999999701,2.682154291972812,(gap/tau_g)^2+(speed/tau_v)^2+(lateral/tau_y)^2,False
nominal,3,2.6,3145,False,Proposed,service,3,aware,none,0.02,0.1,1,0.699077913526737,1.5230196486542913,0.16493506639079342,1.7237674523114017,33.54799546548669,0.49358578370126693,1049,1032,1049,223.26376240615335,0.9837940896091516,1.0831499999923722,1.4340999999973292,2.7323707540855553,(gap/tau_g)^2+(speed/tau_v)^2+(lateral/tau_y)^2,False
nominal,3,2.6,3146,False,Proposed,service,3,aware,none,0.02,0.1,1,0.6839130734892321,1.5099433848183939,0.1646501575155269,1.6883537367955792,33.427626812796646,0.49684271960247794,1050,1026,1050,223.62585193513561,0.9771428571428571,1.199350000007371,1.7315999999993892,2.6725035619760957,(gap/tau_g)^2+(speed/tau_v)^2+(lateral/tau_y)^2,False
nominal,3,2.6,3147,False,Proposed,service,3,aware,none,0.02,0.1,1,0.6872687865392046,1.5058756510456255,0.1646480192450097,1.779163569709475,33.477252517881304,0.46938001313354516,1049,1029,1049,223.41852125655174,0.9809342230695901,1.0200000000040177,1.963899999992691,2.674407081416661,(gap/tau_g)^2+(speed/tau_v)^2+(lateral/tau_y)^2,False
nominal,3,2.6,3148,False,Proposed,service,3,aware,none,0.02,0.1,1,0.6902627131523225,1.4935589854322286,0.1645274811090102,1.6846181136347325,33.45351005544637,0.4965724233478914,1050,1027,1050,223.70773105143738,0.9780952380952381,1.0339500000000612,2.2405999999932646,2.6618986012087706,(gap/tau_g)^2+(speed/tau_v)^2+(lateral/tau_y)^2,False
nominal,3,2.6,3149,False,Proposed,service,3,aware,none,0.02,0.1,1,0.6923551849707608,1.507404025715466,0.16437931595573405,1.7635290549105616,33.64013497854571,0.4934842674679547,1050,1020,1050,223.7880330783852,0.9714285714285714,1.0760500000017714,1.5994999999975335,2.687021748072831,(gap/tau_g)^2+(speed/tau_v)^2+(lateral/tau_y)^2,False
nominal,3,2.6,3150,False,Proposed,service,3,aware,none,0.02,0.1,1,0.6890699311488313,1.5078439118347104,0.16423038943887733,1.6500955973281317,33.57965673412338,0.4998755646175266,1050,1028,1050,223.8659119045382,0.979047619047619,1.1419000000074675,1.6487000000040553,2.678406851772004,(gap/tau_g)^2+(speed/tau_v)^2+(lateral/tau_y)^2,False
moderate,0,1.8,3101,True,Proposed,service,0,aware,none,0.2,0.55,2,0.5510345333348761,1.3351987691405767,0.16699774598531356,1.5427051744467264,11.622221593288657,0.47879702213606135,0,0,0,0.0,,1.182049999997048,1.8002000000052476,2.146578208768762,(gap/tau_g)^2+(speed/tau_v)^2+(lateral/tau_y)^2,False
moderate,0,1.8,3102,True,Proposed,service,0,aware,none,0.2,0.55,2,0.5608313031711278,1.346677823542178,0.16739009600292334,1.588472659707843,11.534194983199086,0.4828716690776498,0,0,0,0.0,,1.2568499999972005,2.019099999998275,2.1849297649037296,(gap/tau_g)^2+(speed/tau_v)^2+(lateral/tau_y)^2,False
moderate,0,1.8,3103,True,Proposed,service,0,aware,none,0.2,0.55,2,0.5544983878478281,1.3327685290871232,0.16738472241141178,1.5704190935276507,11.554085514881187,0.48559983423247743,0,0,0,0.0,,1.4042500000002178,2.0838000000082957,2.153312931817265,(gap/tau_g)^2+(speed/tau_v)^2+(lateral/tau_y)^2,False
moderate,0,1.8,3104,True,Proposed,service,0,aware,none,0.2,0.55,2,0.5592344074749955,1.3419958959448093,0.1674532222212349,1.581746283432614,11.603918716513512,0.48458362047369974,0,0,0,0.0,,1.0448000000025104,2.107899999998608,2.1758558777862786,(gap/tau_g)^2+(speed/tau_v)^2+(lateral/tau_y)^2,False
moderate,0,1.8,3105,True,Proposed,service,0,aware,none,0.2,0.55,2,0.5501335877017601,1.330140584641932,0.1668820745829288,1.5869176081755632,11.549757061551794,0.48876252620062277,0,0,0,0.0,,1.4383999999978414,2.138299999998594,2.1369705216296238,(gap/tau_g)^2+(speed/tau_v)^2+(lateral/tau_y)^2,False
moderate,0,1.8,3106,True,Proposed,service,0,aware,none,0.2,0.55,2,0.554900922315557,1.3405566861880347,0.16765492212367103,1.5395579451123587,11.451011968517648,0.488015443322504,0,0,0,0.0,,1.2936500000009232,1.9085999999930436,2.1669926172080656,(gap/tau_g)^2+(speed/tau_v)^2+(lateral/tau_y)^2,False
moderate,0,1.8,3107,True,Proposed,service,0,aware,none,0.2,0.55,2,0.5584753458885693,1.3482484082895092,0.1677364052109292,1.537012046589301,11.748437668177061,0.48702588293565297,0,0,0,0.0,,1.2561499999961256,1.968799999986004,2.1853026259365564,(gap/tau_g)^2+(speed/tau_v)^2+(lateral/tau_y)^2,False
moderate,0,1.8,3108,True,Proposed,service,0,aware,none,0.2,0.55,2,0.5573366679118477,1.341502243131628,0.16789036608750163,1.564588981620212,11.564190500236322,0.4918541429039762,0,0,0,0.0,,1.2114499999995587,1.8077000000005228,2.175077794923063,(gap/tau_g)^2+(speed/tau_v)^2+(lateral/tau_y)^2,False
moderate,0,1.8,3109,True,Proposed,service,0,aware,none,0.2,0.55,2,0.5658669077190208,1.3413309052164792,0.1678153305772565,1.5313830501219803,11.602573107220223,0.4898023083462858,0,0,0,0.0,,1.174649999995836,3.726100000008614,2.191246759748006,(gap/tau_g)^2+(speed/tau_v)^2+(lateral/tau_y)^2,False
moderate,0,1.8,3110,True,Proposed,service,0,aware,none,0.2,0.55,2,0.5538067364559247,1.3387578127988107,0.16623521698168697,1.5893171080092752,11.418505033044639,0.46365262279839736,0,0,0,0.0,,0.9918999999953826,1.9254999999986921,2.1505262441075774,(gap/tau_g)^2+(speed/tau_v)^2+(lateral/tau_y)^2,False
moderate,0,1.8,3111,True,Proposed,service,0,aware,none,0.2,0.55,2,0.5560218186772508,1.336740583639829,0.16745791450989844,1.5487091070569141,11.650155095766678,0.481428515635296,0,0,0,0.0,,0.8959500000003118,1.4876999999984264,2.1623431896590626,(gap/tau_g)^2+(speed/tau_v)^2+(lateral/tau_y)^2,False
moderate,0,1.8,3112,True,Proposed,service,0,aware,none,0.2,0.55,2,0.5558503765993358,1.3424946003912612,0.1668430748718487,1.5457780142656148,11.410097223358292,0.4881340482118226,0,0,0,0.0,,0.899400000001549,5.39630000000102,2.164731261093477,(gap/tau_g)^2+(speed/tau_v)^2+(lateral/tau_y)^2,False
moderate,0,1.8,3113,True,Proposed,service,0,aware,none,0.2,0.55,2,0.5601959363524552,1.3407952707462485,0.16692999819709664,1.6132658771764483,11.454969079698579,0.48631692079046474,0,0,0,0.0,,0.793399999999167,69.3825999999973,2.1717521005437663,(gap/tau_g)^2+(speed/tau_v)^2+(lateral/tau_y)^2,False
moderate,0,1.8,3114,True,Proposed,service,0,aware,none,0.2,0.55,2,0.5561065790128649,1.3377192787347463,0.16662826381473753,1.5879294828241357,11.591220720218821,0.48691566095887806,0,0,0,0.0,,0.8344000000022334,1.8791000000106806,2.156916849381763,(gap/tau_g)^2+(speed/tau_v)^2+(lateral/tau_y)^2,False
moderate,0,1.8,3115,True,Proposed,service,0,aware,none,0.2,0.55,2,0.5540316872200071,1.3426073661785098,0.16701423424442197,1.5793745335535678,11.667124401988254,0.48711727435057584,0,0,0,0.0,,0.9240999999917676,1.8986999999981435,2.162725815709794,(gap/tau_g)^2+(speed/tau_v)^2+(lateral/tau_y)^2,False
moderate,0,1.8,3116,True,Proposed,service,0,aware,none,0.2,0.55,2,0.5538721599172799,1.3452502328986868,0.1677143834934832,1.5362629693849383,11.34871378331912,0.4765985408416257,0,0,0,0.0,,0.9823999999980515,1.5726000000029217,2.171894920318917,(gap/tau_g)^2+(speed/tau_v)^2+(lateral/tau_y)^2,False
moderate,0,1.8,3117,True,Proposed,service,0,aware,none,0.2,0.55,2,0.5530767019339338,1.3321921765265325,0.16706416341158284,1.565375777331295,11.52394538537554,0.48543574808864676,0,0,0,0.0,,0.7738999999986618,1.6731999999990421,2.1470496839313955,(gap/tau_g)^2+(speed/tau_v)^2+(lateral/tau_y)^2,False
moderate,0,1.8,3118,True,Proposed,service,0,aware,none,0.2,0.55,2,0.5585217315857278,1.3420599507591167,0.16723264422517334,1.5642125354473968,11.550616757485244,0.4894930339951533,0,0,0,0.0,,0.8225500000023089,1.4792999999997392,2.172681813090254,(gap/tau_g)^2+(speed/tau_v)^2+(lateral/tau_y)^2,False
moderate,0,1.8,3119,True,Proposed,service,0,aware,none,0.2,0.55,2,0.5531741406499687,1.3356405213553622,0.16744469778664423,1.5558898750109604,11.410636962253456,0.48634366603828993,0,0,0,0.0,,0.8996999999979494,1.583499999995297,2.1551172936491096,(gap/tau_g)^2+(speed/tau_v)^2+(lateral/tau_y)^2,False
moderate,0,1.8,3120,True,Proposed,service,0,aware,none,0.2,0.55,2,0.5533620921615873,1.325377148446634,0.1665578779872041,1.5334642213260234,11.356704780192281,0.4944208412760488,0,0,0,0.0,,0.8992500000033488,1.642000000003918,2.134147832656711,(gap/tau_g)^2+(speed/tau_v)^2+(lateral/tau_y)^2,False
moderate,0,1.8,3121,True,Proposed,service,0,aware,none,0.2,0.55,2,0.5599058518871454,1.348603759970172,0.16811657500114724,1.6209659742818578,11.553361949008277,0.47805194708532495,0,0,0,0.0,,0.8451499999964085,1.996899999994639,2.1918277788019243,(gap/tau_g)^2+(speed/tau_v)^2+(lateral/tau_y)^2,False
moderate,0,1.8,3122,True,Proposed,service,0,aware,none,0.2,0.55,2,0.5541292606601441,1.3422412119906246,0.16736615704422972,1.5441093707882785,11.500807395410831,0.48773737548596396,0,0,0,0.0,,0.9352000000077965,1.5896000000026334,2.165358378122991,(gap/tau_g)^2+(speed/tau_v)^2+(lateral/tau_y)^2,False
moderate,0,1.8,3123,True,Proposed,service,0,aware,none,0.2,0.55,2,0.5527637496418909,1.341801445152658,0.16799869136653348,1.6149282948859434,11.410641460847366,0.4865209981276759,0,0,0,0.0,,0.8458999999945149,1.5757000000036214,2.1673723356984205,(gap/tau_g)^2+(speed/tau_v)^2+(lateral/tau_y)^2,False
moderate,0,1.8,3124,True,Proposed,service,0,aware,none,0.2,0.55,2,0.5584253608706805,1.3296590857127464,0.1673729217096167,1.5228019292347947,11.636606522050279,0.48403113615494464,0,0,0,0.0,,0.7890500000016232,2.1212000000048192,2.1567600005718015,(gap/tau_g)^2+(speed/tau_v)^2+(lateral/tau_y)^2,False
moderate,0,1.8,3125,True,Proposed,service,0,aware,none,0.2,0.55,2,0.5437826304684661,1.3365802757384821,0.16703477258352414,1.5676020453760082,11.580291401631392,0.4865281361749575,0,0,0,0.0,,1.0155000000011682,2.2185000000121136,2.13465593483393,(gap/tau_g)^2+(speed/tau_v)^2+(lateral/tau_y)^2,False
moderate,0,1.8,3126,True,Proposed,service,0,aware,none,0.2,0.55,2,0.5521418783209849,1.3406778620613415,0.1666642039944227,1.5418676608709285,11.47510956109732,0.4936846326881591,0,0,0,0.0,,0.809449999998435,1.5773000000081083,2.1534479739956973,(gap/tau_g)^2+(speed/tau_v)^2+(lateral/tau_y)^2,False
moderate,0,1.8,3127,True,Proposed,service,0,aware,none,0.2,0.55,2,0.5612306595241019,1.34540781873178,0.16694764644083226,1.5533945349065512,11.545013212531082,0.49585498405584727,0,0,0,0.0,,0.9111000000032732,1.3536999999956834,2.180283833784928,(gap/tau_g)^2+(speed/tau_v)^2+(lateral/tau_y)^2,False
moderate,0,1.8,3128,True,Proposed,service,0,aware,none,0.2,0.55,2,0.557782595905026,1.3407515817598488,0.16658517337481155,1.5397695986831872,11.5199963359603,0.48669735038667006,0,0,0,0.0,,0.9924500000053627,1.5757999999976846,2.1640206642090853,(gap/tau_g)^2+(speed/tau_v)^2+(lateral/tau_y)^2,False
moderate,0,1.8,3129,True,Proposed,service,0,aware,none,0.2,0.55,2,0.5549029408766585,1.3344135696163142,0.16747034928563412,1.6094416065126063,11.65059344321645,0.48007325081010555,0,0,0,0.0,,0.9114499999967052,1.4623000000000275,2.15706621703948,(gap/tau_g)^2+(speed/tau_v)^2+(lateral/tau_y)^2,False
moderate,0,1.8,3130,True,Proposed,service,0,aware,none,0.2,0.55,2,0.5529376265516033,1.3375134646972655,0.16769039404769148,1.5607357995343543,11.628767561777693,0.4947661653061963,0,0,0,0.0,,0.8575499999992076,1.3667999999995573,2.1592651647617638,(gap/tau_g)^2+(speed/tau_v)^2+(lateral/tau_y)^2,False
moderate,0,1.8,3131,True,Proposed,service,0,aware,none,0.2,0.55,2,0.5583358175454293,1.3475515278178982,0.16828852126846539,1.5095249936781685,11.48356932123066,0.48545237525047036,0,0,0,0.0,,0.7008999999982279,1.741400000000226,2.188705224368648,(gap/tau_g)^2+(speed/tau_v)^2+(lateral/tau_y)^2,False
moderate,0,1.8,3132,True,Proposed,service,0,aware,none,0.2,0.55,2,0.5488856733536385,1.3396203246810394,0.16675434728257607,1.5886741221182588,11.546534250224717,0.4812476964308319,0,0,0,0.0,,1.1010500000026013,3.4130999999888445,2.146379540705951,(gap/tau_g)^2+(speed/tau_v)^2+(lateral/tau_y)^2,False
moderate,0,1.8,3133,True,Proposed,service,0,aware,none,0.2,0.55,2,0.5536080733527942,1.3423907811284002,0.16663284757667068,1.6409127874156695,11.547664930351914,0.47330765367513017,0,0,0,0.0,,0.9178999999974735,1.6554000000041924,2.15841374888906,(gap/tau_g)^2+(speed/tau_v)^2+(lateral/tau_y)^2,False
moderate,0,1.8,3134,True,Proposed,service,0,aware,none,0.2,0.55,2,0.5580790601358798,1.3477732194962533,0.16743495176445716,1.5532147383230392,11.650286558886528,0.4882520384428227,0,0,0,0.0,,1.054650000000379,2.2412999999943395,2.181336408124265,(gap/tau_g)^2+(speed/tau_v)^2+(lateral/tau_y)^2,False
moderate,0,1.8,3135,True,Proposed,service,0,aware,none,0.2,0.55,2,0.553517677565006,1.3414491203052048,0.1678840432514176,1.5406001310154174,11.449284178860559,0.4870958325132131,0,0,0,0.0,,0.9893500000046629,1.974699999991003,2.1674100600602957,(gap/tau_g)^2+(speed/tau_v)^2+(lateral/tau_y)^2,False
moderate,0,1.8,3136,True,Proposed,service,0,aware,none,0.2,0.55,2,0.5587932356565378,1.3409405013433302,0.16661162024918658,1.5776197854079015,11.353129203152427,0.48423845631482176,0,0,0,0.0,,0.7928499999962924,1.4469999999988659,2.166505590122017,(gap/tau_g)^2+(speed/tau_v)^2+(lateral/tau_y)^2,False
moderate,0,1.8,3137,True,Proposed,service,0,aware,none,0.2,0.55,2,0.5543772811531396,1.3434986144176195,0.16747274302640794,1.566207116352979,11.50004662857949,0.4759619883126408,0,0,0,0.0,,0.869450000003269,1.6966999999965537,2.168462362692344,(gap/tau_g)^2+(speed/tau_v)^2+(lateral/tau_y)^2,False
moderate,0,1.8,3138,True,Proposed,service,0,aware,none,0.2,0.55,2,0.5586775156318625,1.3431529959589341,0.16750881452929278,1.5383265210684303,11.50773736302709,0.4950816130028364,0,0,0,0.0,,1.0069500000042808,1.8303000000088332,2.1767998411740668,(gap/tau_g)^2+(speed/tau_v)^2+(lateral/tau_y)^2,False
moderate,0,1.8,3139,True,Proposed,service,0,aware,none,0.2,0.55,2,0.5601215167814128,1.3261970452811493,0.16660945141588573,1.5841438759163702,11.692380623154904,0.4869340603906894,0,0,0,0.0,,1.2833500000013487,1.9487999999938665,2.149067049279319,(gap/tau_g)^2+(speed/tau_v)^2+(lateral/tau_y)^2,False
moderate,0,1.8,3140,True,Proposed,service,0,aware,none,0.2,0.55,2,0.5570001040382039,1.3323227451382806,0.1664818144297462,1.5520656657504184,11.382630461430807,0.47569261696612264,0,0,0,0.0,,1.069049999991023,1.8294999999994843,2.1501138968135605,(gap/tau_g)^2+(speed/tau_v)^2+(lateral/tau_y)^2,False
moderate,0,1.8,3141,True,Proposed,service,0,aware,none,0.2,0.55,2,0.5599735813089144,1.3456569713954518,0.1676702659080339,1.5366409312829012,11.430345013857526,0.4896332392653132,0,0,0,0.0,,1.1423999999990997,1.5995000000117443,2.1841652802510394,(gap/tau_g)^2+(speed/tau_v)^2+(lateral/tau_y)^2,False
moderate,0,1.8,3142,True,Proposed,service,0,aware,none,0.2,0.55,2,0.5540272045164594,1.329728825899893,0.16729116956952017,1.5535603081586447,11.54545288460114,0.48086142878428406,0,0,0,0.0,,1.0860000000008085,1.398499999993419,2.147472433535633,(gap/tau_g)^2+(speed/tau_v)^2+(lateral/tau_y)^2,False
moderate,0,1.8,3143,True,Proposed,service,0,aware,none,0.2,0.55,2,0.5480851789968162,1.330297154493762,0.1670322606574517,1.585327505264085,11.787138474167762,0.4823321897748154,0,0,0,0.0,,1.1353499999984251,1.9083999999907064,2.13443748587808,(gap/tau_g)^2+(speed/tau_v)^2+(lateral/tau_y)^2,False
moderate,0,1.8,3144,True,Proposed,service,0,aware,none,0.2,0.55,2,0.5523637824420017,1.3406218059784805,0.16746711162199354,1.5598749917054535,11.487517610859769,0.48478038806378065,0,0,0,0.0,,1.2704499999927066,2.09550000001002,2.160513926562577,(gap/tau_g)^2+(speed/tau_v)^2+(lateral/tau_y)^2,False
moderate,0,1.8,3145,True,Proposed,service,0,aware,none,0.2,0.55,2,0.5620317033426713,1.3540372646876462,0.16764671049922683,1.5890520104476045,11.608035686572656,0.484147837739917,0,0,0,0.0,,1.133649999999875,1.6980000000046402,2.1996160780256315,(gap/tau_g)^2+(speed/tau_v)^2+(lateral/tau_y)^2,False
moderate,0,1.8,3146,True,Proposed,service,0,aware,none,0.2,0.55,2,0.5513625279083207,1.3432986590224916,0.1672727478734262,1.537223644042429,11.605545129912201,0.4800839764224536,0,0,0,0.0,,1.1666500000018232,1.888500000006843,2.160588293643533,(gap/tau_g)^2+(speed/tau_v)^2+(lateral/tau_y)^2,False
moderate,0,1.8,3147,True,Proposed,service,0,aware,none,0.2,0.55,2,0.5528572260354475,1.3379618542150387,0.16726414032168277,1.5626701040469457,11.67455037771147,0.4921560134112133,0,0,0,0.0,,1.236800000000926,2.772600000000125,2.1561497872673305,(gap/tau_g)^2+(speed/tau_v)^2+(lateral/tau_y)^2,False
moderate,0,1.8,3148,True,Proposed,service,0,aware,none,0.2,0.55,2,0.5554749116539334,1.3297418881255778,0.1671757786281561,1.5649032289319422,11.669507010750834,0.49428404839205564,0,0,0,0.0,,1.28155000000163,2.0812000000063335,2.1493808232612377,(gap/tau_g)^2+(speed/tau_v)^2+(lateral/tau_y)^2,False
moderate,0,1.8,3149,True,Proposed,service,0,aware,none,0.2,0.55,2,0.5588341585132303,1.3404671053053525,0.16697823226815856,1.563217760264608,11.427897151933983,0.4779572532338554,0,0,0,0.0,,1.266249999993363,2.1334999999993443,2.168996714098352,(gap/tau_g)^2+(speed/tau_v)^2+(lateral/tau_y)^2,False
moderate,0,1.8,3150,True,Proposed,service,0,aware,none,0.2,0.55,2,0.5550369192730064,1.3413004947109746,0.16680340109855268,1.5437810919720936,11.585300358805881,0.49187036577750465,0,0,0,0.0,,1.0799000000005776,1.9369999999980791,2.16115876124916,(gap/tau_g)^2+(speed/tau_v)^2+(lateral/tau_y)^2,False
moderate,0,2.0,3101,True,Proposed,service,0,aware,none,0.2,0.55,2,0.5699841456562253,1.3974183207769324,0.1663535007077198,1.502704251316953,17.034923616427108,0.4833780858075284,0,0,0,0.0,,1.2745000000009554,2.236000000010563,2.2657203362885343,(gap/tau_g)^2+(speed/tau_v)^2+(lateral/tau_y)^2,False
moderate,0,2.0,3102,False,Proposed,service,0,aware,none,0.2,0.55,2,0.5798347077524377,1.4098687748912593,0.16673370192713316,1.5482429922122676,16.996066752195354,0.4879989482153573,0,0,0,0.0,,1.335400000002096,1.952600000009852,2.3068547476349432,(gap/tau_g)^2+(speed/tau_v)^2+(lateral/tau_y)^2,False
moderate,0,2.0,3103,True,Proposed,service,0,aware,none,0.2,0.55,2,0.5738034895577531,1.3959675334123534,0.16673105765316612,1.5295723487735915,16.949565303884455,0.4891589341058954,0,0,0,0.0,,1.1802499999973293,2.0030000000019754,2.2745628932038646,(gap/tau_g)^2+(speed/tau_v)^2+(lateral/tau_y)^2,False
moderate,0,2.0,3104,False,Proposed,service,0,aware,none,0.2,0.55,2,0.5780812727662078,1.405167762770219,0.16680008667580656,1.5400113799014563,17.032674902698297,0.48820902290429535,0,0,0,0.0,,1.0884500000045705,1.8850000000014688,2.297047013932152,(gap/tau_g)^2+(speed/tau_v)^2+(lateral/tau_y)^2,False
moderate,0,2.0,3105,True,Proposed,service,0,aware,none,0.2,0.55,2,0.5691128456337686,1.3923549742853374,0.16624625694751616,1.5451947560949173,16.971971964993045,0.49253341172462484,0,0,0,0.0,,1.244999999997276,12.476699999993457,2.255857236026034,(gap/tau_g)^2+(speed/tau_v)^2+(lateral/tau_y)^2,False
moderate,0,2.0,3106,False,Proposed,service,0,aware,none,0.2,0.55,2,0.5743822853921636,1.403787038158294,0.16699214029114895,1.5008722319858494,17.14539242805961,0.49166593859557084,0,0,0,0.0,,1.0602500000089776,1.9082999999966432,2.289092317588351,(gap/tau_g)^2+(speed/tau_v)^2+(lateral/tau_y)^2,False
moderate,0,2.0,3107,False,Proposed,service,0,aware,none,0.2,0.55,2,0.5782478105427561,1.411472737193205,0.16707097852889535,1.4971371077798359,17.147736712609685,0.48907951219082724,0,0,0,0.0,,0.7640000000037617,1.298299999987762,2.308711074659534,(gap/tau_g)^2+(speed/tau_v)^2+(lateral/tau_y)^2,False
moderate,0,2.0,3108,False,Proposed,service,0,aware,none,0.2,0.55,2,0.5770255728094739,1.405112266672693,0.16722909117441268,1.5257261326046554,17.1484789241508,0.4951997458207167,0,0,0,0.0,,1.0029999999972006,15.08059999999034,2.298382038780784,(gap/tau_g)^2+(speed/tau_v)^2+(lateral/tau_y)^2,False
moderate,0,2.0,3109,False,Proposed,service,0,aware,none,0.2,0.55,2,0.5850686565248453,1.4051330820733214,0.16715238317212872,1.4917534210325505,17.052278305187443,0.4939407889896116,0,0,0,0.0,,0.723950000001139,1.5652000000017097,2.3143872114734876,(gap/tau_g)^2+(speed/tau_v)^2+(lateral/tau_y)^2,False
moderate,0,2.0,3110,False,Proposed,service,0,aware,none,0.2,0.55,2,0.5725993091204499,1.4007154888211246,0.1656086374277577,1.5498830926882101,16.889686327311765,0.4690133882949872,0,0,0,0.0,,0.7652500000006057,1.588500000011095,2.269557852382734,(gap/tau_g)^2+(speed/tau_v)^2+(lateral/tau_y)^2,False
moderate,0,2.0,3111,True,Proposed,service,0,aware,none,0.2,0.55,2,0.5749645174638357,1.3998546903846965,0.16680247161323036,1.5091247245884558,17.157538792786546,0.4856352735118801,0,0,0,0.0,,0.9709499999956961,1.3414000000011583,2.2830742769573265,(gap/tau_g)^2+(speed/tau_v)^2+(lateral/tau_y)^2,False
moderate,0,2.0,3112,False,Proposed,service,0,aware,none,0.2,0.55,2,0.5751987887067582,1.4048553658101575,0.1662026856724824,1.5054390228440748,16.82161480171081,0.49072035387887514,0,0,0,0.0,,0.8820000000042683,1.2830000000008113,2.285715843333071,(gap/tau_g)^2+(speed/tau_v)^2+(lateral/tau_y)^2,False
moderate,0,2.0,3113,False,Proposed,service,0,aware,none,0.2,0.55,2,0.5796350582378371,1.4036772379873095,0.16628907553444155,1.5728055112257853,16.990762598140222,0.48961422834838775,0,0,0,0.0,,0.7298499999990327,1.80620000000431,2.2938536023987814,(gap/tau_g)^2+(speed/tau_v)^2+(lateral/tau_y)^2,False
moderate,0,2.0,3114,True,Proposed,service,0,aware,none,0.2,0.55,2,0.5755168768981076,1.3995599586684222,0.16598927434058297,1.5470704265759017,16.983270817309872,0.4905035940659995,0,0,0,0.0,,0.7144499999967024,1.2957000000000107,2.277017427057977,(gap/tau_g)^2+(speed/tau_v)^2+(lateral/tau_y)^2,False
moderate,0,2.0,3115,False,Proposed,service,0,aware,none,0.2,0.55,2,0.5731599698148088,1.40501654811795,0.1663726459674256,1.5402299082909274,17.18280829212101,0.49088809628105456,0,0,0,0.0,,0.8935000000036553,1.8544999999932088,2.283197727467322,(gap/tau_g)^2+(speed/tau_v)^2+(lateral/tau_y)^2,False
moderate,0,2.0,3116,False,Proposed,service,0,aware,none,0.2,0.55,2,0.5733280973191353,1.4085098894643922,0.16705114718316055,1.497028088235393,16.961706886837945,0.47988063607295395,0,0,0,0.0,,0.8455500000010829,1.9932999999952017,2.294210712378953,(gap/tau_g)^2+(speed/tau_v)^2+(lateral/tau_y)^2,False
moderate,0,2.0,3117,True,Proposed,service,0,aware,none,0.2,0.55,2,0.5722602477945792,1.3945400818462268,0.16641415728310163,1.5243372376389692,17.0638024070144,0.48908246034042846,0,0,0,0.0,,0.7796499999983553,1.7045000000024402,2.266746971106041,(gap/tau_g)^2+(speed/tau_v)^2+(lateral/tau_y)^2,False
moderate,0,2.0,3118,False,Proposed,service,0,aware,none,0.2,0.55,2,0.5779290971817621,1.4046327941915415,0.16658191768726946,1.5233714620237908,16.959990898419328,0.49255038109592864,0,0,0,0.0,,0.934350000001416,1.5257000000019616,2.2941490172034866,(gap/tau_g)^2+(speed/tau_v)^2+(lateral/tau_y)^2,False
moderate,0,2.0,3119,True,Proposed,service,0,aware,none,0.2,0.55,2,0.5728874401074824,1.3986079233233895,0.1667933493146815,1.5158587223373723,16.87784372209714,0.4905085796809767,0,0,0,0.0,,0.7439000000033502,1.5592999999967105,2.2769795426395856,(gap/tau_g)^2+(speed/tau_v)^2+(lateral/tau_y)^2,False
moderate,0,2.0,3120,True,Proposed,service,0,aware,none,0.2,0.55,2,0.572591424504811,1.3870699770460466,0.1659329022774614,1.495932367927757,16.935279581141614,0.49693954825614794,0,0,0,0.0,,0.904000000005567,1.4863000000104876,2.2528209311098766,(gap/tau_g)^2+(speed/tau_v)^2+(lateral/tau_y)^2,False
moderate,0,2.0,3121,False,Proposed,service,0,aware,none,0.2,0.55,2,0.5793241218948045,1.4125525289114345,0.16744304835538992,1.5787712665118274,17.03007465777459,0.4819197622043623,0,0,0,0.0,,0.8104499999959103,1.3643999999999323,2.3155933817352286,(gap/tau_g)^2+(speed/tau_v)^2+(lateral/tau_y)^2,False
moderate,0,2.0,3122,False,Proposed,service,0,aware,none,0.2,0.55,2,0.5734805220243815,1.4049677315150844,0.1667073075830104,1.5039580175087144,17.09316882126283,0.49077483179590076,0,0,0,0.0,,0.8309000000039646,1.6071000000010827,2.2865679043739195,(gap/tau_g)^2+(speed/tau_v)^2+(lateral/tau_y)^2,False
moderate,0,2.0,3123,False,Proposed,service,0,aware,none,0.2,0.55,2,0.572656290422241,1.4051766590865948,0.16733347382892252,1.5730417559906225,16.863210284380536,0.490258425292437,0,0,0,0.0,,0.7842499999952679,1.3117000000022472,2.290417145244801,(gap/tau_g)^2+(speed/tau_v)^2+(lateral/tau_y)^2,False
moderate,0,2.0,3124,True,Proposed,service,0,aware,none,0.2,0.55,2,0.5775458837698623,1.392685932310919,0.16672203487056927,1.4847040835164487,17.014822455336137,0.4878120506353104,0,0,0,0.0,,0.8035999999975729,1.7533000000042875,2.277478766740642,(gap/tau_g)^2+(speed/tau_v)^2+(lateral/tau_y)^2,False
moderate,0,2.0,3125,True,Proposed,service,0,aware,none,0.2,0.55,2,0.5634647769247156,1.3982193551372102,0.16639119429544294,1.5283913502431756,16.959450465825142,0.48986251947003967,0,0,0,0.0,,0.8215000000006967,1.2200999999976148,2.254039786398523,(gap/tau_g)^2+(speed/tau_v)^2+(lateral/tau_y)^2,False
moderate,0,2.0,3126,False,Proposed,service,0,aware,none,0.2,0.55,2,0.5709324346590094,1.4025405780771414,0.16603254632039718,1.503718060464872,17.0646333197058,0.4986092910719464,0,0,0,0.0,,0.7894499999991922,1.310699999990561,2.272294131228438,(gap/tau_g)^2+(speed/tau_v)^2+(lateral/tau_y)^2,False
moderate,0,2.0,3127,False,Proposed,service,0,aware,none,0.2,0.55,2,0.5801536682787299,1.4082280047642963,0.16630197075434602,1.5133950587394196,16.983615151565296,0.49724084190266715,0,0,0,0.0,,1.0292000000049484,2.698800000004553,2.3015588548521,(gap/tau_g)^2+(speed/tau_v)^2+(lateral/tau_y)^2,False
moderate,0,2.0,3128,False,Proposed,service,0,aware,none,0.2,0.55,2,0.5767238172971193,1.403342871271338,0.16594324505950991,1.5009099518287388,16.981663407863337,0.49056434427158624,0,0,0,0.0,,0.9401499999981411,2.0549999999985857,2.2845175555549466,(gap/tau_g)^2+(speed/tau_v)^2+(lateral/tau_y)^2,False
moderate,0,2.0,3129,True,Proposed,service,0,aware,none,0.2,0.55,2,0.5745932853701544,1.3971343505963143,0.1668120557885549,1.5702174873462988,17.038566593914382,0.48506235518842855,0,0,0,0.0,,0.825049999995997,2.4616000000037275,2.278513520202925,(gap/tau_g)^2+(speed/tau_v)^2+(lateral/tau_y)^2,False
moderate,0,2.0,3130,False,Proposed,service,0,aware,none,0.2,0.55,2,0.5715679699259234,1.4003547945067356,0.16702730070361993,1.5202815434104795,16.987703842152428,0.4947661653061963,0,0,0,0.0,,0.9477499999945849,1.3548999999954958,2.2787420161304768,(gap/tau_g)^2+(speed/tau_v)^2+(lateral/tau_y)^2,False
moderate,0,2.0,3131,False,Proposed,service,0,aware,none,0.2,0.55,2,0.5781441874162292,1.4114971802350595,0.16760620415536798,1.472189368476117,17.02175534612433,0.4891329543427754,0,0,0,0.0,,0.9337999999985414,1.7469000000005508,2.3130114456142947,(gap/tau_g)^2+(speed/tau_v)^2+(lateral/tau_y)^2,False
moderate,0,2.0,3132,False,Proposed,service,0,aware,none,0.2,0.55,2,0.5678466193756899,1.4013817394066928,0.16611569512854746,1.5483059837880404,16.953105509197968,0.48521477842117033,0,0,0,0.0,,0.8815500000025622,1.4691000000084387,2.265079550631866,(gap/tau_g)^2+(speed/tau_v)^2+(lateral/tau_y)^2,False
moderate,0,2.0,3133,False,Proposed,service,0,aware,none,0.2,0.55,2,0.573007507524888,1.4043558968212853,0.16599909340798083,1.5990309968913377,17.08510326551506,0.47845530795686175,0,0,0,0.0,,0.8715499999993881,1.338700000005133,2.2788361610115295,(gap/tau_g)^2+(speed/tau_v)^2+(lateral/tau_y)^2,False
moderate,0,2.0,3134,False,Proposed,service,0,aware,none,0.2,0.55,2,0.577489633855534,1.4109373599955435,0.16677498778428224,1.5135109831481297,17.095324928819267,0.49132514018427487,0,0,0,0.0,,1.0359999999991487,2.0537999999987733,2.303911962389596,(gap/tau_g)^2+(speed/tau_v)^2+(lateral/tau_y)^2,False
moderate,0,2.0,3135,False,Proposed,service,0,aware,none,0.2,0.55,2,0.5730892905137066,1.4047271978762261,0.16721195972583935,1.5022318824581475,17.046426429843606,0.49001717219670593,0,0,0,0.0,,1.1786499999999478,1.6264999999862084,2.2896384566452257,(gap/tau_g)^2+(speed/tau_v)^2+(lateral/tau_y)^2,False
moderate,0,2.0,3136,False,Proposed,service,0,aware,none,0.2,0.55,2,0.57808669620124,1.403186735398939,0.16597829903972583,1.5386442050683555,16.863970097759264,0.4887557856870106,0,0,0,0.0,,1.2002500000036775,2.0056000000039376,2.2873828490107004,(gap/tau_g)^2+(speed/tau_v)^2+(lateral/tau_y)^2,False
moderate,0,2.0,3137,False,Proposed,service,0,aware,none,0.2,0.55,2,0.5738348465271332,1.4064428431233056,0.16681400269735697,1.5269196760352777,17.12091878864276,0.4794527161094613,0,0,0,0.0,,1.1235000000127116,1.7466000000041504,2.2902961274035287,(gap/tau_g)^2+(speed/tau_v)^2+(lateral/tau_y)^2,False
moderate,0,2.0,3138,False,Proposed,service,0,aware,none,0.2,0.55,2,0.5781638553741207,1.4064776350397235,0.16684572191588523,1.4984718484614994,16.87245483636209,0.4953216374050543,0,0,0,0.0,,1.1082999999914023,1.4463999999918542,2.299476445263809,(gap/tau_g)^2+(speed/tau_v)^2+(lateral/tau_y)^2,False
moderate,0,2.0,3139,True,Proposed,service,0,aware,none,0.2,0.55,2,0.5790005555538211,1.3881612613645171,0.16597583699459248,1.5446754930749327,17.09714323608005,0.491556451849267,0,0,0,0.0,,1.2132499999992774,2.0604999999989104,2.2678436296138695,(gap/tau_g)^2+(speed/tau_v)^2+(lateral/tau_y)^2,False
moderate,0,2.0,3140,True,Proposed,service,0,aware,none,0.2,0.55,2,0.5757872653607617,1.3942301072042427,0.16585685441057432,1.5119163814075944,16.848393910228253,0.47980342166834156,0,0,0,0.0,,1.2029500000068083,2.0688000000035345,2.2688750853366035,(gap/tau_g)^2+(speed/tau_v)^2+(lateral/tau_y)^2,False
moderate,0,2.0,3141,False,Proposed,service,0,aware,none,0.2,0.55,2,0.5788555040622456,1.4093560789944521,0.16700390375626606,1.498170341836466,17.05370466594109,0.4938180409581475,0,0,0,0.0,,1.2291500000074507,2.0438999999896623,2.30635465336232,(gap/tau_g)^2+(speed/tau_v)^2+(lateral/tau_y)^2,False
moderate,0,2.0,3142,True,Proposed,service,0,aware,none,0.2,0.55,2,0.5736881287629044,1.3919348654018748,0.166642774671981,1.5143983999875914,17.20080256937012,0.4850401876125482,0,0,0,0.0,,1.0566999999994664,1.7065999999914538,2.2678557143234768,(gap/tau_g)^2+(speed/tau_v)^2+(lateral/tau_y)^2,False
moderate,0,2.0,3143,True,Proposed,service,0,aware,none,0.2,0.55,2,0.5674292728188994,1.3920901225940752,0.1663784146142032,1.5452439037330203,17.208545990334322,0.4872289840327817,0,0,0,0.0,,1.0585499999962167,1.9482000000010657,2.253178259486457,(gap/tau_g)^2+(speed/tau_v)^2+(lateral/tau_y)^2,False
moderate,0,2.0,3144,False,Proposed,service,0,aware,none,0.2,0.55,2,0.5718309410026233,1.4033170415181322,0.16680831900360754,1.5193571367749867,17.11913660886392,0.4890499017995923,0,0,0,0.0,,1.1198999999990633,2.345199999993497,2.281686293438759,(gap/tau_g)^2+(speed/tau_v)^2+(lateral/tau_y)^2,False
moderate,0,2.0,3145,False,Proposed,service,0,aware,none,0.2,0.55,2,0.5817158921294908,1.4173719071099324,0.16697725087028512,1.5478000559635396,16.992112402480622,0.4877942127538031,0,0,0,0.0,,1.016999999997381,2.1073000000058073,2.3235942684709663,(gap/tau_g)^2+(speed/tau_v)^2+(lateral/tau_y)^2,False
moderate,0,2.0,3146,False,Proposed,service,0,aware,none,0.2,0.55,2,0.5705887087080277,1.4059928894679123,0.16662474828454435,1.4973461194360038,17.13386780122613,0.4833235778953726,0,0,0,0.0,,1.2051499999969906,1.939399999997704,2.281468495483006,(gap/tau_g)^2+(speed/tau_v)^2+(lateral/tau_y)^2,False
moderate,0,2.0,3147,False,Proposed,service,0,aware,none,0.2,0.55,2,0.5716887422175406,1.4008479751526148,0.16661611911382385,1.5238600604165033,17.07401302450154,0.49562579878713287,0,0,0,0.0,,1.2468499999940263,2.0935000000008586,2.276262626174189,(gap/tau_g)^2+(speed/tau_v)^2+(lateral/tau_y)^2,False
moderate,0,2.0,3148,True,Proposed,service,0,aware,none,0.2,0.55,2,0.5745440650008576,1.3921958332879067,0.1665215120375972,1.525023306478503,17.023219979027537,0.4965724233478914,0,0,0,0.0,,1.3788499999947135,2.087200000005396,2.2689636272426705,(gap/tau_g)^2+(speed/tau_v)^2+(lateral/tau_y)^2,False
moderate,0,2.0,3149,False,Proposed,service,0,aware,none,0.2,0.55,2,0.5785113784750405,1.402869694214121,0.16633233077511242,1.5245094400795864,16.880728022747157,0.4827025546540725,0,0,0,0.0,,1.0260500000001116,1.844800000000646,2.2907433868947598,(gap/tau_g)^2+(speed/tau_v)^2+(lateral/tau_y)^2,False
moderate,0,2.0,3150,False,Proposed,service,0,aware,none,0.2,0.55,2,0.574595687384203,1.403702432782958,0.1661686067094175,1.5039971125595866,17.10603061012943,0.49660465121572295,0,0,0,0.0,,1.1360999999965316,1.895799999999781,2.28254780367316,(gap/tau_g)^2+(speed/tau_v)^2+(lateral/tau_y)^2,False
moderate,0,2.2,3101,False,Proposed,service,0,aware,none,0.2,0.55,2,0.5825798328214005,1.4513549974374509,0.16572398263576799,1.4668160296542352,22.449362264441845,0.48764185753373346,0,0,0,0.0,,1.0763499999910664,70.31979999999294,2.364697287125135,(gap/tau_g)^2+(speed/tau_v)^2+(lateral/tau_y)^2,False
moderate,0,2.2,3102,False,Proposed,service,0,aware,none,0.2,0.55,2,0.5923938314989963,1.4646560877551507,0.16609304606256212,1.5120660902569245,22.5009259616263,0.492828657137781,0,0,0,0.0,,0.788150000012422,2.095400000001746,2.40804755888885,(gap/tau_g)^2+(speed/tau_v)^2+(lateral/tau_y)^2,False
moderate,0,2.2,3103,False,Proposed,service,0,aware,none,0.2,0.55,2,0.5867915327331027,1.450837701460325,0.16609263634659707,1.492925311948345,22.42015622664887,0.4924865642028813,0,0,0,0.0,,0.8419999999986771,3.3253000000001975,2.375745086143366,(gap/tau_g)^2+(speed/tau_v)^2+(lateral/tau_y)^2,False
moderate,0,2.2,3104,False,Proposed,service,0,aware,none,0.2,0.55,2,0.5906192159602998,1.4599681329103158,0.16616190421353472,1.5024967485469645,22.492971520730926,0.4917150123363865,0,0,0,0.0,,0.8704500000007442,6.776200000004451,2.397892109338942,(gap/tau_g)^2+(speed/tau_v)^2+(lateral/tau_y)^2,False
moderate,0,2.2,3105,False,Proposed,service,0,aware,none,0.2,0.55,2,0.5817242937689827,1.446268858868825,0.16562492691490435,1.5076989198512163,22.359932844496427,0.49611725917187854,0,0,0,0.0,,0.930750000009084,8.336099999993962,2.3545866358665797,(gap/tau_g)^2+(speed/tau_v)^2+(lateral/tau_y)^2,False
moderate,0,2.2,3106,False,Proposed,service,0,aware,none,0.2,0.55,2,0.587558649745059,1.4587228072155245,0.16634486670719623,1.4661282484704314,22.600748190466355,0.49515597022664615,0,0,0,0.0,,0.9051999999911686,5.493600000008314,2.3911480930896643,(gap/tau_g)^2+(speed/tau_v)^2+(lateral/tau_y)^2,False
moderate,0,2.2,3107,False,Proposed,service,0,aware,none,0.2,0.55,2,0.5915104836979349,1.4664170883817327,0.16642120901343915,1.4613686785177058,22.47425178434944,0.4911108911112342,0,0,0,0.0,,0.7967499999992356,1.5092000000009875,2.411549812118322,(gap/tau_g)^2+(speed/tau_v)^2+(lateral/tau_y)^2,False
moderate,0,2.2,3108,False,Proposed,service,0,aware,none,0.2,0.55,2,0.5903315965526122,1.4604193542297554,0.16658259324993138,1.4909041192995214,22.499135070820202,0.4951997458207167,0,0,0,0.0,,0.9298999999955981,1.9555000000082146,2.4014601274997815,(gap/tau_g)^2+(speed/tau_v)^2+(lateral/tau_y)^2,False
moderate,0,2.2,3109,False,Proposed,service,0,aware,none,0.2,0.55,2,0.5978414136856478,1.4605824552146554,0.16650441284448225,1.4561504593703558,22.567729351833123,0.49417859389643337,0,0,0,0.0,,0.891200000005199,1.4737999999994145,2.416915219724711,(gap/tau_g)^2+(speed/tau_v)^2+(lateral/tau_y)^2,False
moderate,0,2.2,3110,False,Proposed,service,0,aware,none,0.2,0.55,2,0.5850183530446994,1.4541784783570455,0.164997349095258,1.5145506921428415,22.452566576113696,0.47401547331965166,0,0,0,0.0,,0.9487499999991655,1.6910000000081027,2.3679367372437667,(gap/tau_g)^2+(speed/tau_v)^2+(lateral/tau_y)^2,False
moderate,0,2.2,3111,False,Proposed,service,0,aware,none,0.2,0.55,2,0.5876189972892033,1.4546455504472686,0.16616222231355732,1.4735097830334642,22.61380234339518,0.48957552731085285,0,0,0,0.0,,0.9623999999988087,1.6435999999941941,2.3836954224415545,(gap/tau_g)^2+(speed/tau_v)^2+(lateral/tau_y)^2,False
moderate,0,2.2,3112,False,Proposed,service,0,aware,none,0.2,0.55,2,0.5881335182016951,1.458831023581992,0.16557750091761786,1.4692269500611452,22.328724243678188,0.49322318077742433,0,0,0,0.0,,0.9270500000013726,1.7640000000085365,2.3861430753082287,(gap/tau_g)^2+(speed/tau_v)^2+(lateral/tau_y)^2,False
moderate,0,2.2,3113,False,Proposed,service,0,aware,none,0.2,0.55,2,0.5926294955001103,1.4581244470777914,0.16566326271865894,1.5364827467522648,22.525167317635763,0.4927741886741186,0,0,0,0.0,,0.929450000008103,1.6975999999999658,2.3952393730942996,(gap/tau_g)^2+(speed/tau_v)^2+(lateral/tau_y)^2,False
moderate,0,2.2,3114,False,Proposed,service,0,aware,none,0.2,0.55,2,0.588536709368849,1.453073804169373,0.1653657325905542,1.5103582248845677,22.470172566073444,0.4939467419121363,0,0,0,0.0,,0.8705500000019128,1.8297000000018215,2.3766811081049997,(gap/tau_g)^2+(speed/tau_v)^2+(lateral/tau_y)^2,False
moderate,0,2.2,3115,False,Proposed,service,0,aware,none,0.2,0.55,2,0.5859566439404261,1.4590655906095222,0.16574582545924074,1.5051092231949337,22.504279065412803,0.49445500520393837,0,0,0,0.0,,0.820150000002684,1.261400000004187,2.383342799371884,(gap/tau_g)^2+(speed/tau_v)^2+(lateral/tau_y)^2,False
moderate,0,2.2,3116,False,Proposed,service,0,aware,none,0.2,0.55,2,0.5863813721596715,1.4634676332106114,0.16640333191694517,1.461810931817199,22.402948690145834,0.4830469529271597,0,0,0,0.0,,0.7659999999987122,2.0456999999964864,2.396251589405265,(gap/tau_g)^2+(speed/tau_v)^2+(lateral/tau_y)^2,False
moderate,0,2.2,3117,False,Proposed,service,0,aware,none,0.2,0.55,2,0.5850373056609539,1.4486154815966756,0.1657795334990835,1.487489107418453,22.62566631674197,0.4925115921195563,0,0,0,0.0,,0.8442999999971335,1.8511999999901718,2.3662054789392877,(gap/tau_g)^2+(speed/tau_v)^2+(lateral/tau_y)^2,False
moderate,0,2.2,3118,False,Proposed,service,0,aware,none,0.2,0.55,2,0.5908734086273678,1.4589009270174198,0.16594627583316865,1.4866350959528585,22.40869541118534,0.49552050556700533,0,0,0,0.0,,1.0036000000042122,2.252500000011537,2.3950464216625598,(gap/tau_g)^2+(speed/tau_v)^2+(lateral/tau_y)^2,False
moderate,0,2.2,3119,False,Proposed,service,0,aware,none,0.2,0.55,2,0.586260213882565,1.4532843067656265,0.1661567430693234,1.4799450440473785,22.290956825566816,0.4938553211860275,0,0,0,0.0,,1.0020000000068308,1.9784999999927777,2.3787946684350816,(gap/tau_g)^2+(speed/tau_v)^2+(lateral/tau_y)^2,False
moderate,0,2.2,3120,False,Proposed,service,0,aware,none,0.2,0.55,2,0.5853479548540924,1.4405085624782257,0.1653220783496085,1.4622748849858835,22.593866885001667,0.49941516805139863,0,0,0,0.0,,0.970099999996421,1.6552000000018552,2.351115292191224,(gap/tau_g)^2+(speed/tau_v)^2+(lateral/tau_y)^2,False
moderate,0,2.2,3121,False,Proposed,service,0,aware,none,0.2,0.55,2,0.5923798124091825,1.4681719575316474,0.16678493921749704,1.5408186264654802,22.51192940992062,0.4855932732700957,0,0,0,0.0,,0.7560999999967066,1.3907000000017433,2.4190368704998684,(gap/tau_g)^2+(speed/tau_v)^2+(lateral/tau_y)^2,False
moderate,0,2.2,3122,False,Proposed,service,0,aware,none,0.2,0.55,2,0.5864863647495995,1.4593744303976592,0.16606410829600984,1.4680149376381129,22.53501815325874,0.49369585037413377,0,0,0,0.0,,0.7790000000014174,1.4691000000084387,2.3875470169219213,(gap/tau_g)^2+(speed/tau_v)^2+(lateral/tau_y)^2,False
moderate,0,2.2,3123,False,Proposed,service,0,aware,none,0.2,0.55,2,0.5862497651348848,1.4603033362950755,0.16668298383921462,1.5353174663780815,22.40900717057348,0.4937601047391401,0,0,0,0.0,,0.777349999999899,1.7689999999959127,2.3935856922810084,(gap/tau_g)^2+(speed/tau_v)^2+(lateral/tau_y)^2,False
moderate,0,2.2,3124,False,Proposed,service,0,aware,none,0.2,0.55,2,0.5902959477198317,1.447408227742003,0.1660860463301783,1.4506461375549207,22.47764420744535,0.491347313515204,0,0,0,0.0,,0.8087000000003286,1.4129999999994425,2.377952546083478,(gap/tau_g)^2+(speed/tau_v)^2+(lateral/tau_y)^2,False
moderate,0,2.2,3125,False,Proposed,service,0,aware,none,0.2,0.55,2,0.5767967256802601,1.451674154828693,0.16576253138749314,1.4932756397904685,22.42930148771383,0.49305071751370266,0,0,0,0.0,,0.740000000000407,1.8677000000053567,2.353569820423886,(gap/tau_g)^2+(speed/tau_v)^2+(lateral/tau_y)^2,False
moderate,0,2.2,3126,False,Proposed,service,0,aware,none,0.2,0.55,2,0.5834033886248312,1.4560376436483171,0.1654155725580809,1.4695012070200308,22.45892574651542,0.4993701769731437,0,0,0,0.0,,0.7817000000045482,1.677999999998292,2.3707972997406594,(gap/tau_g)^2+(speed/tau_v)^2+(lateral/tau_y)^2,False
moderate,0,2.2,3127,False,Proposed,service,0,aware,none,0.2,0.55,2,0.592633362636849,1.4625852974392888,0.16567182260672142,1.4774758471768514,22.336988872332753,0.49724084190266715,0,0,0,0.0,,0.9586000000041395,1.2782999999956246,2.401965798450352,(gap/tau_g)^2+(speed/tau_v)^2+(lateral/tau_y)^2,False
moderate,0,2.2,3128,False,Proposed,service,0,aware,none,0.2,0.55,2,0.5893173856991852,1.4574129131300657,0.1653172370559308,1.4660119312136233,22.405600868252392,0.4942241287029908,0,0,0,0.0,,0.939299999998866,1.2847000000135722,2.384358225160182,(gap/tau_g)^2+(speed/tau_v)^2+(lateral/tau_y)^2,False
moderate,0,2.2,3129,False,Proposed,service,0,aware,none,0.2,0.55,2,0.5879120627610734,1.451635181756834,0.1661690629633719,1.5349219693472136,22.478737992922397,0.4896810107230838,0,0,0,0.0,,0.8286999999995714,2.061699999998723,2.3799009508516273,(gap/tau_g)^2+(speed/tau_v)^2+(lateral/tau_y)^2,False
moderate,0,2.2,3130,False,Proposed,service,0,aware,none,0.2,0.55,2,0.5839353737842718,1.4549783944483852,0.16637930523291486,1.4839331902965494,22.396254629524826,0.4947661653061963,0,0,0,0.0,,1.0266500000071233,2.457100000000878,2.3783221412271507,(gap/tau_g)^2+(speed/tau_v)^2+(lateral/tau_y)^2,False
moderate,0,2.2,3131,False,Proposed,service,0,aware,none,0.2,0.55,2,0.5914765736658699,1.4671848640698024,0.16693985979563722,1.4387640370647197,22.573684498664228,0.4911699243854062,0,0,0,0.0,,0.8387999999968088,1.1401000000006434,2.4169501030849214,(gap/tau_g)^2+(speed/tau_v)^2+(lateral/tau_y)^2,False
moderate,0,2.2,3132,False,Proposed,service,0,aware,none,0.2,0.55,2,0.580486052572001,1.4548278558514085,0.16549188318440067,1.5120262738708543,22.454140329417434,0.48892393978681314,0,0,0,0.0,,0.961849999995934,2.031400000007011,2.3635955275265106,(gap/tau_g)^2+(speed/tau_v)^2+(lateral/tau_y)^2,False
moderate,0,2.2,3133,False,Proposed,service,0,aware,none,0.2,0.55,2,0.5860127146954441,1.4579271091908017,0.1653804718637943,1.561272745491607,22.464543079509085,0.48325405346292927,0,0,0,0.0,,0.9956500000001256,1.9671000000016647,2.378740810112019,(gap/tau_g)^2+(speed/tau_v)^2+(lateral/tau_y)^2,False
moderate,0,2.2,3134,False,Proposed,service,0,aware,none,0.2,0.55,2,0.5905265361091709,1.4657264150477722,0.16613105579827578,1.4778802207875648,22.582470794454274,0.49424962371166425,0,0,0,0.0,,1.0041999999899076,1.638499999998544,2.4060366262796697,(gap/tau_g)^2+(speed/tau_v)^2+(lateral/tau_y)^2,False
moderate,0,2.2,3135,False,Proposed,service,0,aware,none,0.2,0.55,2,0.5863192022200068,1.4597572746801106,0.16655576939196398,1.4678621109531786,22.604929235110838,0.4928955120818185,0,0,0,0.0,,0.9431499999976722,1.3885999999985188,2.3918570816945026,(gap/tau_g)^2+(speed/tau_v)^2+(lateral/tau_y)^2,False
moderate,0,2.2,3136,False,Proposed,service,0,aware,none,0.2,0.55,2,0.5909935557078877,1.4569938892771461,0.1653599848750293,1.5036948832171162,22.462478539037036,0.4929736431670424,0,0,0,0.0,,0.8360500000037518,1.729900000000839,2.3876057128999273,(gap/tau_g)^2+(speed/tau_v)^2+(lateral/tau_y)^2,False
moderate,0,2.2,3137,False,Proposed,service,0,aware,none,0.2,0.55,2,0.586822992707755,1.4611036777969892,0.16617080745330026,1.4917499314626184,22.501194554045888,0.4828070867340427,0,0,0,0.0,,0.9593499999951405,2.373300000002132,2.3917120607346427,(gap/tau_g)^2+(speed/tau_v)^2+(lateral/tau_y)^2,False
moderate,0,2.2,3138,False,Proposed,service,0,aware,none,0.2,0.55,2,0.5911683759605904,1.4614466576212362,0.16619860552192905,1.4627094312188018,22.25759979977905,0.4953216374050543,0,0,0,0.0,,1.2718999999989933,1.5590999999943733,2.401554589147171,(gap/tau_g)^2+(speed/tau_v)^2+(lateral/tau_y)^2,False
moderate,0,2.2,3139,False,Proposed,service,0,aware,none,0.2,0.55,2,0.5914689821763733,1.441811724352865,0.16535679734549874,1.5092388549064693,22.45016031626792,0.49589086930802817,0,0,0,0.0,,1.0900499999948465,1.4108000000021548,2.36612462352009,(gap/tau_g)^2+(speed/tau_v)^2+(lateral/tau_y)^2,False
moderate,0,2.2,3140,False,Proposed,service,0,aware,none,0.2,0.55,2,0.5882237277288177,1.4477467157672819,0.1652462266812196,1.4757976587787132,22.405803610919804,0.48369975876450977,0,0,0,0.0,,1.082599999996603,2.572099999994748,2.367154446029711,(gap/tau_g)^2+(speed/tau_v)^2+(lateral/tau_y)^2,False
moderate,0,2.2,3141,False,Proposed,service,0,aware,none,0.2,0.55,2,0.5914436712194632,1.4646537363945995,0.1663534509487811,1.4636769882083187,22.40673167347066,0.49394592261635706,0,0,0,0.0,,1.1546500000036986,1.840700000002471,2.4082086046495528,(gap/tau_g)^2+(speed/tau_v)^2+(lateral/tau_y)^2,False
moderate,0,2.2,3142,False,Proposed,service,0,aware,none,0.2,0.55,2,0.5869551472598478,1.445969175979116,0.16600899623345194,1.4793115622256694,22.59005425599866,0.4889669758900971,0,0,0,0.0,,1.0985999999988394,1.8853999999919324,2.3681965696746397,(gap/tau_g)^2+(speed/tau_v)^2+(lateral/tau_y)^2,False
moderate,0,2.2,3143,False,Proposed,service,0,aware,none,0.2,0.55,2,0.5804006969098174,1.4457201130279944,0.1657404612806013,1.5091716058563822,22.595185165942432,0.49187605126658407,0,0,0,0.0,,1.2299500000025887,1.985399999995252,2.3519995100259266,(gap/tau_g)^2+(speed/tau_v)^2+(lateral/tau_y)^2,False
moderate,0,2.2,3144,False,Proposed,service,0,aware,none,0.2,0.55,2,0.5849200351967263,1.4577556950029822,0.16616485238514614,1.4829727858701618,22.64719294128286,0.49301996443919316,0,0,0,0.0,,1.0569000000018036,2.019699999991076,2.3827126726148777,(gap/tau_g)^2+(speed/tau_v)^2+(lateral/tau_y)^2,False
moderate,0,2.2,3145,False,Proposed,service,0,aware,none,0.2,0.55,2,0.5950030226032754,1.4723132343994272,0.16632414038326565,1.5107259438823955,22.42022234889984,0.491235395389392,0,0,0,0.0,,1.177499999997167,1.8907000000041307,2.4269497458633977,(gap/tau_g)^2+(speed/tau_v)^2+(lateral/tau_y)^2,False
moderate,0,2.2,3146,False,Proposed,service,0,aware,none,0.2,0.55,2,0.5834658128716264,1.460339225140657,0.16599180196514346,1.4615272638044345,22.507798869800098,0.48638525659121545,0,0,0,0.0,,1.2167500000046516,1.9110000000068794,2.3821014885222054,(gap/tau_g)^2+(speed/tau_v)^2+(lateral/tau_y)^2,False
moderate,0,2.2,3147,False,Proposed,service,0,aware,none,0.2,0.55,2,0.5841750861904211,1.455384891887262,0.1659829806071374,1.4889640812544576,22.565757660751373,0.4977919679845857,0,0,0,0.0,,1.1648500000021045,2.2383000000019138,2.376130453433435,(gap/tau_g)^2+(speed/tau_v)^2+(lateral/tau_y)^2,False
moderate,0,2.2,3148,False,Proposed,service,0,aware,none,0.2,0.55,2,0.5872298640897552,1.446401984792232,0.16588274318572105,1.4892357897684885,22.471792069093546,0.4965724233478914,0,0,0,0.0,,1.1787000000040848,2.148899999994569,2.368361161769341,(gap/tau_g)^2+(speed/tau_v)^2+(lateral/tau_y)^2,False
moderate,0,2.2,3149,False,Proposed,service,0,aware,none,0.2,0.55,2,0.5917641433244824,1.456928112901339,0.16570181160830394,1.4897744795420043,22.41085914790819,0.48717268029315963,0,0,0,0.0,,1.3806999999985692,1.9707999999951653,2.3919573672499563,(gap/tau_g)^2+(speed/tau_v)^2+(lateral/tau_y)^2,False
moderate,0,2.2,3150,False,Proposed,service,0,aware,none,0.2,0.55,2,0.5877725485542225,1.457695760400849,0.16554873831330816,1.4682691715452776,22.4255311491211,0.4998755646175266,0,0,0,0.0,,1.3001999999957548,1.7151999999924783,2.383461068341322,(gap/tau_g)^2+(speed/tau_v)^2+(lateral/tau_y)^2,False
moderate,0,2.4,3101,False,Proposed,service,0,aware,none,0.2,0.55,2,0.5902356775345518,1.4983272872351845,0.1651086706902604,1.4345693722726414,27.94217577504577,0.4916218066941058,0,0,0,0.0,,0.9419000000008282,7.419699999999807,2.4462611072796174,(gap/tau_g)^2+(speed/tau_v)^2+(lateral/tau_y)^2,False
moderate,0,2.4,3102,False,Proposed,service,0,aware,none,0.2,0.55,2,0.5999532155737672,1.5123665823707837,0.16546747439168927,1.4794808869120903,27.993675145929323,0.49648600637949347,0,0,0,0.0,,0.882549999992932,5.491599999999153,2.491352976946092,(gap/tau_g)^2+(speed/tau_v)^2+(lateral/tau_y)^2,False
moderate,0,2.4,3103,False,Proposed,service,0,aware,none,0.2,0.55,2,0.5948633090537722,1.4986927714705258,0.165468877129552,1.4600015168336071,27.927243430711975,0.495612249504916,0,0,0,0.0,,0.8970999999959872,2.207299999994916,2.459546561706497,(gap/tau_g)^2+(speed/tau_v)^2+(lateral/tau_y)^2,False
moderate,0,2.4,3104,False,Proposed,service,0,aware,none,0.2,0.55,2,0.598261813209691,1.5077252221316841,0.16553811595056825,1.4687234345304148,27.934351834390476,0.49510062668574906,0,0,0,0.0,,0.842300000002183,1.3227000000028966,2.4811828869416326,(gap/tau_g)^2+(speed/tau_v)^2+(lateral/tau_y)^2,False
moderate,0,2.4,3105,False,Proposed,service,0,aware,none,0.2,0.55,2,0.5893846316021704,1.4931876563809519,0.1650175134754174,1.4739539204163805,27.829760414219038,0.4992992828393269,0,0,0,0.0,,0.8783500000006939,1.4177999999986923,2.4358795100181494,(gap/tau_g)^2+(speed/tau_v)^2+(lateral/tau_y)^2,False
moderate,0,2.4,3106,False,Proposed,service,0,aware,none,0.2,0.55,2,0.595829618201537,1.5066771477062593,0.16571253822454277,1.4348774261881367,27.94586754105817,0.4953694359811319,0,0,0,0.0,,0.8566499999957955,1.5237000000070111,2.4758522926844435,(gap/tau_g)^2+(speed/tau_v)^2+(lateral/tau_y)^2,False
moderate,0,2.4,3107,False,Proposed,service,0,aware,none,0.2,0.55,2,0.5996892725217042,1.5143908789070741,0.16578653789663814,1.4292324747937342,27.874094599937834,0.49311846985767893,0,0,0,0.0,,0.850899999996102,2.0809999999897855,2.4965583911341045,(gap/tau_g)^2+(speed/tau_v)^2+(lateral/tau_y)^2,False
moderate,0,2.4,3108,False,Proposed,service,0,aware,none,0.2,0.55,2,0.5986556344467934,1.5087407108527866,0.1659503361728592,1.4596539114117004,27.929026998154775,0.4951997458207167,0,0,0,0.0,,0.9370499999974413,1.5967999999872973,2.4869998874004455,(gap/tau_g)^2+(speed/tau_v)^2+(lateral/tau_y)^2,False
moderate,0,2.4,3109,False,Proposed,service,0,aware,none,0.2,0.55,2,0.6056133840437932,1.5090060588485479,0.16587093986144347,1.4241101887393717,27.941841893650682,0.49417859389643337,0,0,0,0.0,,0.8884999999949628,1.3534999999933461,2.501645804294299,(gap/tau_g)^2+(speed/tau_v)^2+(lateral/tau_y)^2,False
moderate,0,2.4,3110,False,Proposed,service,0,aware,none,0.2,0.55,2,0.5924850475830575,1.500483674917551,0.1644006757597167,1.4828450736545629,27.90441226430608,0.4786942281990103,0,0,0,0.0,,0.7905000000008044,1.4385000000061154,2.448457677178088,(gap/tau_g)^2+(speed/tau_v)^2+(lateral/tau_y)^2,False
moderate,0,2.4,3111,False,Proposed,service,0,aware,none,0.2,0.55,2,0.5954041846845987,1.5024287536196084,0.16553658623739384,1.4414032014065226,27.94213138178246,0.4932672237120721,0,0,0,0.0,,0.8123499999967976,1.6308000000009315,2.4669718512559733,(gap/tau_g)^2+(speed/tau_v)^2+(lateral/tau_y)^2,False
moderate,0,2.4,3112,False,Proposed,service,0,aware,none,0.2,0.55,2,0.596075769390455,1.5057426441943138,0.164966898835773,1.4366735987298331,27.91193787641835,0.49565689079452036,0,0,0,0.0,,0.7680999999948313,1.2552000000027874,2.4687733985482034,(gap/tau_g)^2+(speed/tau_v)^2+(lateral/tau_y)^2,False
moderate,0,2.4,3113,False,Proposed,service,0,aware,none,0.2,0.55,2,0.6006005528258709,1.5054604166576915,0.16505193786265518,1.5038282202696485,27.894610921974788,0.4957981797524472,0,0,0,0.0,,0.8527499999999577,2.167700000001105,2.4786675519406516,(gap/tau_g)^2+(speed/tau_v)^2+(lateral/tau_y)^2,False
moderate,0,2.4,3114,False,Proposed,service,0,aware,none,0.2,0.55,2,0.596577265901118,1.4995746207332985,0.16475700955859002,1.477320710090139,27.937996136861976,0.4972560872353281,0,0,0,0.0,,0.9867500000027007,1.4772000000107255,2.4586489843621777,(gap/tau_g)^2+(speed/tau_v)^2+(lateral/tau_y)^2,False
moderate,0,2.4,3115,False,Proposed,service,0,aware,none,0.2,0.55,2,0.593819424977719,1.5060797407314526,0.16513321884798143,1.4735520016693497,27.812067193071556,0.4978376118953838,0,0,0,0.0,,0.8407999999917593,1.5274999999945749,2.4658909507814375,(gap/tau_g)^2+(speed/tau_v)^2+(lateral/tau_y)^2,False
moderate,0,2.4,3116,False,Proposed,service,0,aware,none,0.2,0.55,2,0.5944475767312386,1.5114376721551295,0.16577038613700593,1.4301459243955048,27.85615860303345,0.4861089236347955,0,0,0,0.0,,0.9153000000026168,1.8758000000076436,2.4807377309907626,(gap/tau_g)^2+(speed/tau_v)^2+(lateral/tau_y)^2,False
moderate,0,2.4,3117,False,Proposed,service,0,aware,none,0.2,0.55,2,0.5928261286945239,1.4957316194668169,0.16515972506057772,1.4543633141490955,28.04916658048061,0.49573867307653086,0,0,0,0.0,,0.8149499999987597,1.695299999994404,2.4481658466948346,(gap/tau_g)^2+(speed/tau_v)^2+(lateral/tau_y)^2,False
moderate,0,2.4,3118,False,Proposed,service,0,aware,none,0.2,0.55,2,0.5987800818489372,1.5061801239448112,0.16532518280784453,1.4535397652976896,27.88321544137621,0.49673566137098457,0,0,0,0.0,,0.8266500000004839,1.535900000007473,2.4781485991533643,(gap/tau_g)^2+(speed/tau_v)^2+(lateral/tau_y)^2,False
moderate,0,2.4,3119,False,Proposed,service,0,aware,none,0.2,0.55,2,0.5946824090773104,1.5009814141584186,0.16553434000054493,1.4476769255592141,27.779000071099638,0.49573407471851927,0,0,0,0.0,,0.7916999999935115,1.4004999999883694,2.463208358452895,(gap/tau_g)^2+(speed/tau_v)^2+(lateral/tau_y)^2,False
moderate,0,2.4,3120,False,Proposed,service,0,aware,none,0.2,0.55,2,0.5930675661769402,1.4869851006121835,0.16472481605079428,1.4320432438679052,28.0843569840613,0.5012099786272253,0,0,0,0.0,,0.800800000000379,1.7145999999996775,2.4317777125506304,(gap/tau_g)^2+(speed/tau_v)^2+(lateral/tau_y)^2,False
moderate,0,2.4,3121,False,Proposed,service,0,aware,none,0.2,0.55,2,0.6004877983423134,1.516789114483625,0.16614174837676265,1.5066294673685041,27.987254948394444,0.4890890915661408,0,0,0,0.0,,0.7000499999989529,1.5760000000000218,2.5049186946577784,(gap/tau_g)^2+(speed/tau_v)^2+(lateral/tau_y)^2,False
moderate,0,2.4,3122,False,Proposed,service,0,aware,none,0.2,0.55,2,0.5945586792000728,1.506785844157234,0.16543599379996934,1.4357989530580841,28.03907299797776,0.4955218771829515,0,0,0,0.0,,0.7319500000022572,2.0539000000070473,2.4710403600167536,(gap/tau_g)^2+(speed/tau_v)^2+(lateral/tau_y)^2,False
moderate,0,2.4,3123,False,Proposed,service,0,aware,none,0.2,0.55,2,0.5949178264554574,1.5084952073198183,0.16604675216803452,1.501290136201602,27.874874885787555,0.4957273645197715,0,0,0,0.0,,0.9537999999977842,1.35190000000307,2.47949091742993,(gap/tau_g)^2+(speed/tau_v)^2+(lateral/tau_y)^2,False
moderate,0,2.4,3124,False,Proposed,service,0,aware,none,0.2,0.55,2,0.5980896811405445,1.4951348910333162,0.1654643887888722,1.4201534914628664,27.985405881311586,0.4946558008437818,0,0,0,0.0,,0.8185499999981971,1.3794999999987567,2.460917404190655,(gap/tau_g)^2+(speed/tau_v)^2+(lateral/tau_y)^2,False
moderate,0,2.4,3125,False,Proposed,service,0,aware,none,0.2,0.55,2,0.5851660178178005,1.4982363147025268,0.16514822585101133,1.4617856216394054,27.942879140513817,0.49610590938832777,0,0,0,0.0,,0.9101500000028295,1.4452000000062526,2.435855030997999,(gap/tau_g)^2+(speed/tau_v)^2+(lateral/tau_y)^2,False
moderate,0,2.4,3126,False,Proposed,service,0,aware,none,0.2,0.55,2,0.5909717343016097,1.5024848797995558,0.1648126928183653,1.4387648570304947,27.906178331162856,0.4993701769731437,0,0,0,0.0,,0.9681499999985022,1.788099999998849,2.4517309200591413,(gap/tau_g)^2+(speed/tau_v)^2+(lateral/tau_y)^2,False
moderate,0,2.4,3127,False,Proposed,service,0,aware,none,0.2,0.55,2,0.6001045540517658,1.5098196671526445,0.16505656974050414,1.445170520517577,27.771532851443283,0.49724084190266715,0,0,0,0.0,,0.9112500000014734,1.310700000004772,2.484353331767182,(gap/tau_g)^2+(speed/tau_v)^2+(lateral/tau_y)^2,False
moderate,0,2.4,3128,False,Proposed,service,0,aware,none,0.2,0.55,2,0.5969792576942607,1.5043133545281702,0.1647064847829388,1.4346186082900236,27.73740298588372,0.4976960590181464,0,0,0,0.0,,1.0168999999962125,1.6437999999965314,2.4663483742944385,(gap/tau_g)^2+(speed/tau_v)^2+(lateral/tau_y)^2,False
moderate,0,2.4,3129,False,Proposed,service,0,aware,none,0.2,0.55,2,0.5962560021503276,1.4992184119113279,0.16554082507275428,1.5031137047001284,27.99217774671947,0.4939587946136841,0,0,0,0.0,,0.9804999999971642,1.888500000006843,2.4638950308148666,(gap/tau_g)^2+(speed/tau_v)^2+(lateral/tau_y)^2,False
moderate,0,2.4,3130,False,Proposed,service,0,aware,none,0.2,0.55,2,0.5914424171170433,1.5026971044507842,0.16574594107985519,1.4512236250025388,27.883255950342836,0.4947661653061963,0,0,0,0.0,,0.846799999997927,1.5314999999986867,2.4607580546021683,(gap/tau_g)^2+(speed/tau_v)^2+(lateral/tau_y)^2,False
moderate,0,2.4,3131,False,Proposed,service,0,aware,none,0.2,0.55,2,0.5997606720792739,1.5159273812598673,0.1662889792565402,1.4087901048876204,28.061352663246836,0.4911699243854062,0,0,0,0.0,,0.7828999999972552,1.9728000000043266,2.503257408933311,(gap/tau_g)^2+(speed/tau_v)^2+(lateral/tau_y)^2,False
moderate,0,2.4,3132,False,Proposed,service,0,aware,none,0.2,0.55,2,0.5882029657016774,1.5012820381766114,0.16488237297537373,1.4793743165737505,27.995348580731587,0.4924046244027951,0,0,0,0.0,,0.9702999999987583,1.5937000000008084,2.444657655400033,(gap/tau_g)^2+(speed/tau_v)^2+(lateral/tau_y)^2,False
moderate,0,2.4,3133,False,Proposed,service,0,aware,none,0.2,0.55,2,0.594026346139409,1.5044268130604233,0.16477632556096874,1.5271831240747182,27.82610397132226,0.487739106501333,0,0,0,0.0,,0.9415999999973224,1.7401000000063505,2.460845497167403,(gap/tau_g)^2+(speed/tau_v)^2+(lateral/tau_y)^2,False
moderate,0,2.4,3134,False,Proposed,service,0,aware,none,0.2,0.55,2,0.5986075434582726,1.5134603370201116,0.16550249757576285,1.4458532015389693,28.018961453697855,0.49557020499619386,0,0,0,0.0,,1.2599000000008687,1.5274000000005117,2.4904639700912754,(gap/tau_g)^2+(speed/tau_v)^2+(lateral/tau_y)^2,False
moderate,0,2.4,3135,False,Proposed,service,0,aware,none,0.2,0.55,2,0.5946035490153577,1.5078522984437226,0.16591491035666145,1.4370304429882996,28.008760658286818,0.4939736655762912,0,0,0,0.0,,1.1731499999925177,1.7673999999914258,2.476742746367279,(gap/tau_g)^2+(speed/tau_v)^2+(lateral/tau_y)^2,False
moderate,0,2.4,3136,False,Proposed,service,0,aware,none,0.2,0.55,2,0.5989374540834506,1.503691225261598,0.16475605581992833,1.4723101712391764,28.00014711179982,0.496914063608325,0,0,0,0.0,,1.1705500000047664,2.1666000000095664,2.4699651605910167,(gap/tau_g)^2+(speed/tau_v)^2+(lateral/tau_y)^2,False
moderate,0,2.4,3137,False,Proposed,service,0,aware,none,0.2,0.55,2,0.5947652707208061,1.508789624852321,0.16554255756358383,1.4602197685514255,27.891279434106416,0.48603693122134806,0,0,0,0.0,,1.2161000000077138,1.7189000000001897,2.4754418602110473,(gap/tau_g)^2+(speed/tau_v)^2+(lateral/tau_y)^2,False
moderate,0,2.4,3138,False,Proposed,service,0,aware,none,0.2,0.55,2,0.5991227563072817,1.5093825030517274,0.16556685974788385,1.4305715320290824,27.721228202943394,0.4953216374050543,0,0,0,0.0,,1.1210999999988758,2.3102999999906615,2.485804612751905,(gap/tau_g)^2+(speed/tau_v)^2+(lateral/tau_y)^2,False
moderate,0,2.4,3139,False,Proposed,service,0,aware,none,0.2,0.55,2,0.5989417621481139,1.4884654375255135,0.16475183179481362,1.4773719324065053,27.83673722460906,0.4990497650910961,0,0,0,0.0,,1.1538999999984867,2.438900000001354,2.4466956905747366,(gap/tau_g)^2+(speed/tau_v)^2+(lateral/tau_y)^2,False
moderate,0,2.4,3140,False,Proposed,service,0,aware,none,0.2,0.55,2,0.5957363086146708,1.4941940062037185,0.1646493387923187,1.4432515212833261,27.756936883749056,0.48739956341850543,0,0,0,0.0,,1.3150500000023158,2.008199999991689,2.4477612197319356,(gap/tau_g)^2+(speed/tau_v)^2+(lateral/tau_y)^2,False
moderate,0,2.4,3141,False,Proposed,service,0,aware,none,0.2,0.55,2,0.5991471534578858,1.5128844999629134,0.1657183218959646,1.4326988343980505,27.84096920923141,0.49394592261635706,0,0,0,0.0,,1.143849999998281,2.1066999999987956,2.492510998644379,(gap/tau_g)^2+(speed/tau_v)^2+(lateral/tau_y)^2,False
moderate,0,2.4,3142,False,Proposed,service,0,aware,none,0.2,0.55,2,0.5952275244879717,1.493126680285721,0.1653893260195914,1.4478265696226995,27.958974901618035,0.4926666718003888,0,0,0,0.0,,1.1608000000080665,1.8241000000074337,2.4511628392178317,(gap/tau_g)^2+(speed/tau_v)^2+(lateral/tau_y)^2,False
moderate,0,2.4,3143,False,Proposed,service,0,aware,none,0.2,0.55,2,0.5884026224522084,1.4924778184543432,0.16511780059124134,1.476656750592523,27.991396126554747,0.4962812831526002,0,0,0,0.0,,1.1930000000006658,1.6824000000070782,2.4335697488073795,(gap/tau_g)^2+(speed/tau_v)^2+(lateral/tau_y)^2,False
moderate,0,2.4,3144,False,Proposed,service,0,aware,none,0.2,0.55,2,0.5930286176667259,1.5052525616930978,0.16553618824039498,1.4502525833073994,28.183901672345442,0.4957429872471567,0,0,0,0.0,,1.2722499999924253,2.4223000000063166,2.466282753567845,(gap/tau_g)^2+(speed/tau_v)^2+(lateral/tau_y)^2,False
moderate,0,2.4,3145,False,Proposed,service,0,aware,none,0.2,0.55,2,0.6033069241771162,1.5201974679065395,0.1656867653279456,1.4773627523958934,27.86921330305063,0.49358578370126693,0,0,0,0.0,,1.1958000000049651,2.3620000000050823,2.512458624879466,(gap/tau_g)^2+(speed/tau_v)^2+(lateral/tau_y)^2,False
moderate,0,2.4,3146,False,Proposed,service,0,aware,none,0.2,0.55,2,0.5913999255466718,1.507652943604406,0.1653733243352407,1.4293074219682995,27.90232326990575,0.48929294232156584,0,0,0,0.0,,1.2006999999911727,1.8532999999933963,2.465195825527667,(gap/tau_g)^2+(speed/tau_v)^2+(lateral/tau_y)^2,False
moderate,0,2.4,3147,False,Proposed,service,0,aware,none,0.2,0.55,2,0.5917351495629792,1.502893340061788,0.1653641408539286,1.4575397569957975,27.99242345533864,0.4977919679845857,0,0,0,0.0,,0.8500999999938585,61.15690000000029,2.4585142686131918,(gap/tau_g)^2+(speed/tau_v)^2+(lateral/tau_y)^2,False
moderate,0,2.4,3148,False,Proposed,service,0,aware,none,0.2,0.55,2,0.5949598744402217,1.4936687345361108,0.16525891103570092,1.4570690758884708,27.801964877184318,0.4965724233478914,0,0,0,0.0,,0.8694499999961636,1.480000000000814,2.45034450742659,(gap/tau_g)^2+(speed/tau_v)^2+(lateral/tau_y)^2,False
moderate,0,2.4,3149,False,Proposed,service,0,aware,none,0.2,0.55,2,0.6000038416602045,1.5039635039918966,0.16508606269306497,1.4585548844900387,27.910049300350913,0.49139143733609103,0,0,0,0.0,,0.8483499999911714,1.4602999999908661,2.475377184353218,(gap/tau_g)^2+(speed/tau_v)^2+(lateral/tau_y)^2,False
moderate,0,2.4,3150,False,Proposed,service,0,aware,none,0.2,0.55,2,0.5959778246444828,1.504602979720589,0.16494313121748477,1.436135982273928,27.8266953579719,0.4998755646175266,0,0,0,0.0,,0.8361000000007834,1.6085999999972955,2.4666194040449287,(gap/tau_g)^2+(speed/tau_v)^2+(lateral/tau_y)^2,False
moderate,0,2.6,3101,False,Proposed,service,0,aware,none,0.2,0.55,2,0.5940670301878628,1.5395474051229638,0.1645068489222318,1.4055392536671414,33.43357434000994,0.49534810264149964,0,0,0,0.0,,0.934649999990711,2.726599999988366,2.513257043292684,(gap/tau_g)^2+(speed/tau_v)^2+(lateral/tau_y)^2,False
moderate,0,2.6,3102,False,Proposed,service,0,aware,none,0.2,0.55,2,0.6036532436830958,1.5542238829007022,0.16485614482300828,1.4500708062854997,33.39454017989729,0.49648600637949347,0,0,0,0.0,,0.9610499999936906,1.6068999999987454,2.559711065117715,(gap/tau_g)^2+(speed/tau_v)^2+(lateral/tau_y)^2,False
moderate,0,2.6,3103,False,Proposed,service,0,aware,none,0.2,0.55,2,0.5991220080732099,1.5407436547346245,0.1648590046255208,1.4303705992327016,33.42765481422116,0.4968036033940292,0,0,0,0.0,,0.8946999999963623,2.751299999999901,2.528759488595895,(gap/tau_g)^2+(speed/tau_v)^2+(lateral/tau_y)^2,False
moderate,0,2.6,3104,False,Proposed,service,0,aware,none,0.2,0.55,2,0.6021212668431192,1.5496610662993997,0.16492797421823452,1.4382592564549395,33.35904282856887,0.49668122184682273,0,0,0,0.0,,0.9444000000016217,1.417500000002292,2.5497935819796544,(gap/tau_g)^2+(speed/tau_v)^2+(lateral/tau_y)^2,False
moderate,0,2.6,3105,False,Proposed,service,0,aware,none,0.2,0.55,2,0.5932118836847801,1.53431590087311,0.1644232594310443,1.4435296749618605,33.35554667805205,0.4992992828393269,0,0,0,0.0,,0.9446999999980221,1.8905000000017935,2.5025601370209403,(gap/tau_g)^2+(speed/tau_v)^2+(lateral/tau_y)^2,False
moderate,0,2.6,3106,False,Proposed,service,0,aware,none,0.2,0.55,2,0.6002949080496803,1.5488604995825763,0.16509439263322595,1.4067144510941922,33.33005109623941,0.4953694359811319,0,0,0,0.0,,0.7953500000041913,1.8505000000033078,2.545996951294956,(gap/tau_g)^2+(speed/tau_v)^2+(lateral/tau_y)^2,False
moderate,0,2.6,3107,False,Proposed,service,0,aware,none,0.2,0.55,2,0.603915776031464,1.556601450215623,0.16516619825221082,1.4003010061238748,33.341000399813666,0.49394411452637754,0,0,0,0.0,,0.8660499999990634,1.8098999999978105,2.566606350463097,(gap/tau_g)^2+(speed/tau_v)^2+(lateral/tau_y)^2,False
moderate,0,2.6,3108,False,Proposed,service,0,aware,none,0.2,0.55,2,0.6031051395408479,1.5512877884328766,0.1653316000545552,1.4315527536884654,33.42588372016936,0.4951997458207167,0,0,0,0.0,,0.8445500000036077,2.0820999999955347,2.557807848722777,(gap/tau_g)^2+(speed/tau_v)^2+(lateral/tau_y)^2,False
moderate,0,2.6,3109,False,Proposed,service,0,aware,none,0.2,0.55,2,0.609510957502937,1.5516243653875017,0.1652512793348161,1.3952146261037481,33.31650082838654,0.49417859389643337,0,0,0,0.0,,0.8218500000012341,2.170200000009004,2.571486292161155,(gap/tau_g)^2+(speed/tau_v)^2+(lateral/tau_y)^2,False
moderate,0,2.6,3110,False,Proposed,service,0,aware,none,0.2,0.55,2,0.596119901922007,1.5408648785840784,0.16381774857232603,1.4543383907169873,33.280039885652364,0.483081854063831,0,0,0,0.0,,0.9196999999971922,2.4137999999993554,2.514015067405222,(gap/tau_g)^2+(speed/tau_v)^2+(lateral/tau_y)^2,False
moderate,0,2.6,3111,False,Proposed,service,0,aware,none,0.2,0.55,2,0.5994326031403615,1.5444179026584,0.1649247975965074,1.4123913321720971,33.28452872564918,0.4964567137754131,0,0,0,0.0,,0.8337000000011585,1.3823999999971193,2.535747223815703,(gap/tau_g)^2+(speed/tau_v)^2+(lateral/tau_y)^2,False
moderate,0,2.6,3112,False,Proposed,service,0,aware,none,0.2,0.55,2,0.6001467410422363,1.5468092940378857,0.16437006509934945,1.4073556237359877,33.45125507851711,0.4980321508454918,0,0,0,0.0,,0.9094999999987863,1.8148999999993976,2.536475018929091,(gap/tau_g)^2+(speed/tau_v)^2+(lateral/tau_y)^2,False
moderate,0,2.6,3113,False,Proposed,service,0,aware,none,0.2,0.55,2,0.6046707892660639,1.5469073545825174,0.16445428882053728,1.4744181663423002,33.331981381589266,0.4986876158942044,0,0,0,0.0,,0.7940000000061787,1.7217999999985523,2.5470122196753406,(gap/tau_g)^2+(speed/tau_v)^2+(lateral/tau_y)^2,False
moderate,0,2.6,3114,False,Proposed,service,0,aware,none,0.2,0.55,2,0.6007515824226142,1.5402748269435855,0.16416227828038002,1.4475317402691503,33.35818747082809,0.49857031526181284,0,0,0,0.0,,0.8532499999986953,1.679800000005116,2.525767629761265,(gap/tau_g)^2+(speed/tau_v)^2+(lateral/tau_y)^2,False
moderate,0,2.6,3115,False,Proposed,service,0,aware,none,0.2,0.55,2,0.5978506072444063,1.5472786231157323,0.164534072975744,1.4451424574166,33.18445740422477,0.4983425252785161,0,0,0,0.0,,0.8881000000044992,2.0245999999985997,2.5336742372715464,(gap/tau_g)^2+(speed/tau_v)^2+(lateral/tau_y)^2,False
moderate,0,2.6,3116,False,Proposed,service,0,aware,none,0.2,0.55,2,0.598643814515897,1.5536313526993366,0.16515155664711229,1.4016134035970833,33.248021984875336,0.4890756370593372,0,0,0,0.0,,0.7695999999981495,1.4263999999997168,2.550501490679138,(gap/tau_g)^2+(speed/tau_v)^2+(lateral/tau_y)^2,False
moderate,0,2.6,3117,False,Proposed,service,0,aware,none,0.2,0.55,2,0.5967481549569497,1.5370973842250166,0.16455396429815494,1.4245345874361488,33.52582350938076,0.49659450622176005,0,0,0,0.0,,0.7724499999994805,1.4238000000119655,2.515474754034802,(gap/tau_g)^2+(speed/tau_v)^2+(lateral/tau_y)^2,False
moderate,0,2.6,3118,False,Proposed,service,0,aware,none,0.2,0.55,2,0.6027767711148524,1.547683042415712,0.16471790048826593,1.42366640938871,33.390785381001535,0.49673566137098457,0,0,0,0.0,,0.9835500000008324,1.6734000000013793,2.546340623666585,(gap/tau_g)^2+(speed/tau_v)^2+(lateral/tau_y)^2,False
moderate,0,2.6,3119,False,Proposed,service,0,aware,none,0.2,0.55,2,0.5992525423487236,1.5429068936758976,0.16492541028934427,1.418629163491817,33.331555760389385,0.497622802508207,0,0,0,0.0,,0.9245000000035475,2.138200000004531,2.532988477903521,(gap/tau_g)^2+(speed/tau_v)^2+(lateral/tau_y)^2,False
moderate,0,2.6,3120,False,Proposed,service,0,aware,none,0.2,0.55,2,0.5968872621797789,1.5276929996783293,0.16414034518910894,1.4048339853594762,33.42270537481166,0.5012099786272253,0,0,0,0.0,,0.9474000000011529,1.6479000000089172,2.4976657454798077,(gap/tau_g)^2+(speed/tau_v)^2+(lateral/tau_y)^2,False
moderate,0,2.6,3121,False,Proposed,service,0,aware,none,0.2,0.55,2,0.6047617433108562,1.5596239819448756,0.16551277118042604,1.4757721032992186,33.386550572582834,0.49242225905157044,0,0,0,0.0,,0.9297000000074718,2.3644999999987704,2.5760947968588854,(gap/tau_g)^2+(speed/tau_v)^2+(lateral/tau_y)^2,False
moderate,0,2.6,3122,False,Proposed,service,0,aware,none,0.2,0.55,2,0.5988101518756948,1.5484209324078577,0.1648221958670379,1.4068748585329105,33.434738401006975,0.4955218771829515,0,0,0,0.0,,0.9364500000046405,1.7710999999991373,2.539892153892139,(gap/tau_g)^2+(speed/tau_v)^2+(lateral/tau_y)^2,False
moderate,0,2.6,3123,False,Proposed,service,0,aware,none,0.2,0.55,2,0.5997446810464248,1.550959693128257,0.16542411081387592,1.4705387913197414,33.375817665302286,0.4957273645197715,0,0,0,0.0,,0.850150000005101,2.1709000000100787,2.5508675044336484,(gap/tau_g)^2+(speed/tau_v)^2+(lateral/tau_y)^2,False
moderate,0,2.6,3124,False,Proposed,service,0,aware,none,0.2,0.55,2,0.6020425006139735,1.5370732660499484,0.16485630997142245,1.392799874204273,33.419514426145795,0.4977545460036408,0,0,0,0.0,,0.9523999999956345,3.187800000006291,2.5292100415684486,(gap/tau_g)^2+(speed/tau_v)^2+(lateral/tau_y)^2,False
moderate,0,2.6,3125,False,Proposed,service,0,aware,none,0.2,0.55,2,0.5896712591840131,1.5390977750732922,0.16454751961134706,1.4334973752315125,33.345729798875105,0.49823481992620944,0,0,0,0.0,,0.9020999999904689,1.9113000000032798,2.5036347999310093,(gap/tau_g)^2+(speed/tau_v)^2+(lateral/tau_y)^2,False
moderate,0,2.6,3126,False,Proposed,service,0,aware,none,0.2,0.55,2,0.594754302654274,1.5430972727681003,0.16422312130745081,1.4111012662840718,33.41970612777591,0.4993701769731437,0,0,0,0.0,,0.8880999999973938,2.669800000006717,2.5179609753708876,(gap/tau_g)^2+(speed/tau_v)^2+(lateral/tau_y)^2,False
moderate,0,2.6,3127,False,Proposed,service,0,aware,none,0.2,0.55,2,0.6037004680690718,1.551164805445209,0.1644553844928597,1.4160585667079135,33.27355725786097,0.49724084190266715,0,0,0,0.0,,0.9078499999901624,1.5420000000005984,2.551666305713448,(gap/tau_g)^2+(speed/tau_v)^2+(lateral/tau_y)^2,False
moderate,0,2.6,3128,False,Proposed,service,0,aware,none,0.2,0.55,2,0.6008239488723596,1.5452885442016262,0.16411012558482496,1.4063185297151497,33.13776420905779,0.4980958640893719,0,0,0,0.0,,0.950799999998253,2.0983000000001084,2.53338713670418,(gap/tau_g)^2+(speed/tau_v)^2+(lateral/tau_y)^2,False
moderate,0,2.6,3129,False,Proposed,service,0,aware,none,0.2,0.55,2,0.6007273336171932,1.5410845736059848,0.16492659926118516,1.4743936215679647,33.50738659649311,0.4958303808650488,0,0,0,0.0,,1.2668999999974062,1.825900000000047,2.5332770942214493,(gap/tau_g)^2+(speed/tau_v)^2+(lateral/tau_y)^2,False
moderate,0,2.6,3130,False,Proposed,service,0,aware,none,0.2,0.55,2,0.5951953150198156,1.5447167498547218,0.16512653115768855,1.4217316417909416,33.41019190076745,0.4947661653061963,0,0,0,0.0,,1.153700000003255,1.8146000000029971,2.528883714044132,(gap/tau_g)^2+(speed/tau_v)^2+(lateral/tau_y)^2,False
moderate,0,2.6,3131,False,Proposed,service,0,aware,none,0.2,0.55,2,0.6041270245260859,1.5589338649243332,0.16565283936384662,1.381854913413013,33.4960532762074,0.4911699243854062,0,0,0,0.0,,1.1779000000018414,1.7229999999983647,2.5747922984259684,(gap/tau_g)^2+(speed/tau_v)^2+(lateral/tau_y)^2,False
moderate,0,2.6,3132,False,Proposed,service,0,aware,none,0.2,0.55,2,0.5921010799709926,1.5419612775409912,0.16428642435870983,1.4499331915747056,33.353604452027945,0.495682718384143,0,0,0,0.0,,1.3812500000014438,1.98619999999039,2.511094592217365,(gap/tau_g)^2+(speed/tau_v)^2+(lateral/tau_y)^2,False
moderate,0,2.6,3133,False,Proposed,service,0,aware,none,0.2,0.55,2,0.5981588980684566,1.545074801878291,0.16418580933115773,1.4963494854367507,33.25694547361265,0.4919422688720311,0,0,0,0.0,,1.1532000000045173,1.7440000000021882,2.5279906698431587,(gap/tau_g)^2+(speed/tau_v)^2+(lateral/tau_y)^2,False
moderate,0,2.6,3134,False,Proposed,service,0,aware,none,0.2,0.55,2,0.6028508701674029,1.5553575705089282,0.16488845995106696,1.4170071543612897,33.3631936798049,0.49557020499619386,0,0,0,0.0,,1.1610999999973615,2.1713000000005422,2.560055070056848,(gap/tau_g)^2+(speed/tau_v)^2+(lateral/tau_y)^2,False
moderate,0,2.6,3135,False,Proposed,service,0,aware,none,0.2,0.55,2,0.5990447236518763,1.5502203754563333,0.16528861827737243,1.4093215822451084,33.41326079570122,0.4939736655762912,0,0,0,0.0,,1.109400000004257,2.0859999999913725,2.5470857666596998,(gap/tau_g)^2+(speed/tau_v)^2+(lateral/tau_y)^2,False
moderate,0,2.6,3136,False,Proposed,service,0,aware,none,0.2,0.55,2,0.6030393639628799,1.544505372943811,0.16416569741681405,1.4440735850972874,33.29609095129555,0.49973057014654343,0,0,0,0.0,,1.3514999999983957,2.7230000000031396,2.537350032387752,(gap/tau_g)^2+(speed/tau_v)^2+(lateral/tau_y)^2,False
moderate,0,2.6,3137,False,Proposed,service,0,aware,none,0.2,0.55,2,0.5987894032173371,1.550707655605976,0.16492846095450447,1.4318983861226946,33.349451776914826,0.48915216986601295,0,0,0,0.0,,1.1069000000105689,2.307599999994636,2.5443397425976,(gap/tau_g)^2+(speed/tau_v)^2+(lateral/tau_y)^2,False
moderate,0,2.6,3138,False,Proposed,service,0,aware,none,0.2,0.55,2,0.6031592751205577,1.5515041144610857,0.16494967576102026,1.401636061901623,33.25149578612581,0.4953216374050543,0,0,0,0.0,,1.1232000000021003,1.7630999999909136,2.555112836233297,(gap/tau_g)^2+(speed/tau_v)^2+(lateral/tau_y)^2,False
moderate,0,2.6,3139,False,Proposed,service,0,aware,none,0.2,0.55,2,0.6025397810264469,1.529333813901126,0.16416022971560346,1.4486578421639598,33.256160419070085,0.4990497650910961,0,0,0,0.0,,1.177949999998873,1.7975999999890746,2.5124410876358256,(gap/tau_g)^2+(speed/tau_v)^2+(lateral/tau_y)^2,False
moderate,0,2.6,3140,False,Proposed,service,0,aware,none,0.2,0.55,2,0.5994477584326122,1.5347898772964441,0.16406541328027838,1.4138641535614647,33.11337701256898,0.49091898352076657,0,0,0,0.0,,1.2974000000056662,1.85140000000672,2.513585436703109,(gap/tau_g)^2+(speed/tau_v)^2+(lateral/tau_y)^2,False
moderate,0,2.6,3141,False,Proposed,service,0,aware,none,0.2,0.55,2,0.6030740483146858,1.555276619748855,0.1650977283481428,1.404820672186408,33.32582669119015,0.49394592261635706,0,0,0,0.0,,1.319750000000397,2.1988000000021657,2.5621314526598016,(gap/tau_g)^2+(speed/tau_v)^2+(lateral/tau_y)^2,False
moderate,0,2.6,3142,False,Proposed,service,0,aware,none,0.2,0.55,2,0.5996116721342132,1.534599784025109,0.1647830589556666,1.4195169785771613,33.39300862375004,0.49616134603879314,0,0,0,0.0,,1.249749999992389,2.044400000002611,2.5195370733418816,(gap/tau_g)^2+(speed/tau_v)^2+(lateral/tau_y)^2,False
moderate,0,2.6,3143,False,Proposed,service,0,aware,none,0.2,0.55,2,0.5925464444773981,1.5335550751259703,0.16450962926778778,1.4472896262022543,33.45395081285136,0.49691199118955576,0,0,0,0.0,,0.8756000000005315,62.40849999998943,2.500676753200907,(gap/tau_g)^2+(speed/tau_v)^2+(lateral/tau_y)^2,False
moderate,0,2.6,3144,False,Proposed,service,0,aware,none,0.2,0.55,2,0.5972645882421643,1.5470160647079398,0.16492159669893114,1.4207723943847879,33.51270747409982,0.4957429872471567,0,0,0,0.0,,0.9834499999996638,1.6509999999954061,2.5352064429625685,(gap/tau_g)^2+(speed/tau_v)^2+(lateral/tau_y)^2,False
moderate,0,2.6,3145,False,Proposed,service,0,aware,none,0.2,0.55,2,0.6077421097215495,1.562254867616839,0.1650643041264034,1.4472879334768673,33.240140413123186,0.49358578370126693,0,0,0,0.0,,0.9112500000014734,1.696899999998891,2.583003301886584,(gap/tau_g)^2+(speed/tau_v)^2+(lateral/tau_y)^2,False
moderate,0,2.6,3146,False,Proposed,service,0,aware,none,0.2,0.55,2,0.5954998192288065,1.5491479687001177,0.16476853327487473,1.4002713188826763,33.27608535379455,0.4920669599677785,0,0,0,0.0,,0.9032000000033236,1.8067000000030475,2.533570432169543,(gap/tau_g)^2+(speed/tau_v)^2+(lateral/tau_y)^2,False
moderate,0,2.6,3147,False,Proposed,service,0,aware,none,0.2,0.55,2,0.5954869381648544,1.54458943446519,0.16475883171643638,1.4291867425823306,33.43952735108408,0.4977919679845857,0,0,0,0.0,,0.8468999999990956,1.5592000000026474,2.52626787458578,(gap/tau_g)^2+(speed/tau_v)^2+(lateral/tau_y)^2,False
moderate,0,2.6,3148,False,Proposed,service,0,aware,none,0.2,0.55,2,0.5988614814056232,1.5352020416720917,0.1646492550320046,1.4280984897671998,33.149261039210806,0.4965724233478914,0,0,0,0.0,,0.9174999999999045,1.815300000004072,2.5177799905992617,(gap/tau_g)^2+(speed/tau_v)^2+(lateral/tau_y)^2,False
moderate,0,2.6,3149,False,Proposed,service,0,aware,none,0.2,0.55,2,0.6043447223763722,1.5451931961182348,0.16448427816671343,1.4304379235018139,33.408457241052936,0.49538028597189476,0,0,0,0.0,,0.8770499999997128,1.7674999999996999,2.543853740189467,(gap/tau_g)^2+(speed/tau_v)^2+(lateral/tau_y)^2,False
moderate,0,2.6,3150,False,Proposed,service,0,aware,none,0.2,0.55,2,0.6003234997771525,1.5456437527272506,0.1643509421253895,1.4071800212934775,33.29706673579212,0.4998755646175266,0,0,0,0.0,,0.8334999999988213,1.8282999999996719,2.5348561286216396,(gap/tau_g)^2+(speed/tau_v)^2+(lateral/tau_y)^2,False
moderate,1,1.8,3101,True,Proposed,service,1,aware,none,0.2,0.55,2,0.6405936667217782,1.2910148483476407,0.1668551721808351,1.870733512737214,11.742035415048612,0.35588490057716016,350,238,350,74.11870608874894,0.68,0.8376999999981649,1.2675999999913756,2.275912547549774,(gap/tau_g)^2+(speed/tau_v)^2+(lateral/tau_y)^2,False
moderate,1,1.8,3102,True,Proposed,service,1,aware,none,0.2,0.55,2,0.6594059979577611,1.296962417685822,0.16721804821608913,1.8406754929530553,11.369858756725812,0.4521174592094047,350,265,350,74.0459736918552,0.7571428571428571,0.8442000000030703,1.2587000000081616,2.330273753343293,(gap/tau_g)^2+(speed/tau_v)^2+(lateral/tau_y)^2,False
moderate,1,1.8,3103,True,Proposed,service,1,aware,none,0.2,0.55,2,0.6585270362400287,1.2828950494232825,0.16719356520580764,1.9123991129377247,11.750011303927494,0.3380734855673806,350,267,350,74.04419992016634,0.7628571428571429,0.7590999999962378,1.931999999996492,2.3094934408739434,(gap/tau_g)^2+(speed/tau_v)^2+(lateral/tau_y)^2,False
moderate,1,1.8,3104,True,Proposed,service,1,aware,none,0.2,0.55,2,0.6686437425956685,1.2851176104551578,0.16727600646528465,2.0199211076292247,11.370583214786706,0.39928345132326426,350,270,350,74.03297554566694,0.7714285714285715,0.8789500000006001,1.5673999999989974,2.3369643219564824,(gap/tau_g)^2+(speed/tau_v)^2+(lateral/tau_y)^2,False
moderate,1,1.8,3105,True,Proposed,service,1,aware,none,0.2,0.55,2,0.6407926570241613,1.2914608341608638,0.16669619534841207,1.869307020991588,11.902441575567053,0.36232709529258256,350,240,350,74.13966958309766,0.6857142857142857,1.0108999999971502,1.7940999999979113,2.275627804252377,(gap/tau_g)^2+(speed/tau_v)^2+(lateral/tau_y)^2,False
moderate,1,1.8,3106,True,Proposed,service,1,aware,none,0.2,0.55,2,0.645811015576012,1.3032284123692692,0.16748769684594267,1.9176389204357145,10.604196829527432,0.3305048867264627,350,263,350,73.98841188625136,0.7514285714285714,0.8266000000034524,2.019699999991076,2.3092971167226906,(gap/tau_g)^2+(speed/tau_v)^2+(lateral/tau_y)^2,False
moderate,1,1.8,3107,True,Proposed,service,1,aware,none,0.2,0.55,2,0.6522651669200517,1.3010418435464637,0.16754507820926434,1.8162727579482132,11.872543085883663,0.4049527730352691,350,255,350,73.97740406168965,0.7285714285714285,0.9498500000049148,1.4747000000028265,2.321766605208212,(gap/tau_g)^2+(speed/tau_v)^2+(lateral/tau_y)^2,False
moderate,1,1.8,3108,True,Proposed,service,1,aware,none,0.2,0.55,2,0.6560745687666533,1.290340607803067,0.16777387869391494,1.8310996437915241,11.6783673308273,0.43561927406693857,350,251,350,73.94886526337598,0.7171428571428572,0.732949999992627,1.62539999999467,2.3183965969918936,(gap/tau_g)^2+(speed/tau_v)^2+(lateral/tau_y)^2,False
moderate,1,1.8,3109,True,Proposed,service,1,aware,none,0.2,0.55,2,0.6549334262557496,1.2999856236929372,0.16764970438944218,1.7880435691172476,11.866177060268932,0.4273114381549158,350,219,350,73.95949336075745,0.6257142857142857,0.7540999999946507,1.3896999999900572,2.327442488136964,(gap/tau_g)^2+(speed/tau_v)^2+(lateral/tau_y)^2,False
moderate,1,1.8,3110,True,Proposed,service,1,aware,none,0.2,0.55,2,0.6362862252728856,1.2993492803641369,0.16610327282138973,1.8929936108851004,11.592077414217648,0.4174102493946601,350,240,350,74.25585873932224,0.6857142857142857,0.9534500000043522,2.0269000000041615,2.270890741925144,(gap/tau_g)^2+(speed/tau_v)^2+(lateral/tau_y)^2,False
moderate,1,1.8,3111,True,Proposed,service,1,aware,none,0.2,0.55,2,0.6475180245838497,1.2904248051274416,0.16728553047905736,1.8215764003626629,11.341659565094027,0.42499440765934904,350,252,350,74.03367346878127,0.72,0.8399499999924842,1.2940000000014606,2.2945870458866047,(gap/tau_g)^2+(speed/tau_v)^2+(lateral/tau_y)^2,False
moderate,1,1.8,3112,True,Proposed,service,1,aware,none,0.2,0.55,2,0.6484671525619927,1.2943618242176194,0.16668542516684123,1.8009307231613254,11.28033429155969,0.4548729921771292,350,247,350,74.14663827322204,0.7057142857142857,0.7656000000011431,1.617300000006594,2.296955385623769,(gap/tau_g)^2+(speed/tau_v)^2+(lateral/tau_y)^2,False
moderate,1,1.8,3113,True,Proposed,service,1,aware,none,0.2,0.55,2,0.6516512179962369,1.2958833397315412,0.16678019357334248,1.93008964977527,11.492379839229272,0.41983308137123043,350,242,350,74.12434511777627,0.6914285714285714,0.7726500000018177,1.4303999999896178,2.3071155991925467,(gap/tau_g)^2+(speed/tau_v)^2+(lateral/tau_y)^2,False
moderate,1,1.8,3114,True,Proposed,service,1,aware,none,0.2,0.55,2,0.6588049305504244,1.2868703314422376,0.16654919709992083,1.9172085522214686,11.844520542032619,0.4163465417794392,350,273,350,74.17644359000606,0.78,0.9575500000025272,1.5331999999972368,2.3099799295803694,(gap/tau_g)^2+(speed/tau_v)^2+(lateral/tau_y)^2,False
moderate,1,1.8,3115,True,Proposed,service,1,aware,none,0.2,0.55,2,0.6419713787373781,1.3044823081754087,0.1669016111669788,1.9209978550949818,11.421481046272113,0.39649942640159896,350,232,350,74.10636714050806,0.6628571428571428,0.9117000000031794,1.6530999999986307,2.29727543142926,(gap/tau_g)^2+(speed/tau_v)^2+(lateral/tau_y)^2,False
moderate,1,1.8,3116,True,Proposed,service,1,aware,none,0.2,0.55,2,0.6504118383132135,1.2968444723121089,0.1675608739639293,1.8619841173262417,11.38345319070632,0.4093564704631415,350,249,350,73.98489894075574,0.7114285714285714,0.8877499999968563,1.275500000005536,2.3120434529985268,(gap/tau_g)^2+(speed/tau_v)^2+(lateral/tau_y)^2,False
moderate,1,1.8,3117,True,Proposed,service,1,aware,none,0.2,0.55,2,0.6518307083072369,1.2861306389697764,0.16682888120999148,1.893188556578727,11.83858248384012,0.1400361638858436,350,249,350,74.11399608051788,0.7114285714285714,0.8157500000010032,1.465999999993528,2.2950898381919544,(gap/tau_g)^2+(speed/tau_v)^2+(lateral/tau_y)^2,False
moderate,1,1.8,3118,True,Proposed,service,1,aware,none,0.2,0.55,2,0.6359932470194969,1.3055130828619437,0.16705741647589586,1.8416591784318443,11.782004604743577,0.394221292914012,350,266,350,74.07213894898213,0.76,0.8850999999978626,1.511300000004212,2.2863669176596,(gap/tau_g)^2+(speed/tau_v)^2+(lateral/tau_y)^2,False
moderate,1,1.8,3119,True,Proposed,service,1,aware,none,0.2,0.55,2,0.6324452726971712,1.2987011721918256,0.16727925553934342,1.7611942934262776,11.575426112119885,0.4283423522569947,350,253,350,74.03252539607628,0.7228571428571429,1.0035500000000752,1.988699999998289,2.271169597959623,(gap/tau_g)^2+(speed/tau_v)^2+(lateral/tau_y)^2,False
moderate,1,1.8,3120,True,Proposed,service,1,aware,none,0.2,0.55,2,0.646152513965514,1.281488325578152,0.166437142239863,1.9196200783823107,11.270538334417495,0.36372601510400715,350,263,350,74.18758157008475,0.7514285714285714,0.9239000000036413,2.0896000000050208,2.2726419509758884,(gap/tau_g)^2+(speed/tau_v)^2+(lateral/tau_y)^2,False
moderate,1,1.8,3121,True,Proposed,service,1,aware,none,0.2,0.55,2,0.6513728074901972,1.3032295942346621,0.1679252068842576,1.8079796945834632,11.39218450373162,0.4326578796424321,350,243,350,73.91310075566876,0.6942857142857143,0.8201999999997156,1.3981000000029553,2.325793424981331,(gap/tau_g)^2+(speed/tau_v)^2+(lateral/tau_y)^2,False
moderate,1,1.8,3122,True,Proposed,service,1,aware,none,0.2,0.55,2,0.6527880762433796,1.2879406660519839,0.16724996318933752,1.7825719327597016,11.556579648758678,0.44532890728391394,350,251,350,74.04963406750245,0.7171428571428572,0.9772000000012326,1.8025999999906617,2.303204259125526,(gap/tau_g)^2+(speed/tau_v)^2+(lateral/tau_y)^2,False
moderate,1,1.8,3123,True,Proposed,service,1,aware,none,0.2,0.55,2,0.6420488817585539,1.2993491523279466,0.1678326639646174,1.829316505718503,11.561294014536315,0.4620110835455383,350,248,350,73.93501876985391,0.7085714285714285,0.9587499999952342,2.1197000000086064,2.298424407067352,(gap/tau_g)^2+(speed/tau_v)^2+(lateral/tau_y)^2,False
moderate,1,1.8,3124,True,Proposed,service,1,aware,none,0.2,0.55,2,0.6530918526368671,1.288119439078218,0.16718846323154596,1.82327262565052,11.638355811670309,0.43117818622368753,350,266,350,74.04536328159043,0.76,1.0088499999980627,1.9285000000053287,2.3036302611502926,(gap/tau_g)^2+(speed/tau_v)^2+(lateral/tau_y)^2,False
moderate,1,1.8,3125,True,Proposed,service,1,aware,none,0.2,0.55,2,0.6270941165888011,1.299829214410219,0.16690038617888975,1.8228410671573343,11.39493185089156,0.41284397055682187,350,239,350,74.1036278227707,0.6828571428571428,1.2089000000017336,2.3637999999976955,2.25751766619033,(gap/tau_g)^2+(speed/tau_v)^2+(lateral/tau_y)^2,False
moderate,1,1.8,3126,True,Proposed,service,1,aware,none,0.2,0.55,2,0.6517230578008071,1.2929997055738722,0.166491719504194,1.901854785423028,11.830218751562263,0.43376338002104964,350,232,350,74.17219999305173,0.6628571428571428,1.0741000000038525,1.54910000000541,2.3010696790320604,(gap/tau_g)^2+(speed/tau_v)^2+(lateral/tau_y)^2,False
moderate,1,1.8,3127,True,Proposed,service,1,aware,none,0.2,0.55,2,0.6576762012825453,1.293483262547495,0.1667860327876536,1.8636804932629494,11.577871187494388,0.4406035154571806,350,266,350,74.12590223175704,0.76,1.2445500000026755,1.986999999999739,2.3180178509233436,(gap/tau_g)^2+(speed/tau_v)^2+(lateral/tau_y)^2,False
moderate,1,1.8,3128,True,Proposed,service,1,aware,none,0.2,0.55,2,0.6592220689619549,1.2938942732930507,0.1664522336990331,1.8908825421835422,11.750246201825334,0.4042399153641908,350,230,350,74.1885550657863,0.6571428571428571,1.257199999997738,1.835100000008083,2.3193986685475343,(gap/tau_g)^2+(speed/tau_v)^2+(lateral/tau_y)^2,False
moderate,1,1.8,3129,True,Proposed,service,1,aware,none,0.2,0.55,2,0.6414610420205934,1.288589678849093,0.16730767994578422,1.8636809082833514,11.847238935261608,0.4076811190099837,350,251,350,74.02430188236903,0.7171428571428572,1.1573500000068293,3.471200000007002,2.2784779331040763,(gap/tau_g)^2+(speed/tau_v)^2+(lateral/tau_y)^2,False
moderate,1,1.8,3130,True,Proposed,service,1,aware,none,0.2,0.55,2,0.6443971851194745,1.2905214272529795,0.16747918588432287,1.8296431513847389,11.75439191064774,0.4430581890185058,350,255,350,73.99060975394796,0.7285714285714285,1.1457000000021367,1.828600000010283,2.289167252661036,(gap/tau_g)^2+(speed/tau_v)^2+(lateral/tau_y)^2,False
moderate,1,1.8,3131,True,Proposed,service,1,aware,none,0.2,0.55,2,0.6470971449177945,1.3030904704525,0.16813199952308547,1.72169670589024,11.513709860857276,0.42720610321135877,350,211,350,73.87616734824685,0.6028571428571429,1.208699999992291,1.8254000000013093,2.317475877215857,(gap/tau_g)^2+(speed/tau_v)^2+(lateral/tau_y)^2,False
moderate,1,1.8,3132,True,Proposed,service,1,aware,none,0.2,0.55,2,0.6398357294145746,1.2966109265388654,0.1665323087693767,1.8790508674070459,11.10917433470398,0.44776518839714563,350,241,350,74.1690641715537,0.6885714285714286,1.2554500000021562,1.9223999999979924,2.278884313886535,(gap/tau_g)^2+(speed/tau_v)^2+(lateral/tau_y)^2,False
moderate,1,1.8,3133,True,Proposed,service,1,aware,none,0.2,0.55,2,0.658810429068515,1.2934424202958605,0.1664795365920236,1.9835326087234608,11.592281730113157,0.3116569913171552,350,227,350,74.18038118845487,0.6485714285714286,1.1729000000002543,2.5413000000042985,2.3180648993004223,(gap/tau_g)^2+(speed/tau_v)^2+(lateral/tau_y)^2,False
moderate,1,1.8,3134,True,Proposed,service,1,aware,none,0.2,0.55,2,0.6542582201345325,1.29833450118162,0.16728470616435476,1.7865721841091768,11.857313548611216,0.4309843380506876,350,250,350,74.02826651215716,0.7142857142857143,1.1471000000042864,2.1862000000112403,2.3206258673766165,(gap/tau_g)^2+(speed/tau_v)^2+(lateral/tau_y)^2,False
moderate,1,1.8,3135,True,Proposed,service,1,aware,none,0.2,0.55,2,0.6453014249059646,1.294729130211452,0.16772779882351163,1.7332998698002968,11.675494174476945,0.4285523217906261,350,250,350,73.9565263410364,0.7142857142857143,1.1938000000029092,1.7255000000062637,2.29887389411854,(gap/tau_g)^2+(speed/tau_v)^2+(lateral/tau_y)^2,False
moderate,1,1.8,3136,True,Proposed,service,1,aware,none,0.2,0.55,2,0.649494792577484,1.2985160313909967,0.16642403175779652,1.8134733823767208,11.256407118177151,0.4271434805937222,350,251,350,74.19127385716922,0.7171428571428572,1.288950000002842,1.860500000006482,2.302645424761009,(gap/tau_g)^2+(speed/tau_v)^2+(lateral/tau_y)^2,False
moderate,1,1.8,3137,True,Proposed,service,1,aware,none,0.2,0.55,2,0.6480314534444666,1.2971856738749277,0.16730387873277017,1.8676523252644772,11.67468570752407,0.4117164501267586,350,253,350,74.02772724021355,0.7228571428571429,1.2553999999980192,1.8500000000045702,2.304848815708511,(gap/tau_g)^2+(speed/tau_v)^2+(lateral/tau_y)^2,False
moderate,1,1.8,3138,True,Proposed,service,1,aware,none,0.2,0.55,2,0.6684680928522198,1.2879366061316082,0.16737295268792662,1.7365063646608396,11.504018551047118,0.4695693971334922,350,244,350,74.01505773993561,0.6971428571428572,1.0618999999962853,1.5768000000093707,2.341058589857643,(gap/tau_g)^2+(speed/tau_v)^2+(lateral/tau_y)^2,False
moderate,1,1.8,3139,True,Proposed,service,1,aware,none,0.2,0.55,2,0.6587349024337108,1.276026056188512,0.16647354488116783,1.8251443055590475,11.653354001771426,0.432303808637449,350,253,350,74.18192625680354,0.7228571428571429,0.8128499999955352,45.67989999999611,2.2950060790106335,(gap/tau_g)^2+(speed/tau_v)^2+(lateral/tau_y)^2,False
moderate,1,1.8,3140,True,Proposed,service,1,aware,none,0.2,0.55,2,0.6461609705731003,1.2906599221131585,0.16624583323419279,1.825415113077545,11.56670050614759,0.40718399782587555,350,259,350,74.21858723320284,0.74,0.9919999999965512,1.5118000000029497,2.283106322813146,(gap/tau_g)^2+(speed/tau_v)^2+(lateral/tau_y)^2,False
moderate,1,1.8,3141,True,Proposed,service,1,aware,none,0.2,0.55,2,0.6543948297748803,1.2983707152064907,0.167462844063085,1.7599403252584622,11.618656848719759,0.40607746626113495,350,237,350,73.99510579650868,0.6771428571428572,0.9206000000006043,1.4693999999906282,2.322482447694143,(gap/tau_g)^2+(speed/tau_v)^2+(lateral/tau_y)^2,False
moderate,1,1.8,3142,True,Proposed,service,1,aware,none,0.2,0.55,2,0.6521742962141911,1.2821604277999663,0.16713444782023773,1.9599444152133707,10.993264075729236,0.3071578311830262,350,251,350,74.05953802599792,0.7171428571428572,0.8252000000013027,1.7292999999938274,2.2932351789602765,(gap/tau_g)^2+(speed/tau_v)^2+(lateral/tau_y)^2,False
moderate,1,1.8,3143,True,Proposed,service,1,aware,none,0.2,0.55,2,0.6327358991989966,1.2868299897185087,0.1668323060837901,1.7994334961670027,12.137157598995422,0.4136536559238486,350,233,350,74.11511135842235,0.6657142857142857,0.8131999999960726,1.7464000000018132,2.2524301505921747,(gap/tau_g)^2+(speed/tau_v)^2+(lateral/tau_y)^2,False
moderate,1,1.8,3144,True,Proposed,service,1,aware,none,0.2,0.55,2,0.6509276497362683,1.2905611969920536,0.16730633804169726,1.8688442797240195,11.174650943895337,0.4257040564288367,350,256,350,74.02681788992005,0.7314285714285714,0.9246000000047161,2.363600000009569,2.3028113027043324,(gap/tau_g)^2+(speed/tau_v)^2+(lateral/tau_y)^2,False
moderate,1,1.8,3145,True,Proposed,service,1,aware,none,0.2,0.55,2,0.6698086000972316,1.306226086637409,0.1675243438256534,1.9566424515195964,11.628956931522858,0.3605856844210058,350,236,350,73.99023738045786,0.6742857142857143,0.931500000000085,1.7021000000028152,2.3697224669333097,(gap/tau_g)^2+(speed/tau_v)^2+(lateral/tau_y)^2,False
moderate,1,1.8,3146,True,Proposed,service,1,aware,none,0.2,0.55,2,0.640708140982705,1.3036646565713665,0.16707209897990263,1.8237752817974688,11.451589544543879,0.46529450468084466,350,223,350,74.06317392395174,0.6371428571428571,0.9417999999996596,2.2998999999970238,2.2947302688309774,(gap/tau_g)^2+(speed/tau_v)^2+(lateral/tau_y)^2,False
moderate,1,1.8,3147,True,Proposed,service,1,aware,none,0.2,0.55,2,0.6601338234326755,1.2905093261962493,0.16707157252497998,1.964323957039785,11.416669355819295,0.4175420998866457,350,256,350,74.06781417448585,0.7314285714285714,0.8026500000042347,1.6933999999935168,2.3222380136590455,(gap/tau_g)^2+(speed/tau_v)^2+(lateral/tau_y)^2,False
moderate,1,1.8,3148,True,Proposed,service,1,aware,none,0.2,0.55,2,0.6432309835041607,1.2885205178032562,0.1670371036278628,1.847456347994259,11.742129324598451,0.4219957013703107,350,237,350,74.07708742364063,0.6771428571428572,0.8291500000012775,1.3215999999971473,2.280167715971634,(gap/tau_g)^2+(speed/tau_v)^2+(lateral/tau_y)^2,False
moderate,1,1.8,3149,True,Proposed,service,1,aware,none,0.2,0.55,2,0.6572706521862945,1.295414020671753,0.16683835908654024,1.8748412912129264,11.025192222638353,0.41536877722526433,350,238,350,74.11022179249214,0.68,0.7511499999992566,1.5245999999962123,2.320056511501761,(gap/tau_g)^2+(speed/tau_v)^2+(lateral/tau_y)^2,False
moderate,1,1.8,3150,True,Proposed,service,1,aware,none,0.2,0.55,2,0.650588150271672,1.2940296566998357,0.16664614050891707,1.8205460501485853,11.61389720608782,0.39953163969986083,350,277,350,74.14831992255398,0.7914285714285715,0.7399500000104808,2.1097999999994954,2.3010876514020735,(gap/tau_g)^2+(speed/tau_v)^2+(lateral/tau_y)^2,False
moderate,1,2.0,3101,True,Proposed,service,1,aware,none,0.2,0.55,2,0.6582065696150924,1.3507860564348595,0.16621958191205305,1.7183242399427239,16.945093911298294,0.3963288008512038,350,238,350,74.24214606907343,0.68,0.9437500000046839,1.8822999999912327,2.39185095687014,(gap/tau_g)^2+(speed/tau_v)^2+(lateral/tau_y)^2,False
moderate,1,2.0,3102,True,Proposed,service,1,aware,none,0.2,0.55,2,0.6752099845348836,1.3614005004841156,0.16661325870832588,1.8043896541251667,16.921879145840663,0.47548942697980745,350,256,350,74.16773137185118,0.7314285714285714,0.961100000004933,1.396200000002068,2.4501215125024647,(gap/tau_g)^2+(speed/tau_v)^2+(lateral/tau_y)^2,False
moderate,1,2.0,3103,True,Proposed,service,1,aware,none,0.2,0.55,2,0.670025364433171,1.3494619083399635,0.16653517352219543,1.8360882499319988,17.11008509314145,0.41063309887514154,350,263,350,74.17170945035028,0.7514285714285714,0.8156499999998346,1.8467000000015332,2.420559807592221,(gap/tau_g)^2+(speed/tau_v)^2+(lateral/tau_y)^2,False
moderate,1,2.0,3104,True,Proposed,service,1,aware,none,0.2,0.55,2,0.6644935778079967,1.3602400611564218,0.16661171203436898,1.744811059696332,16.995527534330456,0.36633253628585594,350,252,350,74.15885540769332,0.72,0.7542499999999563,2.0820000000014716,2.4229740361350536,(gap/tau_g)^2+(speed/tau_v)^2+(lateral/tau_y)^2,False
moderate,1,2.0,3105,True,Proposed,service,1,aware,none,0.2,0.55,2,0.6512546136317908,1.352456428332198,0.16614611567710644,1.8529617286276514,17.053339379299786,0.4523069364707871,350,235,350,74.25538608493598,0.6714285714285714,0.7556999999991376,1.572100000004184,2.3773606275241073,(gap/tau_g)^2+(speed/tau_v)^2+(lateral/tau_y)^2,False
moderate,1,2.0,3106,True,Proposed,service,1,aware,none,0.2,0.55,2,0.6527964129894963,1.3703630018767892,0.1668710490973171,1.8317222136409774,17.09923658741289,0.4058789721939189,350,254,350,74.11237740126387,0.7257142857142858,0.8156999999897607,2.653399999999806,2.411846079856793,(gap/tau_g)^2+(speed/tau_v)^2+(lateral/tau_y)^2,False
moderate,1,2.0,3107,True,Proposed,service,1,aware,none,0.2,0.55,2,0.6868774273252036,1.3568406662138057,0.16692511618917624,1.7870635597034465,17.074675837096457,0.44843541012905075,350,260,350,74.10192283421237,0.7428571428571429,0.8869999999987499,1.51209999999935,2.4746506632445397,(gap/tau_g)^2+(speed/tau_v)^2+(lateral/tau_y)^2,False
moderate,1,2.0,3108,True,Proposed,service,1,aware,none,0.2,0.55,2,0.6739978305884539,1.3581983019783652,0.16716055826754495,1.7557722194802443,17.220724852123496,0.41973406846687966,350,243,350,74.06850166385178,0.6942857142857143,0.765850000000512,1.6810999999989917,2.447337694867235,(gap/tau_g)^2+(speed/tau_v)^2+(lateral/tau_y)^2,False
moderate,1,2.0,3109,True,Proposed,service,1,aware,none,0.2,0.55,2,0.6857962604513281,1.3593724279807238,0.16697206978950582,1.9626978259136485,17.112611634850715,0.35809632411382675,350,237,350,74.0913734806569,0.6771428571428572,0.7768500000011613,1.694399999990992,2.475912797812439,(gap/tau_g)^2+(speed/tau_v)^2+(lateral/tau_y)^2,False
moderate,1,2.0,3110,True,Proposed,service,1,aware,none,0.2,0.55,2,0.653782655528278,1.3613469909838958,0.1654476257662069,1.8049961666731824,17.209013746058602,0.4494748228336226,350,235,350,74.37974695537336,0.6714285714285714,0.945399999999097,1.4080000000120663,2.389745296131273,(gap/tau_g)^2+(speed/tau_v)^2+(lateral/tau_y)^2,False
moderate,1,2.0,3111,True,Proposed,service,1,aware,none,0.2,0.55,2,0.6606406638745866,1.3538660229154076,0.16668421223817492,1.7617466770587953,17.27357719971807,0.41426572284513186,350,256,350,74.15711095814599,0.7314285714285714,0.8370500000083325,1.648399999993444,2.405675027650504,(gap/tau_g)^2+(speed/tau_v)^2+(lateral/tau_y)^2,False
moderate,1,2.0,3112,True,Proposed,service,1,aware,none,0.2,0.55,2,0.6654123873112822,1.359136278470787,0.16605573394842826,1.732560305407887,16.968562038268473,0.4534465041903115,350,255,350,74.26887184796335,0.7285714285714285,0.8829000000005749,1.6373999999927946,2.418991032477108,(gap/tau_g)^2+(speed/tau_v)^2+(lateral/tau_y)^2,False
moderate,1,2.0,3113,True,Proposed,service,1,aware,none,0.2,0.55,2,0.6552491270151141,1.370779638398855,0.1661700059746064,1.8715786745731324,16.944528061146833,0.41175569105755105,350,244,350,74.24534071803343,0.6971428571428572,1.0393999999962489,1.8638999999893713,2.4122954363214055,(gap/tau_g)^2+(speed/tau_v)^2+(lateral/tau_y)^2,False
moderate,1,2.0,3114,True,Proposed,service,1,aware,none,0.2,0.55,2,0.6696493413383718,1.350981149551977,0.16588774028902664,1.8883716734470837,17.260162248027605,0.46445285071651754,350,279,350,74.3038040519998,0.7971428571428572,0.8723999999986631,1.6045999999931837,2.4163768891337405,(gap/tau_g)^2+(speed/tau_v)^2+(lateral/tau_y)^2,False
moderate,1,2.0,3115,True,Proposed,service,1,aware,none,0.2,0.55,2,0.6711918430044631,1.3575303199431852,0.16626112927485862,1.7486958902087895,17.009808792789634,0.44364163561077874,350,240,350,74.22775942835474,0.6857142857142857,0.9769999999988954,1.8656999999961954,2.4322045525302123,(gap/tau_g)^2+(speed/tau_v)^2+(lateral/tau_y)^2,False
moderate,1,2.0,3116,True,Proposed,service,1,aware,none,0.2,0.55,2,0.6725921940349864,1.3573998792893442,0.16694074127629685,1.7795677546140958,17.399639525484105,0.4313088958195459,350,253,350,74.10445389315632,0.7228571428571429,0.8320000000026084,1.3162000000050966,2.441030437755654,(gap/tau_g)^2+(speed/tau_v)^2+(lateral/tau_y)^2,False
moderate,1,2.0,3117,True,Proposed,service,1,aware,none,0.2,0.55,2,0.6551543376955801,1.3522597772263094,0.16625541083127618,1.7736666073107854,17.168532907676806,0.4569610459729405,350,232,350,74.23482864386347,0.6628571428571428,0.8000999999993041,1.522000000008461,2.38705463217344,(gap/tau_g)^2+(speed/tau_v)^2+(lateral/tau_y)^2,False
moderate,1,2.0,3118,True,Proposed,service,1,aware,none,0.2,0.55,2,0.6627455487974067,1.3626206088129311,0.16644698245722922,1.7904737685415733,16.88639832853012,0.40259725196556817,350,265,350,74.1919273528161,0.7571428571428571,0.8752499999999941,1.710099999996828,2.4207849745403918,(gap/tau_g)^2+(speed/tau_v)^2+(lateral/tau_y)^2,False
moderate,1,2.0,3119,True,Proposed,service,1,aware,none,0.2,0.55,2,0.6736414983103569,1.350541029153156,0.1666320685458904,1.7703557522635622,16.9392032459822,0.41649274559224914,350,255,350,74.15591695917493,0.7285714285714285,0.8801499999933071,1.8984999999958063,2.431491416959166,(gap/tau_g)^2+(speed/tau_v)^2+(lateral/tau_y)^2,False
moderate,1,2.0,3120,True,Proposed,service,1,aware,none,0.2,0.55,2,0.66602194866796,1.3412344637045293,0.16577868921251662,1.8253967981013914,17.36850174659945,0.3586544973400585,350,260,350,74.31691298796727,0.7428571428571429,0.9978499999974133,1.8865999999917449,2.3934714868750024,(gap/tau_g)^2+(speed/tau_v)^2+(lateral/tau_y)^2,False
moderate,1,2.0,3121,True,Proposed,service,1,aware,none,0.2,0.55,2,0.6840279211305919,1.3597192196202739,0.1672473485691102,1.7649571690880144,17.092277420352346,0.44582443007539607,350,249,350,74.04616613920837,0.7114285714285714,1.0730500000022403,1.8977000000006683,2.474387650866986,(gap/tau_g)^2+(speed/tau_v)^2+(lateral/tau_y)^2,False
moderate,1,2.0,3122,True,Proposed,service,1,aware,none,0.2,0.55,2,0.6657659057315749,1.3573245419276299,0.1666014414844167,1.6777745734951446,16.90669272212925,0.4625452745895836,350,240,350,74.17502792595657,0.6857142857142857,1.063299999998435,1.6728000000085785,2.421855010689021,(gap/tau_g)^2+(speed/tau_v)^2+(lateral/tau_y)^2,False
moderate,1,2.0,3123,True,Proposed,service,1,aware,none,0.2,0.55,2,0.6626321865560514,1.3720754566780673,0.1672176492106369,1.848430003920811,17.247212980049767,0.41687839678750005,350,237,350,74.04937192221759,0.6771428571428572,1.2077000000019211,2.0803000000029215,2.4401383790604116,(gap/tau_g)^2+(speed/tau_v)^2+(lateral/tau_y)^2,False
moderate,1,2.0,3124,True,Proposed,service,1,aware,none,0.2,0.55,2,0.6786535595884949,1.346233168825499,0.166593850660206,1.8813178089126845,16.944659707206583,0.37317761350349177,350,252,350,74.16577059922746,0.72,1.1495999999979745,1.8395000000026585,2.43729522656159,(gap/tau_g)^2+(speed/tau_v)^2+(lateral/tau_y)^2,False
moderate,1,2.0,3125,True,Proposed,service,1,aware,none,0.2,0.55,2,0.6374739628624365,1.3663524458116239,0.16625854634685644,1.761634088022793,16.657986147445833,0.4607993593149846,350,231,350,74.23151294651784,0.66,1.150099999996712,2.0319999999998117,2.3659982865559166,(gap/tau_g)^2+(speed/tau_v)^2+(lateral/tau_y)^2,False
moderate,1,2.0,3126,True,Proposed,service,1,aware,none,0.2,0.55,2,0.6741895878695914,1.350602818061097,0.1659042804901048,1.6925956496170071,17.29430681199384,0.46580452122735627,350,244,350,74.28965197298697,0.6971428571428572,1.1591499999923371,2.2067999999961785,2.426839472411301,(gap/tau_g)^2+(speed/tau_v)^2+(lateral/tau_y)^2,False
moderate,1,2.0,3127,True,Proposed,service,1,aware,none,0.2,0.55,2,0.6675535472130248,1.3632843060876956,0.16613107355245654,1.70986201016924,16.83690483723265,0.46157307537770387,350,254,350,74.25395976122388,0.7257142857142858,1.1141499999993698,1.9783000000046513,2.4304522157941837,(gap/tau_g)^2+(speed/tau_v)^2+(lateral/tau_y)^2,False
moderate,1,2.0,3128,True,Proposed,service,1,aware,none,0.2,0.55,2,0.6588014783256294,1.3624272493644538,0.16579888926109962,1.7196758948055542,16.958633782988315,0.4499717008629762,350,243,350,74.32253217926264,0.6942857142857143,1.2615500000023872,1.9357999999982667,2.4058667178038884,(gap/tau_g)^2+(speed/tau_v)^2+(lateral/tau_y)^2,False
moderate,1,2.0,3129,True,Proposed,service,1,aware,none,0.2,0.55,2,0.6537193396021121,1.3596318480601381,0.16667201050632394,1.7967679359554587,17.383538603234484,0.4608114062912838,350,245,350,74.14792793146104,0.7,1.1404999999982124,1.9781999999963773,2.3973831220187947,(gap/tau_g)^2+(speed/tau_v)^2+(lateral/tau_y)^2,False
moderate,1,2.0,3130,True,Proposed,service,1,aware,none,0.2,0.55,2,0.6757693022015879,1.3525681482802747,0.16690816129986624,1.8618210660650334,16.853378216641005,0.4275224714953758,350,250,350,74.10424857546283,0.7142857142857143,1.1305499999991753,1.8990000000087548,2.441693794183468,(gap/tau_g)^2+(speed/tau_v)^2+(lateral/tau_y)^2,False
moderate,1,2.0,3131,True,Proposed,service,1,aware,none,0.2,0.55,2,0.6666693371833754,1.3699412673218505,0.16750412645269286,1.6574785318268148,17.14478026014848,0.4698034858912,350,208,350,73.99830643640068,0.5942857142857143,1.1712000000017042,1.877000000007456,2.4490905330729635,(gap/tau_g)^2+(speed/tau_v)^2+(lateral/tau_y)^2,False
moderate,1,2.0,3132,True,Proposed,service,1,aware,none,0.2,0.55,2,0.6554371826141461,1.3614296224123954,0.16596098073502788,1.7976101460009486,17.20966305232566,0.45822924668222875,350,253,350,74.28142251491151,0.7228571428571429,1.3067000000006601,1.746999999994614,2.3979642567411426,(gap/tau_g)^2+(speed/tau_v)^2+(lateral/tau_y)^2,False
moderate,1,2.0,3133,True,Proposed,service,1,aware,none,0.2,0.55,2,0.6789426889749981,1.3518378559345106,0.165885427261383,1.890648611167889,17.228443534245606,0.3296454576891351,350,233,350,74.30005106568305,0.6657142857142857,1.2681500000013557,2.5851000000045588,2.439819865592953,(gap/tau_g)^2+(speed/tau_v)^2+(lateral/tau_y)^2,False
moderate,1,2.0,3134,True,Proposed,service,1,aware,none,0.2,0.55,2,0.6705759521517769,1.3639180428265916,0.16661651335720531,1.7301334398663084,17.28985011639672,0.4491695511294238,350,249,350,74.15847731666837,0.7114285714285714,1.1208999999965386,1.8291000000090207,2.4425622287517825,(gap/tau_g)^2+(speed/tau_v)^2+(lateral/tau_y)^2,False
moderate,1,2.0,3135,True,Proposed,service,1,aware,none,0.2,0.55,2,0.6571881670258592,1.3637235997849313,0.1670771774217119,1.6703611954819992,16.960514128328214,0.4597461275995953,350,251,350,74.0819706068742,0.7171428571428572,0.8969500000048924,1.4867999999950143,2.4145331895645534,(gap/tau_g)^2+(speed/tau_v)^2+(lateral/tau_y)^2,False
moderate,1,2.0,3136,True,Proposed,service,1,aware,none,0.2,0.55,2,0.6714763637848277,1.3584369946258317,0.16581313675594606,1.826307122263509,16.39579522732575,0.4049306576931184,350,241,350,74.31048901961941,0.6885714285714286,0.9020999999904689,2.193099999999504,2.4304209011418365,(gap/tau_g)^2+(speed/tau_v)^2+(lateral/tau_y)^2,False
moderate,1,2.0,3137,True,Proposed,service,1,aware,none,0.2,0.55,2,0.674616650774077,1.3580006368095678,0.16668039646690097,1.7421613521890895,17.19945520366614,0.436038059393715,350,245,350,74.14869187323836,0.7,0.8742000000054873,1.485000000002401,2.444539969709419,(gap/tau_g)^2+(speed/tau_v)^2+(lateral/tau_y)^2,False
moderate,1,2.0,3138,True,Proposed,service,1,aware,none,0.2,0.55,2,0.6708119462652572,1.3662244363083587,0.16675070950062568,1.766062829289194,17.26367221734784,0.4158900667703257,350,240,350,74.13955924205325,0.6857142857142857,0.8528499999940209,1.5106999999972004,2.4474560606454387,(gap/tau_g)^2+(speed/tau_v)^2+(lateral/tau_y)^2,False
moderate,1,2.0,3139,True,Proposed,service,1,aware,none,0.2,0.55,2,0.6702322258729901,1.343357917633345,0.16581055570555125,1.748898325654863,17.155509707312703,0.4460485346028875,350,241,350,74.30834368563754,0.6885714285714286,0.9545500000029961,1.5714999999971724,2.4066459037766474,(gap/tau_g)^2+(speed/tau_v)^2+(lateral/tau_y)^2,False
moderate,1,2.0,3140,True,Proposed,service,1,aware,none,0.2,0.55,2,0.6761549660582691,1.347405379016916,0.16568181478951632,1.79273788908098,17.235213075793027,0.42629944229497296,350,249,350,74.33264864690521,0.7114285714285714,0.9020500000005427,2.5092000000057624,2.4253120345153336,(gap/tau_g)^2+(speed/tau_v)^2+(lateral/tau_y)^2,False
moderate,1,2.0,3141,True,Proposed,service,1,aware,none,0.2,0.55,2,0.6653948574592456,1.3719680915687806,0.1668768183330212,1.7214281738057302,17.099632864037936,0.44256855767599657,350,243,350,74.11072032581399,0.6942857142857143,0.9574499999871477,1.3012000000003354,2.4436638146208223,(gap/tau_g)^2+(speed/tau_v)^2+(lateral/tau_y)^2,False
moderate,1,2.0,3142,True,Proposed,service,1,aware,none,0.2,0.55,2,0.6689433604971723,1.3489390957659662,0.1664828404051478,1.8089285968936084,16.867212059622624,0.41173740364447253,350,255,350,74.18587402800232,0.7285714285714285,0.8381499999998709,2.4019000000095048,2.416828746249059,(gap/tau_g)^2+(speed/tau_v)^2+(lateral/tau_y)^2,False
moderate,1,2.0,3143,True,Proposed,service,1,aware,none,0.2,0.55,2,0.6524102690925283,1.3484502749288378,0.16623914887890529,1.7784268819589435,17.292469984782137,0.4381924422183291,350,232,350,74.23427142396068,0.6628571428571428,0.8545499999996764,1.2500999999929263,2.375291542861143,(gap/tau_g)^2+(speed/tau_v)^2+(lateral/tau_y)^2,False
moderate,1,2.0,3144,True,Proposed,service,1,aware,none,0.2,0.55,2,0.660033830910721,1.3606438139100259,0.16670264041375948,1.914789643262803,16.763771962027832,0.3968737627752086,350,239,350,74.15051263878482,0.6828571428571428,0.7705000000015616,1.5065000000049622,2.4137907868320814,(gap/tau_g)^2+(speed/tau_v)^2+(lateral/tau_y)^2,False
moderate,1,2.0,3145,True,Proposed,service,1,aware,none,0.2,0.55,2,0.6938669539631893,1.365077768261035,0.16684650894237982,1.8219024725918909,16.64871470133088,0.42016065499432365,350,239,350,74.11885405468175,0.6828571428571428,0.9474499999981845,1.8665999999996075,2.5025907725794116,(gap/tau_g)^2+(speed/tau_v)^2+(lateral/tau_y)^2,False
moderate,1,2.0,3146,True,Proposed,service,1,aware,none,0.2,0.55,2,0.6609550538154066,1.3668275287170186,0.1664196944164977,1.882512087204861,17.06750850684397,0.3700454819560707,350,242,350,74.19192584129185,0.6914285714285714,0.9939999999986071,1.8369000000006963,2.422202872194114,(gap/tau_g)^2+(speed/tau_v)^2+(lateral/tau_y)^2,False
moderate,1,2.0,3147,True,Proposed,service,1,aware,none,0.2,0.55,2,0.6739875601530877,1.353965605458009,0.1664604405289295,1.8842796251033214,16.927509793268115,0.3913876887870513,350,258,350,74.19148267821144,0.7371428571428571,1.0298500000018862,1.8739000000067563,2.4356167092817085,(gap/tau_g)^2+(speed/tau_v)^2+(lateral/tau_y)^2,False
moderate,1,2.0,3148,True,Proposed,service,1,aware,none,0.2,0.55,2,0.6650723453340693,1.3508822514716297,0.16639321365212653,1.8200703563295806,16.86356214883716,0.4115324672962054,350,239,350,74.2044334890641,0.6828571428571428,0.6898000000035154,2.4165000000095915,2.40957906465954,(gap/tau_g)^2+(speed/tau_v)^2+(lateral/tau_y)^2,False
moderate,1,2.0,3149,True,Proposed,service,1,aware,none,0.2,0.55,2,0.6704618896900427,1.365564929537669,0.16615913519130174,1.8356299248250754,15.925014297171977,0.3974547223017628,350,243,350,74.24134906225558,0.6942857142857143,0.9637500000110322,1.7043999999941661,2.4407786317621607,(gap/tau_g)^2+(speed/tau_v)^2+(lateral/tau_y)^2,False
moderate,1,2.0,3150,True,Proposed,service,1,aware,none,0.2,0.55,2,0.6703993747470288,1.3553918617183511,0.1660073821999706,1.6929993756558643,17.4194137673309,0.4823867735658469,350,261,350,74.27300097434527,0.7457142857142857,0.794199999994305,2.0211000000074364,2.4252467371486235,(gap/tau_g)^2+(speed/tau_v)^2+(lateral/tau_y)^2,False
moderate,1,2.2,3101,False,Proposed,service,1,aware,none,0.2,0.55,2,0.6792231660320922,1.4015264423588045,0.16561017275823336,1.6814185940487942,22.779245087353452,0.36512873522306044,350,243,350,74.3615912309477,0.6942857142857143,0.8468000000050324,1.4022000000011303,2.508017359132534,(gap/tau_g)^2+(speed/tau_v)^2+(lateral/tau_y)^2,False
moderate,1,2.2,3102,False,Proposed,service,1,aware,none,0.2,0.55,2,0.685891284861973,1.4206134348923538,0.16600098264770297,1.8673185721458891,22.45242149867763,0.4105365876209365,350,267,350,74.28756147130595,0.7628571428571429,0.9432000000018093,1.8665999999996075,2.554922676656627,(gap/tau_g)^2+(speed/tau_v)^2+(lateral/tau_y)^2,False
moderate,1,2.2,3103,False,Proposed,service,1,aware,none,0.2,0.55,2,0.6903769086578648,1.4064169250162855,0.16596292134948937,1.8284318926492258,22.669115629025683,0.41588380721565243,350,253,350,74.28645824558605,0.7228571428571429,0.8144500000000221,1.4938000000057627,2.5451052610703395,(gap/tau_g)^2+(speed/tau_v)^2+(lateral/tau_y)^2,False
moderate,1,2.2,3104,False,Proposed,service,1,aware,none,0.2,0.55,2,0.6928902459281373,1.4140833804323658,0.1660478940868118,1.8462803806575363,22.291978945723834,0.4364776148220103,350,264,350,74.27217625706376,0.7542857142857143,0.762499999993338,1.1087000000031821,2.5630234752480945,(gap/tau_g)^2+(speed/tau_v)^2+(lateral/tau_y)^2,False
moderate,1,2.2,3105,False,Proposed,service,1,aware,none,0.2,0.55,2,0.6671761754013665,1.407169930472659,0.1655000552285926,1.8291188864840862,22.231344936417337,0.4107192134792229,350,224,350,74.37698123942602,0.64,0.7768499999940559,1.4976000000075373,2.4863573360645965,(gap/tau_g)^2+(speed/tau_v)^2+(lateral/tau_y)^2,False
moderate,1,2.2,3106,False,Proposed,service,1,aware,none,0.2,0.55,2,0.6638014368111462,1.4265009774021489,0.16620642141581313,1.7529119221963083,22.53509064063301,0.402419382665977,350,251,350,74.24022267037135,0.7171428571428572,0.8181000000035965,1.7244000000005144,2.5121776149666175,(gap/tau_g)^2+(speed/tau_v)^2+(lateral/tau_y)^2,False
moderate,1,2.2,3107,False,Proposed,service,1,aware,none,0.2,0.55,2,0.6983923775181617,1.4182771514726666,0.16631411773951352,1.7804328174973876,22.48146467458188,0.4123322729059723,350,254,350,74.22021448809785,0.7257142857142858,0.8750000000077307,1.6219999999975698,2.5849048081827117,(gap/tau_g)^2+(speed/tau_v)^2+(lateral/tau_y)^2,False
moderate,1,2.2,3108,False,Proposed,service,1,aware,none,0.2,0.55,2,0.6639285497639719,1.4305572306741223,0.16645042161312823,1.7889140690048455,22.1822361815462,0.4615797632974099,350,238,350,74.19941147890904,0.68,0.923199999995461,1.7370999999997139,2.520419592352354,(gap/tau_g)^2+(speed/tau_v)^2+(lateral/tau_y)^2,False
moderate,1,2.2,3109,False,Proposed,service,1,aware,none,0.2,0.55,2,0.6829605522719455,1.4227411128069558,0.16639241730913695,1.6322297607254668,22.66505689752148,0.4582561327249538,350,225,350,74.20817429780507,0.6428571428571429,0.9444000000087271,1.942599999992467,2.554130057618024,(gap/tau_g)^2+(speed/tau_v)^2+(lateral/tau_y)^2,False
moderate,1,2.2,3110,False,Proposed,service,1,aware,none,0.2,0.55,2,0.6623012523420911,1.4214465713279791,0.16487492342102839,1.903123019247085,22.210397634652672,0.3254553326689045,350,241,350,74.49772353504231,0.6885714285714286,0.885900000000106,1.4484000000010155,2.4902758263521347,(gap/tau_g)^2+(speed/tau_v)^2+(lateral/tau_y)^2,False
moderate,1,2.2,3111,False,Proposed,service,1,aware,none,0.2,0.55,2,0.6808131598448606,1.407966024955198,0.16601280759940615,1.714355219453066,22.817436636059988,0.4731416887831795,350,257,350,74.28052551299267,0.7342857142857143,1.0721499999988282,2.0286000000027116,2.5244303788943028,(gap/tau_g)^2+(speed/tau_v)^2+(lateral/tau_y)^2,False
moderate,1,2.2,3112,False,Proposed,service,1,aware,none,0.2,0.55,2,0.6841794362234958,1.4135489436679611,0.16549164541649508,1.826451783750862,22.67292735343407,0.41308957081882136,350,256,350,74.38171604025726,0.7314285714285714,0.8891000000019744,2.087199999991185,2.5363168576531963,(gap/tau_g)^2+(speed/tau_v)^2+(lateral/tau_y)^2,False
moderate,1,2.2,3113,False,Proposed,service,1,aware,none,0.2,0.55,2,0.6692112776681256,1.4255796725612644,0.16556007600148387,1.8445360072001298,22.539654907818196,0.40744177494536127,350,238,350,74.36473160368041,0.68,0.8692499999938263,1.683100000008153,2.5182963335724144,(gap/tau_g)^2+(speed/tau_v)^2+(lateral/tau_y)^2,False
moderate,1,2.2,3114,False,Proposed,service,1,aware,none,0.2,0.55,2,0.6811188386454083,1.4100254144568651,0.1653154727103823,1.8012521994909252,22.726748858112614,0.4243828633515868,350,261,350,74.41919988449742,0.7457142857142857,0.7953500000041913,2.116900000004307,2.522355211738289,(gap/tau_g)^2+(speed/tau_v)^2+(lateral/tau_y)^2,False
moderate,1,2.2,3115,False,Proposed,service,1,aware,none,0.2,0.55,2,0.6721597650951275,1.4226899956816723,0.16562201374438293,1.7644809316014145,22.662792671586928,0.4209085635826312,350,238,350,74.35075212395273,0.68,0.8865500000041493,2.540100000004486,2.5216410142883356,(gap/tau_g)^2+(speed/tau_v)^2+(lateral/tau_y)^2,False
moderate,1,2.2,3116,False,Proposed,service,1,aware,none,0.2,0.55,2,0.6743239375605802,1.4242822269768252,0.16628876528657552,1.916427385496044,22.68554027752316,0.3782533650975374,350,239,350,74.23213558592077,0.6828571428571428,1.0524000000060596,1.9269000000008418,2.5346668247626725,(gap/tau_g)^2+(speed/tau_v)^2+(lateral/tau_y)^2,False
moderate,1,2.2,3117,False,Proposed,service,1,aware,none,0.2,0.55,2,0.6754239919388241,1.407845902244513,0.16566250065729973,1.681147746323245,22.50785473552861,0.4416384832886504,350,247,350,74.34804673624699,0.7057142857142857,1.1903499999945666,1.7059000000045899,2.5083593423571546,(gap/tau_g)^2+(speed/tau_v)^2+(lateral/tau_y)^2,False
moderate,1,2.2,3118,False,Proposed,service,1,aware,none,0.2,0.55,2,0.6795731753517249,1.4178268957287736,0.16583947528031165,1.732416272626879,22.49304450611706,0.48481085082051134,350,261,350,74.31070938879901,0.7457142857142857,1.1110499999915646,1.7611999999900263,2.5342102260431427,(gap/tau_g)^2+(speed/tau_v)^2+(lateral/tau_y)^2,False
moderate,1,2.2,3119,False,Proposed,service,1,aware,none,0.2,0.55,2,0.6876045882825926,1.407467831283925,0.16604549343934796,1.7299908801971022,22.501291509204464,0.4158442868471314,350,248,350,74.27597956675312,0.7085714285714285,1.2290499999991766,2.093900000005533,2.5405078884826406,(gap/tau_g)^2+(speed/tau_v)^2+(lateral/tau_y)^2,False
moderate,1,2.2,3120,True,Proposed,service,1,aware,none,0.2,0.55,2,0.672961400285864,1.3986131393886565,0.16518565965422136,1.6541468997580417,22.479004364530375,0.479090160012801,350,250,350,74.43454316063149,0.7142857142857143,1.121300000001213,1.650100000006205,2.4852920546905777,(gap/tau_g)^2+(speed/tau_v)^2+(lateral/tau_y)^2,False
moderate,1,2.2,3121,False,Proposed,service,1,aware,none,0.2,0.55,2,0.6853069829195161,1.425853595083721,0.16662127925255385,1.7277177123214078,22.627035595085644,0.43571729371728474,350,250,350,74.16883059047602,0.7142857142857143,1.2330500000032885,1.9899000000123124,2.5662666187074343,(gap/tau_g)^2+(speed/tau_v)^2+(lateral/tau_y)^2,False
moderate,1,2.2,3122,False,Proposed,service,1,aware,none,0.2,0.55,2,0.6913267861133564,1.408604189191579,0.1659647072498274,1.7934562098326357,22.842127216575697,0.43313618854481906,350,264,350,74.29833627577923,0.7542857142857143,1.1244499999989443,1.7547000000064372,2.550594749752723,(gap/tau_g)^2+(speed/tau_v)^2+(lateral/tau_y)^2,False
moderate,1,2.2,3123,False,Proposed,service,1,aware,none,0.2,0.55,2,0.6774582685364778,1.424386007807824,0.16653209260817506,1.6968108031241163,22.028153465556038,0.47086342629719946,350,256,350,74.18214263020845,0.7314285714285714,1.2167000000005146,2.1131999999965956,2.5443745952958645,(gap/tau_g)^2+(speed/tau_v)^2+(lateral/tau_y)^2,False
moderate,1,2.2,3124,False,Proposed,service,1,aware,none,0.2,0.55,2,0.6694214828209394,1.414045867261979,0.1659100074369668,1.7984809283958296,22.321036880265872,0.37558842913674106,350,267,350,74.29668783140592,0.7628571428571429,1.109800000001826,2.0432000000027983,2.5049863281282954,(gap/tau_g)^2+(speed/tau_v)^2+(lateral/tau_y)^2,False
moderate,1,2.2,3125,False,Proposed,service,1,aware,none,0.2,0.55,2,0.6457340630593743,1.41975126400046,0.1656271268493776,1.7805404457360083,22.554445537022573,0.36684637954800625,350,230,350,74.3533472198765,0.6571428571428571,1.1972000000000094,1.8704999999954453,2.455508166328464,(gap/tau_g)^2+(speed/tau_v)^2+(lateral/tau_y)^2,False
moderate,1,2.2,3126,False,Proposed,service,1,aware,none,0.2,0.55,2,0.6957009972232666,1.4094063667632462,0.1653095388045311,1.7178396166752818,22.226161637954647,0.457943414228999,350,256,350,74.40402789798692,0.7314285714285714,1.1507000000037237,1.928699999993455,2.5571081267543345,(gap/tau_g)^2+(speed/tau_v)^2+(lateral/tau_y)^2,False
moderate,1,2.2,3127,False,Proposed,service,1,aware,none,0.2,0.55,2,0.6704443519446337,1.4296772070555084,0.16552784417600896,1.6306132534694964,22.298927481043535,0.48939976191191004,350,231,350,74.37008627808066,0.66,1.3844499999962068,1.7506000000082622,2.5269353859771484,(gap/tau_g)^2+(speed/tau_v)^2+(lateral/tau_y)^2,False
moderate,1,2.2,3128,False,Proposed,service,1,aware,none,0.2,0.55,2,0.6835710724788338,1.4136361448549368,0.16523896066326635,1.7318895335310902,22.601841469770896,0.45369523162570324,350,243,350,74.43084063754081,0.6942857142857143,1.2727499999982683,1.8388999999956468,2.532874104920079,(gap/tau_g)^2+(speed/tau_v)^2+(lateral/tau_y)^2,False
moderate,1,2.2,3129,False,Proposed,service,1,aware,none,0.2,0.55,2,0.6644919220288347,1.416985445194018,0.16604444989777942,1.7193977656041892,22.73805139038616,0.44122112733012875,350,251,350,74.27325505242037,0.7171428571428572,1.325900000004765,2.3602999999923213,2.498658016421291,(gap/tau_g)^2+(speed/tau_v)^2+(lateral/tau_y)^2,False
moderate,1,2.2,3130,False,Proposed,service,1,aware,none,0.2,0.55,2,0.6820721505713062,1.4125044909971665,0.16624900949215443,1.7437090382436409,22.382652381768075,0.4293331136344444,350,252,350,74.23166084249785,0.72,1.3034000000047286,7.664099999999507,2.5359737416610004,(gap/tau_g)^2+(speed/tau_v)^2+(lateral/tau_y)^2,False
moderate,1,2.2,3131,False,Proposed,service,1,aware,none,0.2,0.55,2,0.6787019208050813,1.4267419863324642,0.16682161372343188,1.622448084956771,22.70409176001234,0.41574860831889837,350,227,350,74.12979322928956,0.6485714285714286,0.9139500000046041,1.794000000003848,2.553212944936357,(gap/tau_g)^2+(speed/tau_v)^2+(lateral/tau_y)^2,False
moderate,1,2.2,3132,False,Proposed,service,1,aware,none,0.2,0.55,2,0.6643689622672337,1.4169954932213655,0.16531888998133343,1.7645223095076183,22.266415621838227,0.439026395784623,350,258,350,74.4086603576657,0.7371428571428571,0.9026500000004489,1.5017999999997755,2.492371463500909,(gap/tau_g)^2+(speed/tau_v)^2+(lateral/tau_y)^2,False
moderate,1,2.2,3133,False,Proposed,service,1,aware,none,0.2,0.55,2,0.6764292012305805,1.4179186187883168,0.1652968042562455,1.795572162167811,22.63970872193211,0.400937020743075,350,223,350,74.41548667006839,0.6371428571428571,0.9555500000004713,2.0451000000036856,2.5222713932891785,(gap/tau_g)^2+(speed/tau_v)^2+(lateral/tau_y)^2,False
moderate,1,2.2,3134,False,Proposed,service,1,aware,none,0.2,0.55,2,0.6783513279606852,1.4288845038296787,0.16597868917718295,1.7522397096827331,22.75345109783234,0.4579085080824332,350,242,350,74.28209663236093,0.6914285714285714,0.9592500000010773,1.604900000003795,2.548475533155953,(gap/tau_g)^2+(speed/tau_v)^2+(lateral/tau_y)^2,False
moderate,1,2.2,3135,False,Proposed,service,1,aware,none,0.2,0.55,2,0.6781920676470855,1.416679690368421,0.1664467957431618,1.6657428017844047,22.222989241056226,0.41977345009714584,350,250,350,74.2060646243721,0.7142857142857143,0.8829000000005749,1.5230999999999995,2.5342625460177275,(gap/tau_g)^2+(speed/tau_v)^2+(lateral/tau_y)^2,False
moderate,1,2.2,3136,False,Proposed,service,1,aware,none,0.2,0.55,2,0.6695102055121214,1.4221335049234671,0.1652299865895382,1.6973863153921949,22.54839173305413,0.4662952960497039,350,240,350,74.42772796431844,0.6857142857142857,0.895649999996806,1.7165000000005648,2.5112710209933224,(gap/tau_g)^2+(speed/tau_v)^2+(lateral/tau_y)^2,False
moderate,1,2.2,3137,False,Proposed,service,1,aware,none,0.2,0.55,2,0.6867904790565371,1.418205603589913,0.16604235726849248,1.69323096783833,22.53879244042478,0.48235669321286234,350,260,350,74.27382854696627,0.7428571428571429,0.9550999999916598,1.4749000000051637,2.5539730076112273,(gap/tau_g)^2+(speed/tau_v)^2+(lateral/tau_y)^2,False
moderate,1,2.2,3138,False,Proposed,service,1,aware,none,0.2,0.55,2,0.6826453607569517,1.4196575267300073,0.16610986038745765,1.6731430501998448,22.67219330375515,0.4470839552222835,350,229,350,74.26315815061648,0.6542857142857142,0.8739000000019814,1.8958999999938442,2.546544255881951,(gap/tau_g)^2+(speed/tau_v)^2+(lateral/tau_y)^2,False
moderate,1,2.2,3139,True,Proposed,service,1,aware,none,0.2,0.55,2,0.684656085204585,1.3980048084545134,0.16518249126964213,1.794225605174545,22.379523436526227,0.4232462826008554,350,248,350,74.43089864134997,0.7085714285714285,0.7945999999989795,1.341100000004758,2.5126235073877528,(gap/tau_g)^2+(speed/tau_v)^2+(lateral/tau_y)^2,False
moderate,1,2.2,3140,False,Proposed,service,1,aware,none,0.2,0.55,2,0.6734976070182784,1.4101073880030988,0.16508162625642814,1.6507768109283225,22.117684929746297,0.48737043142689407,350,245,350,74.45119535168378,0.7,0.7829000000043607,1.6652000000050293,2.5021881006098856,(gap/tau_g)^2+(speed/tau_v)^2+(lateral/tau_y)^2,False
moderate,1,2.2,3141,False,Proposed,service,1,aware,none,0.2,0.55,2,0.6675651413640701,1.4352109439326786,0.16619809015177645,1.7553310430714608,22.55935261144024,0.42779001665495864,350,238,350,74.24588085153192,0.68,0.7912500000060163,1.3538000000039574,2.5337336438568565,(gap/tau_g)^2+(speed/tau_v)^2+(lateral/tau_y)^2,False
moderate,1,2.2,3142,False,Proposed,service,1,aware,none,0.2,0.55,2,0.6848995977227705,1.40158929389666,0.16590045214168261,1.726922988895661,22.86500153428002,0.40021967759239574,350,247,350,74.29882216122117,0.7057142857142857,1.0330500000037546,1.864600000004657,2.524278969449095,(gap/tau_g)^2+(speed/tau_v)^2+(lateral/tau_y)^2,False
moderate,1,2.2,3143,False,Proposed,service,1,aware,none,0.2,0.55,2,0.6693434796569881,1.4011002674204236,0.16558329375630992,1.7158816928881673,22.564541292784256,0.45274507273832987,350,237,350,74.36106638892069,0.6771428571428572,0.9244500000065159,2.058399999995686,2.4834993408773673,(gap/tau_g)^2+(speed/tau_v)^2+(lateral/tau_y)^2,False
moderate,1,2.2,3144,False,Proposed,service,1,aware,none,0.2,0.55,2,0.6737613799856151,1.416112572742074,0.1660819960366704,1.7796689888988628,22.552067597278544,0.4111048420119221,350,246,350,74.27437713424139,0.7028571428571428,0.7401000000015756,1.4073999999908438,2.519761192276832,(gap/tau_g)^2+(speed/tau_v)^2+(lateral/tau_y)^2,False
moderate,1,2.2,3145,False,Proposed,service,1,aware,none,0.2,0.55,2,0.6910874171256163,1.4250064748045705,0.16622985615991542,1.791124659182893,22.39553927057336,0.40719211677489076,350,234,350,74.2416819441869,0.6685714285714286,0.8635000000012383,1.8560999999976957,2.5759216040158277,(gap/tau_g)^2+(speed/tau_v)^2+(lateral/tau_y)^2,False
moderate,1,2.2,3146,False,Proposed,service,1,aware,none,0.2,0.55,2,0.6783272186618456,1.4213605456607077,0.16582718482779127,1.8313912994513306,22.318268079545263,0.39107477291233694,350,249,350,74.3084758990273,0.7114285714285714,0.7799499999947557,1.8685000000004948,2.536219243699973,(gap/tau_g)^2+(speed/tau_v)^2+(lateral/tau_y)^2,False
moderate,1,2.2,3147,False,Proposed,service,1,aware,none,0.2,0.55,2,0.6791766702871525,1.4152636380828498,0.16585080369037702,1.733753833446742,22.52051780647607,0.44747894389588194,350,255,350,74.30604437467477,0.7285714285714285,0.9304499999984728,1.8993999999992184,2.529641312303102,(gap/tau_g)^2+(speed/tau_v)^2+(lateral/tau_y)^2,False
moderate,1,2.2,3148,False,Proposed,service,1,aware,none,0.2,0.55,2,0.682660194394478,1.4063656753132905,0.16576117325784231,1.819723145990788,22.34051227054224,0.3528830131730899,350,239,350,74.32854632501102,0.6828571428571428,0.7623500000022432,1.9108000000045422,2.5245224442896523,(gap/tau_g)^2+(speed/tau_v)^2+(lateral/tau_y)^2,False
moderate,1,2.2,3149,False,Proposed,service,1,aware,none,0.2,0.55,2,0.6777137742809553,1.425547422312872,0.16555576153079385,1.798607925868097,21.76065638156475,0.4478580299174614,350,246,350,74.36119860621491,0.7028571428571428,0.8206499999943162,1.4242999999964923,2.538573218134937,(gap/tau_g)^2+(speed/tau_v)^2+(lateral/tau_y)^2,False
moderate,1,2.2,3150,False,Proposed,service,1,aware,none,0.2,0.55,2,0.6857100398353758,1.4148185962539137,0.16541066228375165,1.7693014650264616,22.578774566668763,0.4096988721380018,350,272,350,74.39005326156644,0.7771428571428571,0.754800000002831,1.5927999999973963,2.5412066547903116,(gap/tau_g)^2+(speed/tau_v)^2+(lateral/tau_y)^2,False
moderate,1,2.4,3101,False,Proposed,service,1,aware,none,0.2,0.55,2,0.6718330963112401,1.4606211563815779,0.16501507033574742,1.6407569830979063,28.1864251153539,0.4148503120389987,350,234,350,74.4795544814626,0.6685714285714286,0.7376499999978137,1.4915999999942642,2.5716432104288804,(gap/tau_g)^2+(speed/tau_v)^2+(lateral/tau_y)^2,False
moderate,1,2.4,3102,False,Proposed,service,1,aware,none,0.2,0.55,2,0.6906800924114671,1.4719477435720518,0.1653773794279623,1.719042762232673,27.771370528178906,0.45992958978236786,350,264,350,74.4097426439063,0.7542857142857143,0.9464499999936038,1.2913000000054353,2.6372348072340595,(gap/tau_g)^2+(speed/tau_v)^2+(lateral/tau_y)^2,False
moderate,1,2.4,3103,False,Proposed,service,1,aware,none,0.2,0.55,2,0.6921959796987321,1.4612130447424085,0.16533080354523566,1.7807813702491813,27.8650147385447,0.3955908487596067,350,253,350,74.40917684893596,0.7228571428571429,0.8531500000046321,2.0028999999937014,2.624511868510595,(gap/tau_g)^2+(speed/tau_v)^2+(lateral/tau_y)^2,False
moderate,1,2.4,3104,False,Proposed,service,1,aware,none,0.2,0.55,2,0.6777136702144473,1.4734939243370784,0.16546451060020317,1.740148536177458,27.768411748152182,0.461919082365409,350,258,350,74.39196981815006,0.7371428571428571,0.8264499999981467,1.43240000001299,2.6087356216107276,(gap/tau_g)^2+(speed/tau_v)^2+(lateral/tau_y)^2,False
moderate,1,2.4,3105,False,Proposed,service,1,aware,none,0.2,0.55,2,0.6686679745038783,1.4587582896462836,0.16491905869224827,1.69277253705197,28.10631690013429,0.39547802274028676,350,219,350,74.49473852491617,0.6257142857142857,0.9606999999931531,1.985500000003526,2.56053372804901,(gap/tau_g)^2+(speed/tau_v)^2+(lateral/tau_y)^2,False
moderate,1,2.4,3106,False,Proposed,service,1,aware,none,0.2,0.55,2,0.6904593484392749,1.463622580253411,0.16558410138098065,1.5649865870817747,27.875414424146236,0.47303512747770415,350,245,350,74.36455303336149,0.7,0.8830000000017435,1.2545999999957758,2.6259342968407857,(gap/tau_g)^2+(speed/tau_v)^2+(lateral/tau_y)^2,False
moderate,1,2.4,3107,False,Proposed,service,1,aware,none,0.2,0.55,2,0.6852392792090116,1.480416096103781,0.16566735551510342,1.7262483424474167,27.953443011345087,0.46259343239080386,350,240,350,74.34992091285329,0.6857142857142857,0.8543500000044446,2.0579999999910115,2.639081973231778,(gap/tau_g)^2+(speed/tau_v)^2+(lateral/tau_y)^2,False
moderate,1,2.4,3108,False,Proposed,service,1,aware,none,0.2,0.55,2,0.6888582013018489,1.4733893397289763,0.16583659564511352,1.6071248615571698,27.965327775803438,0.4739592623774209,350,235,350,74.32082846274572,0.6714285714285714,0.9743000000028701,1.609799999997108,2.638735386895381,(gap/tau_g)^2+(speed/tau_v)^2+(lateral/tau_y)^2,False
moderate,1,2.4,3109,False,Proposed,service,1,aware,none,0.2,0.55,2,0.695174716700511,1.470125758249674,0.1657618680056806,1.6871922807408892,27.940705721715673,0.44242496161131695,350,226,350,74.33211975302147,0.6457142857142857,0.8194500000016092,1.9702999999964277,2.648756477321128,(gap/tau_g)^2+(speed/tau_v)^2+(lateral/tau_y)^2,False
moderate,1,2.4,3110,False,Proposed,service,1,aware,none,0.2,0.55,2,0.6628893537622251,1.46844060533239,0.16432143224732929,1.7068713639719164,27.871506494107564,0.4356161735665415,350,227,350,74.60813644126524,0.6485714285714286,0.933950000003847,1.978699999995115,2.556395667763265,(gap/tau_g)^2+(speed/tau_v)^2+(lateral/tau_y)^2,False
moderate,1,2.4,3111,False,Proposed,service,1,aware,none,0.2,0.55,2,0.6694312880603324,1.4708992012592101,0.16539856499407338,1.6456097716637046,27.697591094039765,0.46404071415441084,350,264,350,74.40079967409743,0.7542857142857143,0.8696000000014692,1.5800999999981968,2.584456568189583,(gap/tau_g)^2+(speed/tau_v)^2+(lateral/tau_y)^2,False
moderate,1,2.4,3112,False,Proposed,service,1,aware,none,0.2,0.55,2,0.686067214969503,1.4657509688076118,0.1648779776880093,1.708452326139565,28.020335955691856,0.4603448840945079,350,244,350,74.50099214160578,0.6971428571428572,1.214550000007364,1.8769999999932452,2.6125334166556478,(gap/tau_g)^2+(speed/tau_v)^2+(lateral/tau_y)^2,False
moderate,1,2.4,3113,False,Proposed,service,1,aware,none,0.2,0.55,2,0.6821006010415531,1.4700109741746397,0.16495877499484388,1.7074875409304044,27.961307639272803,0.48408997582120683,350,247,350,74.48380908438794,0.7057142857142857,1.178050000007147,1.6329999999982192,2.6099324729695006,(gap/tau_g)^2+(speed/tau_v)^2+(lateral/tau_y)^2,False
moderate,1,2.4,3114,False,Proposed,service,1,aware,none,0.2,0.55,2,0.6909731281700199,1.4620041150682777,0.16464713407850948,1.8059302393463597,27.82889367290681,0.414310886613114,350,268,350,74.53669518527913,0.7657142857142857,1.156649999998649,1.7624999999981128,2.617044852380887,(gap/tau_g)^2+(speed/tau_v)^2+(lateral/tau_y)^2,False
moderate,1,2.4,3115,False,Proposed,service,1,aware,none,0.2,0.55,2,0.6834502759928531,1.469691578580013,0.16501261253177996,1.7251578603513666,27.949538376778918,0.4450781880127117,350,246,350,74.47137106972271,0.7028571428571428,1.1936499999976036,1.9177000000070166,2.613174082219453,(gap/tau_g)^2+(speed/tau_v)^2+(lateral/tau_y)^2,False
moderate,1,2.4,3116,False,Proposed,service,1,aware,none,0.2,0.55,2,0.6874355802868571,1.4724898603050482,0.16566279520021257,1.797277961863271,28.222821525471943,0.3847971512712539,350,235,350,74.35493662375605,0.6714285714285714,1.037500000002467,1.3994000000110418,2.632462311003131,(gap/tau_g)^2+(speed/tau_v)^2+(lateral/tau_y)^2,False
moderate,1,2.4,3117,False,Proposed,service,1,aware,none,0.2,0.55,2,0.6887394169500518,1.453686314602603,0.16504114443410917,1.6921934768780642,27.992751080207867,0.4648560040330272,350,257,350,74.46909410785078,0.7342857142857143,1.1404500000011808,1.7107999999979029,2.602439934246184,(gap/tau_g)^2+(speed/tau_v)^2+(lateral/tau_y)^2,False
moderate,1,2.4,3118,False,Proposed,service,1,aware,none,0.2,0.55,2,0.6824054162503727,1.4702624626200984,0.16524669581640727,1.715682584329473,27.81844606029238,0.44208809862380594,350,254,350,74.42974715652585,0.7257142857142858,1.1427499999996371,1.907400000007442,2.6134259837041154,(gap/tau_g)^2+(speed/tau_v)^2+(lateral/tau_y)^2,False
moderate,1,2.4,3119,False,Proposed,service,1,aware,none,0.2,0.55,2,0.6859141082676815,1.4623288420294278,0.1654194977721803,1.6817878797318813,27.869868403105812,0.4092597698190956,350,237,350,74.39601789139493,0.6771428571428572,1.1216500000088558,2.789100000001099,2.611519167680445,(gap/tau_g)^2+(speed/tau_v)^2+(lateral/tau_y)^2,False
moderate,1,2.4,3120,False,Proposed,service,1,aware,none,0.2,0.55,2,0.6840506453015557,1.4502519015045614,0.1645887061690085,1.692737598100767,28.046256019592747,0.4049461095499186,350,264,350,74.55260926224682,0.7542857142857143,1.272849999999437,2.0193000000006123,2.582180054310135,(gap/tau_g)^2+(speed/tau_v)^2+(lateral/tau_y)^2,False
moderate,1,2.4,3121,False,Proposed,service,1,aware,none,0.2,0.55,2,0.6849054598255042,1.482114349054382,0.16598872902965867,1.7414091173059296,27.665422236377985,0.41818253989793874,350,239,350,74.28795264884212,0.6828571428571428,1.1016999999995392,1.7665000000022246,2.643500389775209,(gap/tau_g)^2+(speed/tau_v)^2+(lateral/tau_y)^2,False
moderate,1,2.4,3122,False,Proposed,service,1,aware,none,0.2,0.55,2,0.6764005592575323,1.467825895916989,0.1653311270932955,1.6531753363315083,27.85869080224446,0.4560263685162036,350,268,350,74.42500028785688,0.7657142857142857,1.1896500000005972,2.159499999990544,2.595965624567113,(gap/tau_g)^2+(speed/tau_v)^2+(lateral/tau_y)^2,False
moderate,1,2.4,3123,False,Proposed,service,1,aware,none,0.2,0.55,2,0.6965864786200682,1.4656922175511249,0.1659376270919936,1.7592802549299187,27.896565335891637,0.40402174025509485,350,260,350,74.29932125754276,0.7428571428571429,1.1895999999964602,2.2646000000037247,2.6470661468727883,(gap/tau_g)^2+(speed/tau_v)^2+(lateral/tau_y)^2,False
moderate,1,2.4,3124,False,Proposed,service,1,aware,none,0.2,0.55,2,0.6958337500159789,1.457719937174803,0.1653240861513457,1.7195513083382366,28.064087074495546,0.48179053492905033,350,268,350,74.41250380807473,0.7657142857142857,1.3080000000016412,1.7984999999924867,2.6282308168953787,(gap/tau_g)^2+(speed/tau_v)^2+(lateral/tau_y)^2,False
moderate,1,2.4,3125,False,Proposed,service,1,aware,none,0.2,0.55,2,0.6566013359492143,1.4685810511557615,0.16505897657483884,1.7380211748453618,27.836317643319347,0.472919557205561,350,224,350,74.46514968071376,0.64,1.4429000000006909,2.2356999999999516,2.5479292510099083,(gap/tau_g)^2+(speed/tau_v)^2+(lateral/tau_y)^2,False
moderate,1,2.4,3126,False,Proposed,service,1,aware,none,0.2,0.55,2,0.6853235618353309,1.4637458378770805,0.164695645173869,1.6656143503968333,27.94096072300559,0.46088726343777886,350,244,350,74.52630114721359,0.6971428571428572,1.5107500000013374,10.233099999993556,2.6062211184194326,(gap/tau_g)^2+(speed/tau_v)^2+(lateral/tau_y)^2,False
moderate,1,2.4,3127,False,Proposed,service,1,aware,none,0.2,0.55,2,0.6812411543024319,1.4752140961507128,0.16489431740406207,1.7117133651217689,27.873245205671914,0.4396407090834201,350,247,350,74.49494692304772,0.7057142857142857,0.8733999999961384,1.6593999999940934,2.615136431183834,(gap/tau_g)^2+(speed/tau_v)^2+(lateral/tau_y)^2,False
moderate,1,2.4,3128,False,Proposed,service,1,aware,none,0.2,0.55,2,0.6796905157938276,1.4703612488387114,0.1645924740622195,1.6655868884831588,27.90180874145541,0.4764420962629161,350,224,350,74.5537619984194,0.64,0.9635500000015895,1.5396999999950367,2.6016053534727144,(gap/tau_g)^2+(speed/tau_v)^2+(lateral/tau_y)^2,False
moderate,1,2.4,3129,False,Proposed,service,1,aware,none,0.2,0.55,2,0.688447095321731,1.4622813387869176,0.165422408681225,1.8128513441156417,27.89843319933913,0.4201811200558324,350,257,350,74.39415941652726,0.7342857142857143,0.8868500000076551,2.010900000001925,2.6176612316527517,(gap/tau_g)^2+(speed/tau_v)^2+(lateral/tau_y)^2,False
moderate,1,2.4,3130,False,Proposed,service,1,aware,none,0.2,0.55,2,0.689246284662734,1.4624484330785363,0.16567135853944087,1.7846626383678637,27.88951181189742,0.43366975742059033,350,262,350,74.34844321339314,0.7485714285714286,0.8571999999986701,1.833399999995322,2.621928615577857,(gap/tau_g)^2+(speed/tau_v)^2+(lateral/tau_y)^2,False
moderate,1,2.4,3131,False,Proposed,service,1,aware,none,0.2,0.55,2,0.6723436980407356,1.4851576160257203,0.16617267979248562,1.5598856706701398,28.003877859735034,0.4857136432205329,350,214,350,74.25927703217447,0.6114285714285714,0.8613500000080876,3.3260000000012724,2.619325052048715,(gap/tau_g)^2+(speed/tau_v)^2+(lateral/tau_y)^2,False
moderate,1,2.4,3132,False,Proposed,service,1,aware,none,0.2,0.55,2,0.6659900465530066,1.4726563298763609,0.16472358839621848,1.6995978760051533,28.02296337139066,0.4528899054886737,350,252,350,74.52594701299856,0.72,0.9356999999923232,1.6171000000042568,2.573355039626466,(gap/tau_g)^2+(speed/tau_v)^2+(lateral/tau_y)^2,False
moderate,1,2.4,3133,False,Proposed,service,1,aware,none,0.2,0.55,2,0.6901127419999864,1.4646080187417252,0.16470522418788033,1.8139061423486422,28.267699139979136,0.41060022129024376,350,225,350,74.53245758824877,0.6428571428571429,0.9371000000015783,1.8830000000065183,2.619298749684546,(gap/tau_g)^2+(speed/tau_v)^2+(lateral/tau_y)^2,False
moderate,1,2.4,3134,False,Proposed,service,1,aware,none,0.2,0.55,2,0.6858193735274712,1.4802728791315458,0.16538315046575544,1.6683367323873608,27.98514251291087,0.4676664467703563,350,245,350,74.4005263562313,0.7,0.9508500000023901,1.7423000000036382,2.637927424103866,(gap/tau_g)^2+(speed/tau_v)^2+(lateral/tau_y)^2,False
moderate,1,2.4,3135,False,Proposed,service,1,aware,none,0.2,0.55,2,0.6853781507348338,1.468546975978993,0.16583317712880394,1.653125818829162,27.999801615837477,0.4458892428977308,350,241,350,74.32615049842074,0.6885714285714286,0.8607999999910021,1.3751999999982445,2.622936646186853,(gap/tau_g)^2+(speed/tau_v)^2+(lateral/tau_y)^2,False
moderate,1,2.4,3136,False,Proposed,service,1,aware,none,0.2,0.55,2,0.6966513073710052,1.460961173196586,0.16462376191115213,1.7573164366879268,27.822619907114294,0.4150111861671818,350,239,350,74.5445302629948,0.6828571428571428,0.8864500000100861,1.3413000000070952,2.629304541088222,(gap/tau_g)^2+(speed/tau_v)^2+(lateral/tau_y)^2,False
moderate,1,2.4,3137,False,Proposed,service,1,aware,none,0.2,0.55,2,0.6939971577189729,1.4694201567055007,0.16543898267734647,1.6946695482265925,28.03616506173468,0.4526742019251436,350,260,350,74.39495083421379,0.7428571428571429,0.8516999999983454,2.0358999999956495,2.6421165956368573,(gap/tau_g)^2+(speed/tau_v)^2+(lateral/tau_y)^2,False
moderate,1,2.4,3138,False,Proposed,service,1,aware,none,0.2,0.55,2,0.6926923220100992,1.4673674837410982,0.16548673971812206,1.6028679953753715,28.22005704794673,0.4757266905562224,350,232,350,74.38587058249094,0.6628571428571428,1.0056500000032997,1.744700000003263,2.6362193366891873,(gap/tau_g)^2+(speed/tau_v)^2+(lateral/tau_y)^2,False
moderate,1,2.4,3139,False,Proposed,service,1,aware,none,0.2,0.55,2,0.6945354251696259,1.4469377277312756,0.16459509713506842,1.691579913509358,27.902901456267116,0.47014848308178636,350,237,350,74.54498525430746,0.6771428571428572,0.8642499999993447,2.0760999999964724,2.603030081832376,(gap/tau_g)^2+(speed/tau_v)^2+(lateral/tau_y)^2,False
moderate,1,2.4,3140,False,Proposed,service,1,aware,none,0.2,0.55,2,0.6789319978602728,1.4618537076339293,0.1645506875352189,1.6070482090993081,27.815573487822178,0.47311672628192114,350,249,350,74.55813757615532,0.7114285714285714,1.0212999999978933,1.7311000000006516,2.5867019192509746,(gap/tau_g)^2+(speed/tau_v)^2+(lateral/tau_y)^2,False
moderate,1,2.4,3141,False,Proposed,service,1,aware,none,0.2,0.55,2,0.6863440736895162,1.4768963067286915,0.16560680506681913,1.7223103164510134,27.73511538241801,0.41203200526887385,350,250,350,74.35930290966743,0.7142857142857143,0.8380000000016707,1.4374000000003662,2.6359636275591667,(gap/tau_g)^2+(speed/tau_v)^2+(lateral/tau_y)^2,False
moderate,1,2.4,3142,False,Proposed,service,1,aware,none,0.2,0.55,2,0.6828988783291847,1.4528521267218497,0.16527122628251603,1.6862286629896814,28.139015310228558,0.4602337811362609,350,243,350,74.42365613482332,0.6942857142857143,0.804849999994417,1.7668999999926882,2.58886089888752,(gap/tau_g)^2+(speed/tau_v)^2+(lateral/tau_y)^2,False
moderate,1,2.4,3143,False,Proposed,service,1,aware,none,0.2,0.55,2,0.6679853898061656,1.4550969567774974,0.16499899914568067,1.6283434093434426,27.946892337179925,0.4871278078926481,350,223,350,74.47614684292826,0.6371428571428571,0.8291999999983091,1.9348000000007914,2.554127905482326,(gap/tau_g)^2+(speed/tau_v)^2+(lateral/tau_y)^2,False
moderate,1,2.4,3144,False,Proposed,service,1,aware,none,0.2,0.55,2,0.6835870282434818,1.465461715679045,0.16541348082094764,1.6539182983115825,27.939671988636256,0.4833132115290807,350,258,350,74.39796887806455,0.7371428571428571,0.7834999999971615,1.3878000000033808,2.610483528507376,(gap/tau_g)^2+(speed/tau_v)^2+(lateral/tau_y)^2,False
moderate,1,2.4,3145,False,Proposed,service,1,aware,none,0.2,0.55,2,0.7079245355025696,1.4743230773782088,0.16556027363948783,1.7452448223010015,27.670610772954753,0.4778508245622308,350,241,350,74.37224229457918,0.6885714285714286,0.7172999999980334,1.6554000000041924,2.6851952972893205,(gap/tau_g)^2+(speed/tau_v)^2+(lateral/tau_y)^2,False
moderate,1,2.4,3146,False,Proposed,service,1,aware,none,0.2,0.55,2,0.6825207443355009,1.4716913733121533,0.16525803587932839,1.6831632247364137,28.111158127082305,0.43250236459538416,350,238,350,74.42235618463496,0.68,0.7250999999968144,1.4970999999945889,2.615944320451176,(gap/tau_g)^2+(speed/tau_v)^2+(lateral/tau_y)^2,False
moderate,1,2.4,3147,False,Proposed,service,1,aware,none,0.2,0.55,2,0.6790679663217009,1.468138150748896,0.16524001355933096,1.633821366168531,28.088391765163564,0.46737431665966744,350,260,350,74.4291941708648,0.7428571428571429,0.7017999999945346,1.3808999999866955,2.602108085225091,(gap/tau_g)^2+(speed/tau_v)^2+(lateral/tau_y)^2,False
moderate,1,2.4,3148,False,Proposed,service,1,aware,none,0.2,0.55,2,0.6891538530275764,1.4571971031942643,0.16516754698836345,1.7817685553832676,27.663348908954625,0.3602510530280122,350,234,350,74.4446210763129,0.6685714285714286,0.9112000000044418,1.468500000001427,2.6097126411758595,(gap/tau_g)^2+(speed/tau_v)^2+(lateral/tau_y)^2,False
moderate,1,2.4,3149,False,Proposed,service,1,aware,none,0.2,0.55,2,0.6925908210212587,1.4629190671926282,0.16497331117504957,1.6782796142776424,27.778064294449784,0.41142202466647293,350,244,350,74.4786647040523,0.6971428571428572,0.8681999999993195,1.8081000000051972,2.6250770978689726,(gap/tau_g)^2+(speed/tau_v)^2+(lateral/tau_y)^2,False
moderate,1,2.4,3150,False,Proposed,service,1,aware,none,0.2,0.55,2,0.6917246319720783,1.4645562943363417,0.16482348296708652,1.7731406174820876,28.09132712578201,0.41530611310520327,350,260,350,74.50664803635276,0.7428571428571429,0.9044500000001676,1.7476999999956888,2.6241554591401153,(gap/tau_g)^2+(speed/tau_v)^2+(lateral/tau_y)^2,False
moderate,1,2.6,3101,False,Proposed,service,1,aware,none,0.2,0.55,2,0.6859619735940201,1.500734794512074,0.16443343245800082,1.607551000971007,33.43250146343526,0.459119293372966,350,243,350,74.59425447886655,0.6942857142857143,0.8456999999992831,1.2942000000037979,2.661565350422487,(gap/tau_g)^2+(speed/tau_v)^2+(lateral/tau_y)^2,False
moderate,1,2.6,3102,False,Proposed,service,1,aware,none,0.2,0.55,2,0.6961488482334085,1.5151191342963528,0.16475540829990473,1.660955509153249,33.32434324240725,0.4749083262886269,350,257,350,74.53146623458504,0.7342857142857143,0.9523500000057084,1.6669999999976426,2.7113783456549343,(gap/tau_g)^2+(speed/tau_v)^2+(lateral/tau_y)^2,False
moderate,1,2.6,3103,False,Proposed,service,1,aware,none,0.2,0.55,2,0.6944851454187819,1.5062102376753639,0.16472172176474864,1.7369273018150784,33.35357797391552,0.41376628727035314,350,251,350,74.53127475206557,0.7171428571428572,0.8934999999965498,1.3249999999942474,2.6932547865787564,(gap/tau_g)^2+(speed/tau_v)^2+(lateral/tau_y)^2,False
moderate,1,2.6,3104,False,Proposed,service,1,aware,none,0.2,0.55,2,0.691252584180182,1.5136610451794188,0.16481922023195822,1.6257290627035899,32.72165342849555,0.43252900746327816,350,264,350,74.51436010624099,0.7542857142857143,0.9656499999977086,1.5692000000058215,2.697574342852715,(gap/tau_g)^2+(speed/tau_v)^2+(lateral/tau_y)^2,False
moderate,1,2.6,3105,False,Proposed,service,1,aware,none,0.2,0.55,2,0.667830709379559,1.5035578463891937,0.1643509162747589,1.6377178959101297,33.25741095701827,0.4513685307669395,350,230,350,74.60524159921552,0.6571428571428571,0.8466500000068322,1.3098000000013599,2.6215769952599364,(gap/tau_g)^2+(speed/tau_v)^2+(lateral/tau_y)^2,False
moderate,1,2.6,3106,False,Proposed,service,1,aware,none,0.2,0.55,2,0.6887947427234893,1.5126288437953939,0.16505784715380434,1.6143450534925843,33.321151459490444,0.48345765078908276,350,245,350,74.47233344275759,0.7,0.8556000000012887,1.5530000000012478,2.691918425203565,(gap/tau_g)^2+(speed/tau_v)^2+(lateral/tau_y)^2,False
moderate,1,2.6,3107,False,Proposed,service,1,aware,none,0.2,0.55,2,0.701336127266173,1.516953146289854,0.16504610825931793,1.6379006917966397,33.36082799102814,0.42168291276249803,350,253,350,74.47285561230609,0.7228571428571429,1.0132999999967751,1.5934999999984711,2.729499717765161,(gap/tau_g)^2+(speed/tau_v)^2+(lateral/tau_y)^2,False
moderate,1,2.6,3108,False,Proposed,service,1,aware,none,0.2,0.55,2,0.6790899058345725,1.5201998492888904,0.16527066113239197,1.6445183468006932,33.23503078807055,0.4616539435647218,350,227,350,74.43697198591371,0.6485714285714286,1.3432999999949402,1.90650000000403,2.6817907981636333,(gap/tau_g)^2+(speed/tau_v)^2+(lateral/tau_y)^2,False
moderate,1,2.6,3109,False,Proposed,service,1,aware,none,0.2,0.55,2,0.6984831481808814,1.5140029900173713,0.16516171687799747,1.6494225061068308,33.39874778994506,0.43415851513602977,350,236,350,74.45168405143049,0.6742857142857143,1.1735000000001605,2.01020000000085,2.7187921182841768,(gap/tau_g)^2+(speed/tau_v)^2+(lateral/tau_y)^2,False
moderate,1,2.6,3110,False,Proposed,service,1,aware,none,0.2,0.55,2,0.6795643682181224,1.5052338490861028,0.16372117843418815,1.6646326972977787,33.455295452168826,0.4509929916785672,350,238,350,74.72380498303414,0.68,1.2737000000058174,2.0737999999909107,2.6470912809607157,(gap/tau_g)^2+(speed/tau_v)^2+(lateral/tau_y)^2,False
moderate,1,2.6,3111,False,Proposed,service,1,aware,none,0.2,0.55,2,0.6755887306513174,1.5143709777520062,0.16479345830339814,1.7185153656952392,33.10552896755139,0.36884248784647755,350,262,350,74.51987290332589,0.7485714285714286,1.3284000000055585,1.9005000000049677,2.6603966153281005,(gap/tau_g)^2+(speed/tau_v)^2+(lateral/tau_y)^2,False
moderate,1,2.6,3112,False,Proposed,service,1,aware,none,0.2,0.55,2,0.6998387195691438,1.506845344907919,0.16429807440926278,1.69883416346477,33.184320105227194,0.46455296662920176,350,259,350,74.61474436634674,0.74,1.1217999999999506,1.677999999998292,2.7040168395800106,(gap/tau_g)^2+(speed/tau_v)^2+(lateral/tau_y)^2,False
moderate,1,2.6,3113,False,Proposed,service,1,aware,none,0.2,0.55,2,0.6655867802681326,1.5226606166671814,0.16437771816620778,1.6146431396693857,32.98852806173662,0.47456516105797364,350,239,350,74.60015805426774,0.6828571428571428,1.2582999999892763,2.175299999990443,2.645972447596881,(gap/tau_g)^2+(speed/tau_v)^2+(lateral/tau_y)^2,False
moderate,1,2.6,3114,False,Proposed,service,1,aware,none,0.2,0.55,2,0.6886403352282527,1.50988181012671,0.16406824371886589,1.6851449127892801,33.128964282687654,0.4570642352597255,350,270,350,74.65562868101361,0.7714285714285715,1.1891499999947541,1.8953999999951066,2.6791615153462844,(gap/tau_g)^2+(speed/tau_v)^2+(lateral/tau_y)^2,False
moderate,1,2.6,3115,False,Proposed,service,1,aware,none,0.2,0.55,2,0.6897308791866397,1.5106802977226903,0.1644621474794186,1.64998943519619,33.14171632479361,0.41682714832329626,350,249,350,74.57998422992657,0.7114285714285714,1.2661000000022682,1.953299999996716,2.686299611027426,(gap/tau_g)^2+(speed/tau_v)^2+(lateral/tau_y)^2,False
moderate,1,2.6,3116,False,Proposed,service,1,aware,none,0.2,0.55,2,0.6953837316485794,1.5109026231172717,0.16503736874862598,1.641599945151205,33.46756416100618,0.4742213422576308,350,253,350,74.4770536288971,0.7228571428571429,1.0876000000052954,1.878599999997732,2.7053004621602987,(gap/tau_g)^2+(speed/tau_v)^2+(lateral/tau_y)^2,False
moderate,1,2.6,3117,False,Proposed,service,1,aware,none,0.2,0.55,2,0.6851496392597715,1.5042686047673797,0.16447459100339856,1.674825598527779,33.166893738264584,0.41056385565446785,350,253,350,74.58211035341172,0.7228571428571429,1.2019999999992592,1.8112999999999602,2.6653416082802766,(gap/tau_g)^2+(speed/tau_v)^2+(lateral/tau_y)^2,False
moderate,1,2.6,3118,False,Proposed,service,1,aware,none,0.2,0.55,2,0.6865588411922683,1.5141703939823103,0.16465481083991976,1.6296664622879837,33.38631862839018,0.44739515318134904,350,253,350,74.54761790584648,0.7228571428571429,1.1853000000030534,1.5997999999939339,2.685509921627837,(gap/tau_g)^2+(speed/tau_v)^2+(lateral/tau_y)^2,False
moderate,1,2.6,3119,False,Proposed,service,1,aware,none,0.2,0.55,2,0.6942167799109364,1.505441171883314,0.1647958964418795,1.6593737232646477,33.3779849260331,0.45465761952693107,350,238,350,74.5199815986073,0.68,1.2963499999969486,1.8443999999959715,2.6920215781634855,(gap/tau_g)^2+(speed/tau_v)^2+(lateral/tau_y)^2,False
moderate,1,2.6,3120,False,Proposed,service,1,aware,none,0.2,0.55,2,0.6814212304517068,1.495897080813879,0.16402952969546272,1.6855115310793871,33.33146905876057,0.4168231356845511,350,256,350,74.66174182045226,0.7314285714285714,1.352199999992365,2.272900000008349,2.6398142141520133,(gap/tau_g)^2+(speed/tau_v)^2+(lateral/tau_y)^2,False
moderate,1,2.6,3121,False,Proposed,service,1,aware,none,0.2,0.55,2,0.6921235018786328,1.5246396674269538,0.16542152221887668,1.7289638975523793,32.550728515372256,0.47263905587358046,350,239,350,74.40552642823222,0.6828571428571428,1.122099999996351,1.8247000000002345,2.72170738672073,(gap/tau_g)^2+(speed/tau_v)^2+(lateral/tau_y)^2,False
moderate,1,2.6,3122,False,Proposed,service,1,aware,none,0.2,0.55,2,0.6828499517124067,1.5096477728755764,0.1647580250246883,1.6546712274562458,33.30154038276666,0.39860874467387375,350,253,350,74.53624950368715,0.7228571428571429,1.4538000000001716,7.575099999996837,2.670353276648613,(gap/tau_g)^2+(speed/tau_v)^2+(lateral/tau_y)^2,False
moderate,1,2.6,3123,False,Proposed,service,1,aware,none,0.2,0.55,2,0.6862151195371599,1.5185790266163606,0.16531553934000467,1.6476415984219588,32.86420892496138,0.4507984185055324,350,255,350,74.42684164906446,0.7285714285714285,1.2467000000029316,2.4558000000070024,2.69694316418852,(gap/tau_g)^2+(speed/tau_v)^2+(lateral/tau_y)^2,False
moderate,1,2.6,3124,False,Proposed,service,1,aware,none,0.2,0.55,2,0.6996537494282,1.4949669632360043,0.16472658323501435,1.6293133176326964,33.49346161573335,0.4401436425230072,350,252,350,74.5305576549117,0.72,1.2324500000033822,8.362800000000448,2.6888892058413405,(gap/tau_g)^2+(speed/tau_v)^2+(lateral/tau_y)^2,False
moderate,1,2.6,3125,False,Proposed,service,1,aware,none,0.2,0.55,2,0.6861293430929609,1.5000665078663493,0.1644837739323099,1.6644176868262657,33.455686656981065,0.4245799343623774,350,248,350,74.57963473038019,0.7085714285714285,1.256450000006737,1.9283000000029915,2.661364403888122,(gap/tau_g)^2+(speed/tau_v)^2+(lateral/tau_y)^2,False
moderate,1,2.6,3126,False,Proposed,service,1,aware,none,0.2,0.55,2,0.6753146923592456,1.512236869380774,0.16408789021846001,1.6989488069407814,33.46157567693952,0.47787216904981145,350,250,350,74.64647467750703,0.7142857142857143,1.1096499999965204,1.8720999999999322,2.650641814868559,(gap/tau_g)^2+(speed/tau_v)^2+(lateral/tau_y)^2,False
moderate,1,2.6,3127,False,Proposed,service,1,aware,none,0.2,0.55,2,0.6874887126990731,1.5208934914636105,0.1643336421198222,1.6956027527331547,32.99427193544895,0.46622663068511483,350,248,350,74.60724361650664,0.7085714285714285,1.2906999999984237,1.8077000000005228,2.6955505761417267,(gap/tau_g)^2+(speed/tau_v)^2+(lateral/tau_y)^2,False
moderate,1,2.6,3128,False,Proposed,service,1,aware,none,0.2,0.55,2,0.6819216888130302,1.5126955047662378,0.16402145919847588,1.6609440072607788,33.46021523952306,0.4521053662811978,350,223,350,74.66701388367575,0.6371428571428571,1.3284999999996217,1.8619000000086317,2.666746514322269,(gap/tau_g)^2+(speed/tau_v)^2+(lateral/tau_y)^2,False
moderate,1,2.6,3129,False,Proposed,service,1,aware,none,0.2,0.55,2,0.6893750129450277,1.5054946126509172,0.16480180208168735,1.7295094235296902,33.54971809135792,0.4225072971751511,350,251,350,74.51717804853627,0.7171428571428572,1.1350500000091301,1.6674999999963802,2.680242950606193,(gap/tau_g)^2+(speed/tau_v)^2+(lateral/tau_y)^2,False
moderate,1,2.6,3130,False,Proposed,service,1,aware,none,0.2,0.55,2,0.687524265074773,1.5107321355881835,0.16505115314832447,1.6908594526283596,33.56054346056201,0.47779131253048635,350,261,350,74.47079428658732,0.7457142857142857,1.2558000000026937,2.405500000008942,2.6858288588205337,(gap/tau_g)^2+(speed/tau_v)^2+(lateral/tau_y)^2,False
moderate,1,2.6,3131,False,Proposed,service,1,aware,none,0.2,0.55,2,0.6837721598239811,1.525848443450196,0.16557448354287765,1.511668399784578,33.44219248253805,0.4911699243854062,350,216,350,74.37596946760148,0.6171428571428571,1.2570000000025061,2.45460000000719,2.7044267415107655,(gap/tau_g)^2+(speed/tau_v)^2+(lateral/tau_y)^2,False
moderate,1,2.6,3132,False,Proposed,service,1,aware,none,0.2,0.55,2,0.6773396721330254,1.5112326438938095,0.16416787412170447,1.7218575621789982,33.44414720065836,0.3939557095137265,350,241,350,74.63610091112493,0.6885714285714286,1.1379999999974189,2.1887999999989916,2.6546185967092644,(gap/tau_g)^2+(speed/tau_v)^2+(lateral/tau_y)^2,False
moderate,1,2.6,3133,False,Proposed,service,1,aware,none,0.2,0.55,2,0.6879233009798706,1.511295267666539,0.1641173985647146,1.7459532226956804,33.47394308521377,0.43131067481468943,350,237,350,74.64761467069154,0.6771428571428572,1.397550000007186,2.222799999998415,2.679988796923601,(gap/tau_g)^2+(speed/tau_v)^2+(lateral/tau_y)^2,False
moderate,1,2.6,3134,False,Proposed,service,1,aware,none,0.2,0.55,2,0.6966520436111503,1.517059896960316,0.1647932400477296,1.6172774735293953,33.138827786224745,0.47538157791054614,350,258,350,74.52151295680049,0.7371428571428571,1.251949999996782,2.0097999999961758,2.715938406263544,(gap/tau_g)^2+(speed/tau_v)^2+(lateral/tau_y)^2,False
moderate,1,2.6,3135,False,Proposed,service,1,aware,none,0.2,0.55,2,0.6955596164804926,1.5112079889854706,0.16517907403413865,1.6488237129005843,33.307013947599884,0.44104066685779675,350,250,350,74.44995800863629,0.7142857142857143,1.1430499999818267,1.8410999999787236,2.7073760650217125,(gap/tau_g)^2+(speed/tau_v)^2+(lateral/tau_y)^2,False
moderate,1,2.6,3136,False,Proposed,service,1,aware,none,0.2,0.55,2,0.6957598557055198,1.5082116802343162,0.1640629468307374,1.7120467497012475,33.392084043636295,0.43624863176349604,350,242,350,74.65483230004797,0.6914285714285714,1.2551000000087242,2.012600000000475,2.6940685744279906,(gap/tau_g)^2+(speed/tau_v)^2+(lateral/tau_y)^2,False
moderate,1,2.6,3137,False,Proposed,service,1,aware,none,0.2,0.55,2,0.6771572976357985,1.5242367199048137,0.16481489364811155,1.5775230032916658,33.303755597829074,0.456204460448687,350,258,350,74.51773571683205,0.7371428571428571,1.1323000000089678,1.808000000011134,2.6796404244897745,(gap/tau_g)^2+(speed/tau_v)^2+(lateral/tau_y)^2,False
moderate,1,2.6,3138,False,Proposed,service,1,aware,none,0.2,0.55,2,0.6961774361269967,1.514329031113302,0.16485198270918025,1.6087679091068088,33.46756997995027,0.4433003678924988,350,240,350,74.51333125598255,0.6857142857142857,1.2219500000156813,2.2210000000200125,2.71102368615138,(gap/tau_g)^2+(speed/tau_v)^2+(lateral/tau_y)^2,False
moderate,1,2.6,3139,False,Proposed,service,1,aware,none,0.2,0.55,2,0.6912901357440873,1.494822381064248,0.16403228019444674,1.6345309700384762,33.18499509579219,0.48969147823438197,350,252,350,74.65900711283227,0.72,0.8789500000006001,1.4041999999960808,2.6622807498411363,(gap/tau_g)^2+(speed/tau_v)^2+(lateral/tau_y)^2,False
moderate,1,2.6,3140,False,Proposed,service,1,aware,none,0.2,0.55,2,0.6938740247802647,1.497599556645965,0.16397296455393925,1.6327526420611969,32.7711941479797,0.46243613557266905,350,259,350,74.67287118462202,0.74,0.80745000001059,1.1872000000039407,2.6723972582965176,(gap/tau_g)^2+(speed/tau_v)^2+(lateral/tau_y)^2,False
moderate,1,2.6,3141,False,Proposed,service,1,aware,none,0.2,0.55,2,0.698227973248472,1.5187328883939817,0.16499477438420398,1.7471878118863475,33.30396123973365,0.4141393653447767,350,250,350,74.48068100376761,0.7142857142857143,0.8488500000112253,2.1156999999902837,2.724099218546128,(gap/tau_g)^2+(speed/tau_v)^2+(lateral/tau_y)^2,False
moderate,1,2.6,3142,False,Proposed,service,1,aware,none,0.2,0.55,2,0.6819775299540436,1.4996389651709565,0.16467854923279432,1.618200289917328,33.263539863366354,0.46333491950921724,350,243,350,74.54057990811441,0.6942857142857143,0.9500500000001466,1.5641999999900236,2.652214884925828,(gap/tau_g)^2+(speed/tau_v)^2+(lateral/tau_y)^2,False
moderate,1,2.6,3143,False,Proposed,service,1,aware,none,0.2,0.55,2,0.6673304025894106,1.5024460209861974,0.16441408403249758,1.633720121622622,33.11506997088725,0.4787200741886185,350,224,350,74.59037693042112,0.64,0.9002999999836447,1.7258999999967273,2.6192034615598168,(gap/tau_g)^2+(speed/tau_v)^2+(lateral/tau_y)^2,False
moderate,1,2.6,3144,False,Proposed,service,1,aware,none,0.2,0.55,2,0.6919196271141809,1.5068261939990775,0.16478890785375366,1.6241364930910367,33.27657332770921,0.4746494810029859,350,252,350,74.52121124470293,0.72,0.8172000000001844,1.4543000000060147,2.688431853767878,(gap/tau_g)^2+(speed/tau_v)^2+(lateral/tau_y)^2,False
moderate,1,2.6,3145,False,Proposed,service,1,aware,none,0.2,0.55,2,0.7096323178041575,1.516846213186867,0.16495031726649603,1.6856051992344638,33.054931748634516,0.4477761215546092,350,240,350,74.49325227006848,0.6857142857142857,0.788200000016559,1.667400000002317,2.749354001170364,(gap/tau_g)^2+(speed/tau_v)^2+(lateral/tau_y)^2,False
moderate,1,2.6,3146,False,Proposed,service,1,aware,none,0.2,0.55,2,0.7032543370658937,1.498460678068859,0.16471138778987088,1.5526428716518184,33.47888276830636,0.4790207345061992,350,246,350,74.5380430024249,0.7028571428571428,0.8424500000074886,2.251700000016399,2.70307994170669,(gap/tau_g)^2+(speed/tau_v)^2+(lateral/tau_y)^2,False
moderate,1,2.6,3147,False,Proposed,service,1,aware,none,0.2,0.55,2,0.691471230844145,1.5089815730131622,0.16466716015860505,1.6728705360412464,32.98435504651403,0.4405938040307742,350,245,350,74.54020247876052,0.7,0.8517000000125563,1.6762000000198896,2.6896427553566506,(gap/tau_g)^2+(speed/tau_v)^2+(lateral/tau_y)^2,False
moderate,1,2.6,3148,False,Proposed,service,1,aware,none,0.2,0.55,2,0.7018650113244095,1.4948209878518257,0.16457681030030244,1.7080472333913268,32.51967799962739,0.43117913580864164,350,240,350,74.56040051179932,0.6857142857142857,0.8414999999928341,1.6054000000167434,2.692943071917828,(gap/tau_g)^2+(speed/tau_v)^2+(lateral/tau_y)^2,False
moderate,1,2.6,3149,False,Proposed,service,1,aware,none,0.2,0.55,2,0.6934208371581244,1.5114399040146236,0.16438017757650447,1.6716847048533283,33.175858483375855,0.42032284039325263,350,244,350,74.59662193027431,0.6971428571428572,0.9009000000190781,1.8426000000033582,2.6958703390742293,(gap/tau_g)^2+(speed/tau_v)^2+(lateral/tau_y)^2,False
moderate,1,2.6,3150,False,Proposed,service,1,aware,none,0.2,0.55,2,0.7017169587228339,1.5069947534723156,0.1642713242306632,1.6122657591669651,33.11125904119233,0.47863925415225184,350,263,350,74.6163523014443,0.7514285714285714,0.9424499999965974,1.5761999999881482,2.7087067720336515,(gap/tau_g)^2+(speed/tau_v)^2+(lateral/tau_y)^2,False
moderate,2,1.8,3101,True,Proposed,service,2,aware,none,0.2,0.55,2,0.6560754991346274,1.2758173641411574,0.1668400089642573,1.9002883910445858,11.863955197091386,0.43923822726305684,700,475,700,148.24141320187067,0.6785714285714286,0.9242000000000417,1.9283000000029915,2.2915718587201646,(gap/tau_g)^2+(speed/tau_v)^2+(lateral/tau_y)^2,False
moderate,2,1.8,3102,True,Proposed,service,2,aware,none,0.2,0.55,2,0.6675544474298437,1.2896816294925448,0.16721468244865437,1.9430512596544764,11.725330049799261,0.46628287313387773,700,514,700,148.0934698917792,0.7342857142857143,0.9062000000028547,1.4946000000009008,2.3398595622440768,(gap/tau_g)^2+(speed/tau_v)^2+(lateral/tau_y)^2,False
moderate,2,1.8,3103,True,Proposed,service,2,aware,none,0.2,0.55,2,0.6583748482141173,1.2768134930248878,0.16718403937403395,1.9128841823590776,11.89741918253278,0.4566544483471281,700,525,700,148.09369710223635,0.75,0.9655000000066138,1.4909999999872525,2.3011151609094718,(gap/tau_g)^2+(speed/tau_v)^2+(lateral/tau_y)^2,False
moderate,2,1.8,3104,True,Proposed,service,2,aware,none,0.2,0.55,2,0.6623612314556615,1.2889934913743086,0.16723573564735206,1.917209761947915,11.712153770999059,0.4390882882069074,700,512,700,148.0693250841198,0.7314285714285714,0.7605499999954191,2.073400000000447,2.3268519520389095,(gap/tau_g)^2+(speed/tau_v)^2+(lateral/tau_y)^2,False
moderate,2,1.8,3105,True,Proposed,service,2,aware,none,0.2,0.55,2,0.6528706510001349,1.275271491439831,0.1666963888202946,1.9747589373707959,11.759903181540722,0.3995215160569834,700,451,700,148.28640226773905,0.6442857142857142,0.7752999999866006,1.673100000004979,2.2822060694123047,(gap/tau_g)^2+(speed/tau_v)^2+(lateral/tau_y)^2,False
moderate,2,1.8,3106,True,Proposed,service,2,aware,none,0.2,0.55,2,0.6656829694915929,1.2803114507008795,0.16749253981913415,1.885702600073611,11.827065151703131,0.4555910761460946,700,497,700,147.9783172905923,0.71,0.7767499999999927,1.6470999999853575,2.325462432403886,(gap/tau_g)^2+(speed/tau_v)^2+(lateral/tau_y)^2,False
moderate,2,1.8,3107,True,Proposed,service,2,aware,none,0.2,0.55,2,0.6661737399852709,1.290386108007874,0.16756715024413416,1.9076336977887416,12.090550033897308,0.43264974708852055,700,505,700,147.9481300809848,0.7214285714285714,0.7833500000060667,1.3900000000148793,2.3404631484921445,(gap/tau_g)^2+(speed/tau_v)^2+(lateral/tau_y)^2,False
moderate,2,1.8,3108,True,Proposed,service,2,aware,none,0.2,0.55,2,0.6624967006371274,1.28631852626188,0.16771506024606242,1.9023530067874317,11.725807481813987,0.46663133253904243,700,474,700,147.90295991313093,0.6771428571428572,0.9492499999907977,2.4650000000008276,2.3276700474126533,(gap/tau_g)^2+(speed/tau_v)^2+(lateral/tau_y)^2,False
moderate,2,1.8,3109,True,Proposed,service,2,aware,none,0.2,0.55,2,0.6676578992853427,1.2898205043197613,0.16763842142702332,1.919811159014488,11.856964994147738,0.4249647983783056,700,471,700,147.9208860602837,0.6728571428571428,0.9087499999935744,3.4154999999884694,2.3438351541816846,(gap/tau_g)^2+(speed/tau_v)^2+(lateral/tau_y)^2,False
moderate,2,1.8,3110,True,Proposed,service,2,aware,none,0.2,0.55,2,0.6602484016172198,1.2845233256112871,0.1660724964730989,2.0010364059397956,11.71712708742232,0.42141897376234483,700,507,700,148.50865629862602,0.7242857142857143,0.9455499999830863,1.9158000000061293,2.3063217010996615,(gap/tau_g)^2+(speed/tau_v)^2+(lateral/tau_y)^2,False
moderate,2,1.8,3111,True,Proposed,service,2,aware,none,0.2,0.55,2,0.6560664895302812,1.2824494679595668,0.16725067528477974,1.9519926374735483,12.047630290478942,0.46480212869439297,700,499,700,148.07942444818914,0.7128571428571429,0.853450000008138,1.9428999999888674,2.3036373119599975,(gap/tau_g)^2+(speed/tau_v)^2+(lateral/tau_y)^2,False
moderate,2,1.8,3112,True,Proposed,service,2,aware,none,0.2,0.55,2,0.6621391050435378,1.2826138384450105,0.16666394099061724,1.9409505410441905,11.866303134513764,0.4165975024413071,700,490,700,148.29187908658452,0.7,0.9620499999982712,1.9297999999992044,2.31318547807769,(gap/tau_g)^2+(speed/tau_v)^2+(lateral/tau_y)^2,False
moderate,2,1.8,3113,True,Proposed,service,2,aware,none,0.2,0.55,2,0.6744303329337055,1.2828801668894976,0.1667280296450126,1.980247416463353,10.915961158995017,0.4328539666604787,700,472,700,148.2586956701032,0.6742857142857143,0.88430000000983,1.985500000017737,2.3432737230043683,(gap/tau_g)^2+(speed/tau_v)^2+(lateral/tau_y)^2,False
moderate,2,1.8,3114,True,Proposed,service,2,aware,none,0.2,0.55,2,0.6652461694036803,1.2788478732765112,0.16642242954941067,1.974694310751888,11.918657652820329,0.359647327858574,700,517,700,148.37669073415,0.7385714285714285,0.8830999999958067,1.56549999999811,2.31358479182931,(gap/tau_g)^2+(speed/tau_v)^2+(lateral/tau_y)^2,False
moderate,2,1.8,3115,True,Proposed,service,2,aware,none,0.2,0.55,2,0.6635139154309541,1.291360024960245,0.1668586970813595,1.93340599037722,11.908938081432844,0.43379094361010295,700,472,700,148.2027407630391,0.6742857142857143,0.7892999999938866,1.382199999994782,2.3295353521858324,(gap/tau_g)^2+(speed/tau_v)^2+(lateral/tau_y)^2,False
moderate,2,1.8,3116,True,Proposed,service,2,aware,none,0.2,0.55,2,0.6522534393046484,1.2945548084271041,0.16749652794152228,1.8695687893451052,11.826083878463045,0.45551479390789806,700,489,700,147.9738103935522,0.6985714285714286,0.5658999999980097,1.2696999999946001,2.3127420713293816,(gap/tau_g)^2+(speed/tau_v)^2+(lateral/tau_y)^2,False
moderate,2,1.8,3117,True,Proposed,service,2,aware,none,0.2,0.55,2,0.6575659379534952,1.2816849030504318,0.1668503100065484,1.857930406856083,11.625065950541021,0.44779563754880336,700,482,700,148.21222401472315,0.6885714285714286,0.5257999999912499,0.8271000000092954,2.3027947546512735,(gap/tau_g)^2+(speed/tau_v)^2+(lateral/tau_y)^2,False
moderate,2,1.8,3118,True,Proposed,service,2,aware,none,0.2,0.55,2,0.6610930531381229,1.2891448205737954,0.1670729767671823,1.9008381034896895,12.042334662873905,0.4501007347960516,700,522,700,148.13492415757665,0.7457142857142857,0.46334999998975945,1.0222999999882632,2.3227069345435174,(gap/tau_g)^2+(speed/tau_v)^2+(lateral/tau_y)^2,False
moderate,2,1.8,3119,True,Proposed,service,2,aware,none,0.2,0.55,2,0.6643380992593662,1.2768219194436778,0.1672425470026805,1.940120297789423,11.86425851876838,0.4066817760306686,700,468,700,148.07066364462116,0.6685714285714286,1.1524499999922,1.9166000000012673,2.3156378254631313,(gap/tau_g)^2+(speed/tau_v)^2+(lateral/tau_y)^2,False
moderate,2,1.8,3120,True,Proposed,service,2,aware,none,0.2,0.55,2,0.653509869621925,1.273189639254306,0.16639381966104452,1.9726923632052435,11.625076247084223,0.379226228324662,700,486,700,148.3932353176013,0.6942857142857143,1.500149999998257,8.387400000003709,2.27846415717434,(gap/tau_g)^2+(speed/tau_v)^2+(lateral/tau_y)^2,False
moderate,2,1.8,3121,True,Proposed,service,2,aware,none,0.2,0.55,2,0.6723006540286924,1.2909325839620036,0.16786671407708623,2.0211134003932343,11.513995515554655,0.45278874971516947,700,482,700,147.83309463859837,0.6885714285714286,1.1796000000003914,1.6031000000111817,2.358274006754053,(gap/tau_g)^2+(speed/tau_v)^2+(lateral/tau_y)^2,False
moderate,2,1.8,3122,True,Proposed,service,2,aware,none,0.2,0.55,2,0.6569770563150171,1.2871219457805851,0.16716594576595842,1.844181929182765,12.004370497366494,0.3639089376765129,700,514,700,148.10646542552783,0.7342857142857143,1.1976000000046838,1.6695000000055416,2.3111801193232044,(gap/tau_g)^2+(speed/tau_v)^2+(lateral/tau_y)^2,False
moderate,2,1.8,3123,True,Proposed,service,2,aware,none,0.2,0.55,2,0.6551319361491783,1.2906610390128097,0.1677884780858323,1.9233698482435575,11.81069478118527,0.45738087598585964,700,497,700,147.86794115796522,0.71,1.2699500000010744,2.1746000000035792,2.316743719528432,(gap/tau_g)^2+(speed/tau_v)^2+(lateral/tau_y)^2,False
moderate,2,1.8,3124,True,Proposed,service,2,aware,none,0.2,0.55,2,0.6655603450830049,1.2711748017208455,0.16718008549327767,1.9791147858163403,11.942484827440168,0.46290421591391684,700,517,700,148.10035474442364,0.7385714285714285,1.1310000000008813,1.807100000007722,2.3106640799893112,(gap/tau_g)^2+(speed/tau_v)^2+(lateral/tau_y)^2,False
moderate,2,1.8,3125,True,Proposed,service,2,aware,none,0.2,0.55,2,0.6399358717343523,1.2885886859007587,0.1668540499234714,1.876200579791563,11.448979881607649,0.4292314363233163,700,484,700,148.2172918378363,0.6914285714285714,1.124150000002544,1.6277000000002317,2.271212585335566,(gap/tau_g)^2+(speed/tau_v)^2+(lateral/tau_y)^2,False
moderate,2,1.8,3126,True,Proposed,service,2,aware,none,0.2,0.55,2,0.6564556286797839,1.2869271274732956,0.1664510574102819,1.9034642764350227,11.707566291970473,0.46706229630485707,700,466,700,148.35195827303488,0.6657142857142857,1.42154999999633,2.357000000003495,2.3037442644860007,(gap/tau_g)^2+(speed/tau_v)^2+(lateral/tau_y)^2,False
moderate,2,1.8,3127,True,Proposed,service,2,aware,none,0.2,0.55,2,0.6584826931270581,1.295292367812816,0.16674414827699888,1.8755548413181673,11.466244989456044,0.42048882576498725,700,482,700,148.2646272017252,0.6885714285714286,1.1902999999904296,1.947599999994054,2.3219451407824483,(gap/tau_g)^2+(speed/tau_v)^2+(lateral/tau_y)^2,False
moderate,2,1.8,3128,True,Proposed,service,2,aware,none,0.2,0.55,2,0.6624925911830519,1.285050443605272,0.16639741239157357,1.9020728380304417,11.838212279837272,0.41380316014224483,700,469,700,148.3969626179387,0.67,1.275900000003105,1.7811000000023114,2.3149906761434313,(gap/tau_g)^2+(speed/tau_v)^2+(lateral/tau_y)^2,False
moderate,2,1.8,3129,True,Proposed,service,2,aware,none,0.2,0.55,2,0.6640001867376883,1.2767314185490133,0.16725386874323916,1.9034746047272473,11.7851215235385,0.4677676995436705,700,494,700,148.0625359932624,0.7057142857142857,1.1950999999967848,1.9851999999929149,2.31481661778404,(gap/tau_g)^2+(speed/tau_v)^2+(lateral/tau_y)^2,False
moderate,2,1.8,3130,True,Proposed,service,2,aware,none,0.2,0.55,2,0.658439747235915,1.2814767460308307,0.16746544320061893,1.9152501517105835,12.01877707408412,0.43684792504393877,700,507,700,147.9766986735907,0.7242857142857143,1.1552500000107102,2.1639999999933934,2.3097080924400655,(gap/tau_g)^2+(speed/tau_v)^2+(lateral/tau_y)^2,False
moderate,2,1.8,3131,True,Proposed,service,2,aware,none,0.2,0.55,2,0.6685938709879167,1.2896241245376219,0.16813330172538216,1.8227514524855377,11.604365445403637,0.4246842635587945,699,451,699,147.53884004458092,0.6452074391988555,1.2932500000033542,1.9480999999927917,2.3499543358959962,(gap/tau_g)^2+(speed/tau_v)^2+(lateral/tau_y)^2,False
moderate,2,1.8,3132,True,Proposed,service,2,aware,none,0.2,0.55,2,0.6493008706848131,1.285843118535824,0.16655292184175288,1.9557412234416232,11.798338008291843,0.4146294120321862,700,513,700,148.33320194052544,0.7328571428571429,1.3591000000019449,2.0253000000138854,2.2865607239225696,(gap/tau_g)^2+(speed/tau_v)^2+(lateral/tau_y)^2,False
moderate,2,1.8,3133,True,Proposed,service,2,aware,none,0.2,0.55,2,0.6549846131176541,1.292457233342345,0.1664578197071008,2.0324143550504594,11.642051991713224,0.4394137876017541,700,475,700,148.36380614083168,0.6785714285714286,1.2448000000091497,1.576300000010633,2.307648635029105,(gap/tau_g)^2+(speed/tau_v)^2+(lateral/tau_y)^2,False
moderate,2,1.8,3134,True,Proposed,service,2,aware,none,0.2,0.55,2,0.6602225458402504,1.2949647425115214,0.16723561772622852,1.8694255134520523,11.862425949876673,0.4590228245178194,700,489,700,148.0720108757942,0.6985714285714286,0.9320000000059281,2.1957999999813183,2.329694535240929,(gap/tau_g)^2+(speed/tau_v)^2+(lateral/tau_y)^2,False
moderate,2,1.8,3135,True,Proposed,service,2,aware,none,0.2,0.55,2,0.6645281218126348,1.2839588738107155,0.16768254613897643,1.8700908993041805,11.564856703610808,0.4601633766900384,700,500,700,147.91111431940888,0.7142857142857143,0.862449999999626,1.534099999986438,2.32909548843654,(gap/tau_g)^2+(speed/tau_v)^2+(lateral/tau_y)^2,False
moderate,2,1.8,3136,True,Proposed,service,2,aware,none,0.2,0.55,2,0.664638605697302,1.2825942563870565,0.1664115330193862,1.8344041408805505,11.876721628608351,0.40737983058404204,700,490,700,148.3840038461795,0.7,0.8293000000065831,3.587799999991148,2.316953688871978,(gap/tau_g)^2+(speed/tau_v)^2+(lateral/tau_y)^2,False
moderate,2,1.8,3137,True,Proposed,service,2,aware,none,0.2,0.55,2,0.6526565405491175,1.296628291185557,0.16726991246289877,1.9025074784398333,11.891109709410479,0.4272458178327295,699,491,699,147.85124534324484,0.7024320457796852,0.8111500000040905,2.200700000003053,2.3145218312376445,(gap/tau_g)^2+(speed/tau_v)^2+(lateral/tau_y)^2,False
moderate,2,1.8,3138,True,Proposed,service,2,aware,none,0.2,0.55,2,0.6553638796110632,1.294509481252333,0.1673044111243091,1.9082743295615001,11.597507859081745,0.43408568339829423,700,489,700,148.04932242843154,0.6985714285714286,0.8314500000068392,1.5408000000149968,2.3183048684996885,(gap/tau_g)^2+(speed/tau_v)^2+(lateral/tau_y)^2,False
moderate,2,1.8,3139,True,Proposed,service,2,aware,none,0.2,0.55,2,0.6688496325098011,1.268351494244493,0.16638316307667927,1.8933809442066134,11.94664334297179,0.46752520988228585,700,488,700,148.38324597770978,0.6971428571428572,0.8268499999957157,1.4285000000029413,2.3081635108385687,(gap/tau_g)^2+(speed/tau_v)^2+(lateral/tau_y)^2,False
moderate,2,1.8,3140,True,Proposed,service,2,aware,none,0.2,0.55,2,0.6652737511438064,1.2720499067429056,0.16630672652368442,1.9653485971196942,11.347071957549687,0.441520906893885,700,514,700,148.42765351681567,0.7342857142857143,0.8346999999844229,1.454299999977593,2.303840181552978,(gap/tau_g)^2+(speed/tau_v)^2+(lateral/tau_y)^2,False
moderate,2,1.8,3141,True,Proposed,service,2,aware,none,0.2,0.55,2,0.6627529581987409,1.2951838131122784,0.1674456065521508,1.9101867345750654,11.829933293746514,0.450022521059376,700,485,700,147.98783289550215,0.6928571428571428,0.965149999998971,1.8287000000043463,2.337692440601532,(gap/tau_g)^2+(speed/tau_v)^2+(lateral/tau_y)^2,False
moderate,2,1.8,3142,True,Proposed,service,2,aware,none,0.2,0.55,2,0.660838565795173,1.2773847794898545,0.16709268997968416,1.857800575333549,11.937474708295824,0.4517168548120918,700,502,700,148.12231109749854,0.7171428571428572,0.7569499999959817,1.9565000000056898,2.3068743192440144,(gap/tau_g)^2+(speed/tau_v)^2+(lateral/tau_y)^2,False
moderate,2,1.8,3143,True,Proposed,service,2,aware,none,0.2,0.55,2,0.6473610956057612,1.2794633801742816,0.16682331394268735,1.9405381855625803,11.348958860119744,0.41609871444732593,700,472,700,148.22015265190367,0.6742857142857143,0.8695500000044376,2.21109999998248,2.2759927648977794,(gap/tau_g)^2+(speed/tau_v)^2+(lateral/tau_y)^2,False
moderate,2,1.8,3144,True,Proposed,service,2,aware,none,0.2,0.55,2,0.6554745866336096,1.2887525126598363,0.16728626119969556,1.9785868549582308,11.529897125618305,0.4065595347810129,700,495,700,148.0509728427501,0.7071428571428572,0.8629499999983636,1.4492000000245753,2.3108234062711563,(gap/tau_g)^2+(speed/tau_v)^2+(lateral/tau_y)^2,False
moderate,2,1.8,3145,True,Proposed,service,2,aware,none,0.2,0.55,2,0.6607031003091197,1.3048478976770022,0.1674549882118035,1.9205723501590348,11.480693730947245,0.3934864822981249,700,490,700,147.99580362696963,0.7,0.9021000000046797,1.5716000000054464,2.345767921334809,(gap/tau_g)^2+(speed/tau_v)^2+(lateral/tau_y)^2,False
moderate,2,1.8,3146,True,Proposed,service,2,aware,none,0.2,0.55,2,0.648258342010051,1.2938564469963447,0.16706146186382362,1.8199109102667779,11.946873168584538,0.4713439817874302,700,482,700,148.12631122341332,0.6885714285714286,0.8921499999985372,1.926099999991493,2.298944183231826,(gap/tau_g)^2+(speed/tau_v)^2+(lateral/tau_y)^2,False
moderate,2,1.8,3147,True,Proposed,service,2,aware,none,0.2,0.55,2,0.6635558612252561,1.278070380654888,0.16708603448110051,1.8542003770183069,11.883371547819422,0.4790511027479455,700,516,700,148.12805258935953,0.7371428571428571,0.9822500000069567,1.5806000000111453,2.314110420373198,(gap/tau_g)^2+(speed/tau_v)^2+(lateral/tau_y)^2,False
moderate,2,1.8,3148,True,Proposed,service,2,aware,none,0.2,0.55,2,0.6599197946819375,1.2734817191805263,0.16700736205098463,1.8678745947287947,11.698881694000278,0.444594406133913,700,447,700,148.17126012820748,0.6385714285714286,0.7857500000199025,1.6102000000159933,2.2989246427537418,(gap/tau_g)^2+(speed/tau_v)^2+(lateral/tau_y)^2,False
moderate,2,1.8,3149,True,Proposed,service,2,aware,none,0.2,0.55,2,0.6642028825280589,1.2850653836239645,0.16675099674419713,1.9330389385551876,11.181022336878797,0.45197776369790876,700,502,700,148.2531851912438,0.7171428571428572,0.9212499999904367,1.8680000000017571,2.3219890097566,(gap/tau_g)^2+(speed/tau_v)^2+(lateral/tau_y)^2,False
moderate,2,1.8,3150,True,Proposed,service,2,aware,none,0.2,0.55,2,0.6628178352048011,1.2889544344384238,0.16660836771182844,1.9335171154557633,11.458947911481019,0.374038714192938,700,525,700,148.30617032550387,0.75,0.7868000000001985,1.9977999999980511,2.3226402049554635,(gap/tau_g)^2+(speed/tau_v)^2+(lateral/tau_y)^2,False
moderate,2,2.0,3101,True,Proposed,service,2,aware,none,0.2,0.55,2,0.6639038138451214,1.34726138952726,0.16620311008456426,1.750122323001595,16.985193929432853,0.47693492701612716,700,492,700,148.48785209920104,0.7028571428571428,1.003050000008443,1.926300000008041,2.400253077427371,(gap/tau_g)^2+(speed/tau_v)^2+(lateral/tau_y)^2,False
moderate,2,2.0,3102,True,Proposed,service,2,aware,none,0.2,0.55,2,0.6767822191325419,1.3602345186520732,0.16658487563501154,1.9143715784778694,17.35585093816435,0.4555337572667243,700,520,700,148.3403757823721,0.7428571428571429,0.8719500000040625,1.7013000000076772,2.452044944345323,(gap/tau_g)^2+(speed/tau_v)^2+(lateral/tau_y)^2,False
moderate,2,2.0,3103,True,Proposed,service,2,aware,none,0.2,0.55,2,0.6763537790787988,1.3430599007819857,0.16655246826338485,1.8259318698419098,17.23104549122263,0.4607858966955015,700,516,700,148.34107706546584,0.7371428571428571,0.8001999999862619,2.4676000000170006,2.427056617053667,(gap/tau_g)^2+(speed/tau_v)^2+(lateral/tau_y)^2,False
moderate,2,2.0,3104,True,Proposed,service,2,aware,none,0.2,0.55,2,0.6788423964187722,1.3550617309839688,0.1666079494583342,1.8669154387235138,17.27410327815487,0.4636804899423509,700,516,700,148.31659989865585,0.7371428571428571,0.8403999999870848,1.4424000000019532,2.450036022559929,(gap/tau_g)^2+(speed/tau_v)^2+(lateral/tau_y)^2,False
moderate,2,2.0,3105,True,Proposed,service,2,aware,none,0.2,0.55,2,0.6697369873337118,1.3409688930434172,0.16608284800477377,1.937628539492285,17.083386141413115,0.40285424036808515,700,464,700,148.52511830270691,0.6628571428571428,0.9050500000000739,1.7517999999938638,2.4044535637119555,(gap/tau_g)^2+(speed/tau_v)^2+(lateral/tau_y)^2,False
moderate,2,2.0,3106,True,Proposed,service,2,aware,none,0.2,0.55,2,0.6728326003089534,1.3542454445727954,0.16683872469811575,1.838215939454032,17.26718506489766,0.443410038902213,700,498,700,148.23531353196816,0.7114285714285714,0.77045000000453,1.8698000000085813,2.436390044635784,(gap/tau_g)^2+(speed/tau_v)^2+(lateral/tau_y)^2,False
moderate,2,2.0,3107,True,Proposed,service,2,aware,none,0.2,0.55,2,0.6875671549346086,1.3535726260378245,0.16692344120612781,1.8549424018897962,17.367530975998697,0.43943781522289793,700,488,700,148.2007997844144,0.6971428571428572,0.7448000000067623,2.0048000000087995,2.4718027483936362,(gap/tau_g)^2+(speed/tau_v)^2+(lateral/tau_y)^2,False
moderate,2,2.0,3108,True,Proposed,service,2,aware,none,0.2,0.55,2,0.6781510931937775,1.358907247272342,0.16708305545870542,1.8057661906876512,17.316225875362512,0.458249516589303,700,487,700,148.14582968151973,0.6957142857142857,1.0337499999906186,2.276099999988901,2.457656566900103,(gap/tau_g)^2+(speed/tau_v)^2+(lateral/tau_y)^2,False
moderate,2,2.0,3109,True,Proposed,service,2,aware,none,0.2,0.55,2,0.6893199241838714,1.3547088024654759,0.16700146255374398,1.8811313547152222,17.155398323678213,0.4390088044100715,700,484,700,148.17044327676714,0.6914285714285714,0.8671500000048127,1.6884000000061405,2.4783144490164264,(gap/tau_g)^2+(speed/tau_v)^2+(lateral/tau_y)^2,False
moderate,2,2.0,3110,True,Proposed,service,2,aware,none,0.2,0.55,2,0.6778868692863483,1.3472787666645245,0.16547460555273935,1.8888693716797873,17.12710750377422,0.4478680872543128,700,503,700,148.74649577714828,0.7185714285714285,0.8377000000052703,1.4090999999893938,2.4275915085187294,(gap/tau_g)^2+(speed/tau_v)^2+(lateral/tau_y)^2,False
moderate,2,2.0,3111,True,Proposed,service,2,aware,none,0.2,0.55,2,0.6748155998059443,1.3517802736140467,0.16660158633350836,1.8818442772703674,17.538689600365977,0.4593644813135249,700,490,700,148.3212214557798,0.7,0.7589499999909322,1.442099999991342,2.435760687742616,(gap/tau_g)^2+(speed/tau_v)^2+(lateral/tau_y)^2,False
moderate,2,2.0,3112,True,Proposed,service,2,aware,none,0.2,0.55,2,0.6712699970143313,1.3546277560552205,0.16605098506087992,1.8692697630059145,17.060371008639706,0.47626737032491695,700,492,700,148.53387597674083,0.7028571428571428,0.5784499999919035,1.4740000000017517,2.426628803357182,(gap/tau_g)^2+(speed/tau_v)^2+(lateral/tau_y)^2,False
moderate,2,2.0,3113,True,Proposed,service,2,aware,none,0.2,0.55,2,0.6778510746587714,1.356646424696199,0.16611092329393326,1.9575966695243128,16.626368686349466,0.4466682021590601,700,469,700,148.50235582461048,0.67,0.4477000000093767,1.7239000000017768,2.445703267155411,(gap/tau_g)^2+(speed/tau_v)^2+(lateral/tau_y)^2,False
moderate,2,2.0,3114,True,Proposed,service,2,aware,none,0.2,0.55,2,0.6810130194208331,1.3461699360734385,0.16581928764485707,1.967872981618602,16.998995820631016,0.42747593679354634,700,518,700,148.61820454643495,0.74,0.5123999999909756,4.793400000011161,2.43647474322292,(gap/tau_g)^2+(speed/tau_v)^2+(lateral/tau_y)^2,False
moderate,2,2.0,3115,True,Proposed,service,2,aware,none,0.2,0.55,2,0.6859927930618049,1.3502495250731381,0.16619613897387742,1.8739573466029837,17.375936691355236,0.48264065683811974,700,467,700,148.46238561663642,0.6671428571428571,1.4131499999976427,8.267499999988104,2.457317151987374,(gap/tau_g)^2+(speed/tau_v)^2+(lateral/tau_y)^2,False
moderate,2,2.0,3116,True,Proposed,service,2,aware,none,0.2,0.55,2,0.670547150291241,1.3615031651420788,0.16687122438976307,1.8375569523636683,17.1854292566938,0.46499956165933476,700,497,700,148.22089833669986,0.71,1.2888500000087788,3.1931000000042786,2.4412591957718366,(gap/tau_g)^2+(speed/tau_v)^2+(lateral/tau_y)^2,False
moderate,2,2.0,3117,True,Proposed,service,2,aware,none,0.2,0.55,2,0.6723541640106208,1.3492740505383445,0.16621600004125428,1.8679215221055847,17.140099061621804,0.4127255964391252,700,483,700,148.46684633524532,0.69,1.196100000008471,1.9099000000011301,2.423203580842112,(gap/tau_g)^2+(speed/tau_v)^2+(lateral/tau_y)^2,False
moderate,2,2.0,3118,True,Proposed,service,2,aware,none,0.2,0.55,2,0.679287933146976,1.3524905519402488,0.16644936459550552,1.860654529841534,16.940571920427118,0.4537088935872703,700,530,700,148.3800745244205,0.7571428571428571,1.3160999999968226,1.8632000000025073,2.446239466651167,(gap/tau_g)^2+(speed/tau_v)^2+(lateral/tau_y)^2,False
moderate,2,2.0,3119,True,Proposed,service,2,aware,none,0.2,0.55,2,0.6811121313181883,1.3424881495434335,0.16662523492705442,1.8812964386311462,17.228966796342164,0.4187152421887508,700,470,700,148.3140013921439,0.6714285714285714,1.1679000000057727,1.7629000000027872,2.4383625237710356,(gap/tau_g)^2+(speed/tau_v)^2+(lateral/tau_y)^2,False
moderate,2,2.0,3120,True,Proposed,service,2,aware,none,0.2,0.55,2,0.6616183752572423,1.3435375571270065,0.1657664331148434,1.8390978200064128,17.357399668310954,0.4828216674758541,700,479,700,148.63746389565205,0.6842857142857143,1.3377000000076578,1.8127000000021098,2.386131103947156,(gap/tau_g)^2+(speed/tau_v)^2+(lateral/tau_y)^2,False
moderate,2,2.0,3121,True,Proposed,service,2,aware,none,0.2,0.55,2,0.6840656580727026,1.3612511670570235,0.16722665385816607,1.9575480421186835,17.060153068334998,0.46128182209775437,700,484,700,148.085655941537,0.6914285714285714,1.2869000000037545,2.064300000000685,2.4764331136495645,(gap/tau_g)^2+(speed/tau_v)^2+(lateral/tau_y)^2,False
moderate,2,2.0,3122,True,Proposed,service,2,aware,none,0.2,0.55,2,0.6765238685334392,1.3543495748357346,0.16650978840507516,1.8163537566192798,17.292073281132836,0.4438220055567931,700,504,700,148.3621405659777,0.72,1.198150000000453,1.796299999995199,2.44264750613792,(gap/tau_g)^2+(speed/tau_v)^2+(lateral/tau_y)^2,False
moderate,2,2.0,3123,True,Proposed,service,2,aware,none,0.2,0.55,2,0.6770046869846684,1.3544246603397836,0.16716168631004097,1.8874370832618612,16.942369926867094,0.469792230212973,700,493,700,148.1248930663665,0.7042857142857143,1.1782499999952734,2.3179000000084216,2.449346250216175,(gap/tau_g)^2+(speed/tau_v)^2+(lateral/tau_y)^2,False
moderate,2,2.0,3124,True,Proposed,service,2,aware,none,0.2,0.55,2,0.6829040028942001,1.3372937099382094,0.166542424618819,1.9169403267303533,17.59440909868524,0.43129303163071986,700,514,700,148.34940195684496,0.7342857142857143,1.2024000000039337,1.9709999999975025,2.4349158987562696,(gap/tau_g)^2+(speed/tau_v)^2+(lateral/tau_y)^2,False
moderate,2,2.0,3125,True,Proposed,service,2,aware,none,0.2,0.55,2,0.658344350119402,1.3515264740880908,0.16624110583469504,1.8682976814559473,17.21731490303312,0.4523761027076313,700,485,700,148.4600520793835,0.6928571428571428,1.2830000000079167,2.111099999993371,2.393373170096326,(gap/tau_g)^2+(speed/tau_v)^2+(lateral/tau_y)^2,False
moderate,2,2.0,3126,True,Proposed,service,2,aware,none,0.2,0.55,2,0.6712821521020272,1.351040720967744,0.16587312643507496,1.7773786355265861,17.32975928878392,0.4692655306262785,700,480,700,148.58651535748237,0.6857142857142857,1.1817500000006476,1.9993999999883272,2.4202302276303165,(gap/tau_g)^2+(speed/tau_v)^2+(lateral/tau_y)^2,False
moderate,2,2.0,3127,True,Proposed,service,2,aware,none,0.2,0.55,2,0.6753128796626596,1.362383345509117,0.1661394407431807,1.8104096426681577,17.022733770058494,0.42242579854479745,700,469,700,148.50193324112539,0.67,1.0150499999923568,2.461199999999053,2.447792796893496,(gap/tau_g)^2+(speed/tau_v)^2+(lateral/tau_y)^2,False
moderate,2,2.0,3128,True,Proposed,service,2,aware,none,0.2,0.55,2,0.6864335968890428,1.3477572900566268,0.16583347159787964,1.9204155789348891,17.449377890814382,0.42842285824394544,700,491,700,148.61880971329452,0.7014285714285714,1.1012500000049386,1.6300000000057935,2.4519516014918326,(gap/tau_g)^2+(speed/tau_v)^2+(lateral/tau_y)^2,False
moderate,2,2.0,3129,True,Proposed,service,2,aware,none,0.2,0.55,2,0.6753976213996418,1.3462725545858698,0.1666228377917414,1.8375643651307945,17.14621126170833,0.48067732683464104,700,480,700,148.31021158369018,0.6857142857142857,1.193200000003003,2.6916999999855307,2.4297531055154584,(gap/tau_g)^2+(speed/tau_v)^2+(lateral/tau_y)^2,False
moderate,2,2.0,3130,True,Proposed,service,2,aware,none,0.2,0.55,2,0.6690208877396696,1.3545251880387703,0.1668290599056322,1.8505255396919307,17.30100234312887,0.4822688176328458,700,513,700,148.22205086316725,0.7328571428571429,0.8801999999832333,1.39540000000693,2.427603130262224,(gap/tau_g)^2+(speed/tau_v)^2+(lateral/tau_y)^2,False
moderate,2,2.0,3131,True,Proposed,service,2,aware,none,0.2,0.55,2,0.6877560704581958,1.3551317713908735,0.1674612686281888,1.7329356041099668,17.102515852445393,0.40997512879684217,699,465,699,147.79114991407303,0.6652360515021459,0.8333999999905473,1.958899999976893,2.478915408578942,(gap/tau_g)^2+(speed/tau_v)^2+(lateral/tau_y)^2,False
moderate,2,2.0,3132,True,Proposed,service,2,aware,none,0.2,0.55,2,0.6750191753691867,1.3469002598066484,0.16595196572381252,1.8945491401057812,17.41481385138529,0.4243753803954322,700,505,700,148.56846163570455,0.7214285714285714,0.8891500000061114,2.080599999999322,2.4241291854782436,(gap/tau_g)^2+(speed/tau_v)^2+(lateral/tau_y)^2,False
moderate,2,2.0,3133,True,Proposed,service,2,aware,none,0.2,0.55,2,0.6688369808248879,1.3602817107033378,0.16585842893123556,1.9627138874807404,16.958728531674858,0.4453868417265695,700,475,700,148.5967813625281,0.6785714285714286,0.9804500000143435,1.9096000000047297,2.4270661954993447,(gap/tau_g)^2+(speed/tau_v)^2+(lateral/tau_y)^2,False
moderate,2,2.0,3134,True,Proposed,service,2,aware,none,0.2,0.55,2,0.6845657829978588,1.3569995017598175,0.16663720151885744,1.9088116857062651,17.172463057076328,0.45642270753270575,700,501,700,148.30766414032016,0.7157142857142857,0.9770499999888216,1.7409000000156993,2.466833582595221,(gap/tau_g)^2+(speed/tau_v)^2+(lateral/tau_y)^2,False
moderate,2,2.0,3135,True,Proposed,service,2,aware,none,0.2,0.55,2,0.6777030299810887,1.3545684588953515,0.16708305898829517,1.861711722129828,16.962981370554083,0.40495963971653637,700,479,700,148.15248454828392,0.6842857142857143,0.9256499999992229,1.977199999998902,2.4505698484452565,(gap/tau_g)^2+(speed/tau_v)^2+(lateral/tau_y)^2,False
moderate,2,2.0,3136,True,Proposed,service,2,aware,none,0.2,0.55,2,0.6805784535666718,1.351495565871793,0.16581872688747404,1.8401430736369226,16.908622841239065,0.41214599088799597,700,494,700,148.6176803782123,0.7057142857142857,0.914949999994974,1.4833999999837033,2.442748164398165,(gap/tau_g)^2+(speed/tau_v)^2+(lateral/tau_y)^2,False
moderate,2,2.0,3137,True,Proposed,service,2,aware,none,0.2,0.55,2,0.684213699215838,1.3550155003623985,0.1666688607874553,1.8673374447773126,17.405350839689007,0.4451090866803973,699,505,699,148.08730631843892,0.7224606580829757,0.9445999999968535,1.8872999999928197,2.463495407309725,(gap/tau_g)^2+(speed/tau_v)^2+(lateral/tau_y)^2,False
moderate,2,2.0,3138,True,Proposed,service,2,aware,none,0.2,0.55,2,0.6745273352322566,1.361569760447778,0.1666524172119194,1.8903575747298773,17.09828045938378,0.43375243511756856,700,494,700,148.30314481733538,0.7057142857142857,0.8871999999939817,1.7916999999840755,2.449044875475104,(gap/tau_g)^2+(speed/tau_v)^2+(lateral/tau_y)^2,False
moderate,2,2.0,3139,True,Proposed,service,2,aware,none,0.2,0.55,2,0.685485779852676,1.3345249070104432,0.16578250085140925,1.793290581603944,17.242968378945918,0.48386191852436156,700,487,700,148.61915720342645,0.6957142857142857,0.8890499999836265,1.4227000000062162,2.431108672380646,(gap/tau_g)^2+(speed/tau_v)^2+(lateral/tau_y)^2,False
moderate,2,2.0,3140,True,Proposed,service,2,aware,none,0.2,0.55,2,0.6809069220109877,1.342224718181414,0.16569788861886378,1.8807717138295477,17.021894951127067,0.4414329283064242,700,502,700,148.664771902143,0.7171428571428572,0.7985499999989543,1.4630000000011023,2.4298003356470037,(gap/tau_g)^2+(speed/tau_v)^2+(lateral/tau_y)^2,False
moderate,2,2.0,3141,True,Proposed,service,2,aware,none,0.2,0.55,2,0.6804672890903666,1.361809897163619,0.166816332528745,1.82331157974332,17.135222431902925,0.4604721182332865,700,483,700,148.24236218935778,0.69,0.7139000000080387,1.5266000000053737,2.4650536884757974,(gap/tau_g)^2+(speed/tau_v)^2+(lateral/tau_y)^2,False
moderate,2,2.0,3142,True,Proposed,service,2,aware,none,0.2,0.55,2,0.6726701353118911,1.3453986315837017,0.16647594414460112,1.829426971071809,17.067133798062876,0.4241888680270881,700,497,700,148.3710016226798,0.71,0.9181000000069162,1.8388999999956468,2.42079309583714,(gap/tau_g)^2+(speed/tau_v)^2+(lateral/tau_y)^2,False
moderate,2,2.0,3143,True,Proposed,service,2,aware,none,0.2,0.55,2,0.6768442093258652,1.3382434527031508,0.16618284715788073,1.9124349074237426,16.804273691460203,0.43070352470668893,700,465,700,148.4748240567119,0.6642857142857143,0.8170499999948788,1.32619999999406,2.4185728296577573,(gap/tau_g)^2+(speed/tau_v)^2+(lateral/tau_y)^2,False
moderate,2,2.0,3144,True,Proposed,service,2,aware,none,0.2,0.55,2,0.6764218448001874,1.3531161634606694,0.16663063552297896,1.8954442829017102,16.9239606628121,0.4061833448937109,700,498,700,148.30721289893384,0.7114285714285714,0.9165499999994609,1.7023999999992157,2.4417048061759465,(gap/tau_g)^2+(speed/tau_v)^2+(lateral/tau_y)^2,False
moderate,2,2.0,3145,True,Proposed,service,2,aware,none,0.2,0.55,2,0.687700297520166,1.3687385701848778,0.16682453231325772,1.9260790741656582,17.16319933228406,0.4055637434492746,700,475,700,148.2420445107587,0.6785714285714286,0.945000000001528,1.906399999995756,2.492367505060545,(gap/tau_g)^2+(speed/tau_v)^2+(lateral/tau_y)^2,False
moderate,2,2.0,3146,True,Proposed,service,2,aware,none,0.2,0.55,2,0.6739205353635791,1.3548821376037399,0.16644588607067726,1.8037427995549853,17.12547005168954,0.4502604087305587,700,486,700,148.36723166583351,0.6942857142857143,0.8538999999956332,2.1492999999850326,2.4366016744277474,(gap/tau_g)^2+(speed/tau_v)^2+(lateral/tau_y)^2,False
moderate,2,2.0,3147,True,Proposed,service,2,aware,none,0.2,0.55,2,0.6678030169866571,1.3554543865987385,0.16647769080474584,1.8213356017892863,17.299368231608483,0.46213208076722867,700,519,700,148.3651820756976,0.7414285714285714,0.7752999999866006,1.6672000000141907,2.4230656752830297,(gap/tau_g)^2+(speed/tau_v)^2+(lateral/tau_y)^2,False
moderate,2,2.0,3148,True,Proposed,service,2,aware,none,0.2,0.55,2,0.6839298426715816,1.3352180707875043,0.16637226350892165,1.8971582459889094,17.412012322321857,0.43346377302726136,700,448,700,148.4186778502091,0.64,0.8677999999946451,1.5140000000144482,2.4331621972227655,(gap/tau_g)^2+(speed/tau_v)^2+(lateral/tau_y)^2,False
moderate,2,2.0,3149,True,Proposed,service,2,aware,none,0.2,0.55,2,0.6709950713678536,1.3566234502280112,0.1661420422037303,1.7782989673326197,17.057783172123344,0.4510334924558552,700,496,700,148.49311585926216,0.7085714285714285,0.9412000000139642,2.2835000000043237,2.4294896026534327,(gap/tau_g)^2+(speed/tau_v)^2+(lateral/tau_y)^2,False
moderate,2,2.0,3150,True,Proposed,service,2,aware,none,0.2,0.55,2,0.6746262000653299,1.3576685275369083,0.16598196014089858,1.820058040571462,17.349286508558258,0.4351872677169507,700,524,700,148.54708708703646,0.7485714285714286,0.9185999999914429,2.7664000000129363,2.438294135795369,(gap/tau_g)^2+(speed/tau_v)^2+(lateral/tau_y)^2,False
moderate,2,2.2,3101,True,Proposed,service,2,aware,none,0.2,0.55,2,0.6843118603270477,1.3980390369569164,0.1655954751751715,1.743204459940345,22.356835754663777,0.46954775576228747,700,485,700,148.726549925182,0.6928571428571428,0.972200000006751,1.817100000010896,2.5152497383294676,(gap/tau_g)^2+(speed/tau_v)^2+(lateral/tau_y)^2,False
moderate,2,2.2,3102,False,Proposed,service,2,aware,none,0.2,0.55,2,0.6827920685265294,1.4259193353392228,0.16597094928786618,1.9015089392738689,22.64532108041778,0.4787028637162396,700,511,700,148.5740837148841,0.73,0.7688500000000431,1.9522000000051776,2.5548381879065074,(gap/tau_g)^2+(speed/tau_v)^2+(lateral/tau_y)^2,False
moderate,2,2.2,3103,False,Proposed,service,2,aware,none,0.2,0.55,2,0.6814147653025083,1.4040584969460141,0.16591485778886572,1.7531010901821868,22.69934521631449,0.4657115674534519,700,520,700,148.59058319140652,0.7428571428571429,0.9573000000102638,2.26390000000265,2.519468348315763,(gap/tau_g)^2+(speed/tau_v)^2+(lateral/tau_y)^2,False
moderate,2,2.2,3104,False,Proposed,service,2,aware,none,0.2,0.55,2,0.6913070000013601,1.4124355353807734,0.166008722681302,1.794168399500754,22.45062209858998,0.44899348832022723,700,515,700,148.55400952622466,0.7357142857142858,0.894200000018941,2.3340999999845735,2.5564258935132265,(gap/tau_g)^2+(speed/tau_v)^2+(lateral/tau_y)^2,False
moderate,2,2.2,3105,True,Proposed,service,2,aware,none,0.2,0.55,2,0.6847805899959148,1.3987564404389647,0.16548884454913507,1.8896147421205913,22.299694714233446,0.41756024020340454,700,482,700,148.75587380658504,0.6885714285714286,0.9053999999935058,1.239500000025373,2.516531695203707,(gap/tau_g)^2+(speed/tau_v)^2+(lateral/tau_y)^2,False
moderate,2,2.2,3106,False,Proposed,service,2,aware,none,0.2,0.55,2,0.6834111252790326,1.4108801024038444,0.16622198551270462,1.753006215720865,22.629664404406128,0.46947132424453086,700,496,700,148.47853838438522,0.7085714285714285,0.7743999999973994,1.3438999999948464,2.5366595845323636,(gap/tau_g)^2+(speed/tau_v)^2+(lateral/tau_y)^2,False
moderate,2,2.2,3107,False,Proposed,service,2,aware,none,0.2,0.55,2,0.6895421088070705,1.4197988457940214,0.16626761172459315,1.7715955138635449,22.591907843108892,0.46644025759250163,700,491,700,148.4558601298239,0.7014285714285714,0.7323499999927208,1.8722000000082062,2.5648840432341617,(gap/tau_g)^2+(speed/tau_v)^2+(lateral/tau_y)^2,False
moderate,2,2.2,3108,False,Proposed,service,2,aware,none,0.2,0.55,2,0.695397751233295,1.4145139520495458,0.1664448412221469,1.7186117736694482,22.588489669852684,0.4416403186612282,700,472,700,148.3948006123572,0.6742857142857143,0.49399999998911426,1.027200000009998,2.5731331032494973,(gap/tau_g)^2+(speed/tau_v)^2+(lateral/tau_y)^2,False
moderate,2,2.2,3109,False,Proposed,service,2,aware,none,0.2,0.55,2,0.6945456748411334,1.4150359790748657,0.16635451130974271,1.7858139501315033,22.565814691226336,0.4857065273160518,700,474,700,148.42462040037069,0.6771428571428572,0.4580999999888036,0.939099999982318,2.5710296933299723,(gap/tau_g)^2+(speed/tau_v)^2+(lateral/tau_y)^2,False
moderate,2,2.2,3110,False,Proposed,service,2,aware,none,0.2,0.55,2,0.689545287406006,1.4050605348044605,0.16487896538693517,1.8502151779564944,22.72624826991907,0.46119000489574413,700,508,700,148.98135387943427,0.7257142857142858,0.4560499999968215,3.4192000000246026,2.5321540379500056,(gap/tau_g)^2+(speed/tau_v)^2+(lateral/tau_y)^2,False
moderate,2,2.2,3111,False,Proposed,service,2,aware,none,0.2,0.55,2,0.6857549432576838,1.4082163353076822,0.16598940429560205,1.8353540740674508,22.673984227851,0.4434604709102523,700,497,700,148.5625597360659,0.71,1.46844999999729,70.57129999999745,2.5366016205187387,(gap/tau_g)^2+(speed/tau_v)^2+(lateral/tau_y)^2,False
moderate,2,2.2,3112,False,Proposed,service,2,aware,none,0.2,0.55,2,0.683791182930203,1.412149628383736,0.1654503558791677,1.8299106144806077,22.616577463006728,0.4604516160811116,700,484,700,148.76895376504712,0.6914285714285714,1.2352500000076816,1.8757999999934327,2.533013665890662,(gap/tau_g)^2+(speed/tau_v)^2+(lateral/tau_y)^2,False
moderate,2,2.2,3113,False,Proposed,service,2,aware,none,0.2,0.55,2,0.691516894021834,1.4110797467840093,0.16548980736586286,1.8436096998235667,22.747878101960985,0.4737598627639208,700,462,700,148.74546719538066,0.66,1.1339499999962754,1.8543000000050824,2.5506882885724522,(gap/tau_g)^2+(speed/tau_v)^2+(lateral/tau_y)^2,False
moderate,2,2.2,3114,False,Proposed,service,2,aware,none,0.2,0.55,2,0.6833864934046199,1.4090014434062756,0.16522138531112324,1.8795874428450858,22.518186358450386,0.43518996060714477,700,521,700,148.85168342026637,0.7442857142857143,1.173500000007266,1.878599999997732,2.5256058198551434,(gap/tau_g)^2+(speed/tau_v)^2+(lateral/tau_y)^2,False
moderate,2,2.2,3115,False,Proposed,service,2,aware,none,0.2,0.55,2,0.6935117034249246,1.4100078245906615,0.16561063932969966,1.782097416847011,22.659314658007503,0.4510570274865896,700,483,700,148.69279466346123,0.69,1.2527499999990255,2.4824000000052138,2.5550573917673822,(gap/tau_g)^2+(speed/tau_v)^2+(lateral/tau_y)^2,False
moderate,2,2.2,3116,False,Proposed,service,2,aware,none,0.2,0.55,2,0.6835834668760195,1.4148435648475575,0.16624466093532722,1.7735576464958431,22.747702724500392,0.48581083683163073,700,495,700,148.4679062353378,0.7071428571428572,1.1765499999967233,1.892600000005018,2.542980988752022,(gap/tau_g)^2+(speed/tau_v)^2+(lateral/tau_y)^2,False
moderate,2,2.2,3117,False,Proposed,service,2,aware,none,0.2,0.55,2,0.6835059138931495,1.4062592335070887,0.16562932500828687,1.8012223384855939,22.78139422498937,0.4452088114263091,700,487,700,148.69732833454083,0.6957142857142857,1.2687500000083674,2.602500000008945,2.5253314000792746,(gap/tau_g)^2+(speed/tau_v)^2+(lateral/tau_y)^2,False
moderate,2,2.2,3118,False,Proposed,service,2,aware,none,0.2,0.55,2,0.6891468775962118,1.4114850951899576,0.165827502469746,1.8438035700511324,22.306481436119476,0.46301482349199596,700,525,700,148.62550129811072,0.75,1.2723000000036677,2.179399999988618,2.5482518931941414,(gap/tau_g)^2+(speed/tau_v)^2+(lateral/tau_y)^2,False
moderate,2,2.2,3119,False,Proposed,service,2,aware,none,0.2,0.55,2,0.68386285819975,1.407190593524736,0.16601272249139373,1.7851858651588988,22.505091058844584,0.48251571502340984,700,468,700,148.55540760301085,0.6685714285714286,1.2434499999969262,2.12829999999542,2.53071476168297,(gap/tau_g)^2+(speed/tau_v)^2+(lateral/tau_y)^2,False
moderate,2,2.2,3120,True,Proposed,service,2,aware,none,0.2,0.55,2,0.6734836291561397,1.3998012349652569,0.16516839056129054,1.8013984088862784,22.575994907712065,0.40679096230664435,700,483,700,148.87102128620973,0.69,1.2759999999971683,2.479300000004514,2.488095798884805,(gap/tau_g)^2+(speed/tau_v)^2+(lateral/tau_y)^2,False
moderate,2,2.2,3121,False,Proposed,service,2,aware,none,0.2,0.55,2,0.695030843523629,1.4219632899614976,0.16661493997825255,1.8592723210031394,22.729908890274515,0.42966272061658317,700,479,700,148.32825835838358,0.6842857142857143,1.1965999999858923,1.8644000000165306,2.58442303005181,(gap/tau_g)^2+(speed/tau_v)^2+(lateral/tau_y)^2,False
moderate,2,2.2,3122,False,Proposed,service,2,aware,none,0.2,0.55,2,0.6872303825400861,1.4095742331387102,0.1659123499142815,1.7796506153204745,22.55890570400865,0.4505125267589287,700,505,700,148.6000447009141,0.7214285714285714,1.1368000000118172,2.0447999999930744,2.5415157827100394,(gap/tau_g)^2+(speed/tau_v)^2+(lateral/tau_y)^2,False
moderate,2,2.2,3123,False,Proposed,service,2,aware,none,0.2,0.55,2,0.6815797598210807,1.4169503473724459,0.16655793010726933,1.9256106925158734,22.618919805908718,0.3665294670775757,700,506,700,148.3667290172396,0.7228571428571429,0.9719000000103506,2.030600000011873,2.543768362246792,(gap/tau_g)^2+(speed/tau_v)^2+(lateral/tau_y)^2,False
moderate,2,2.2,3124,True,Proposed,service,2,aware,none,0.2,0.55,2,0.6907031269163828,1.3995380549857448,0.1659568578145985,1.8488744325419766,22.616610298337854,0.4430524509254924,700,530,700,148.5808482031308,0.7571428571428571,1.2283000000081756,1.6506999999990057,2.5360080374300824,(gap/tau_g)^2+(speed/tau_v)^2+(lateral/tau_y)^2,False
moderate,2,2.2,3125,False,Proposed,service,2,aware,none,0.2,0.55,2,0.6665442518658039,1.4092459796311299,0.1656199053032579,1.8129485209049216,22.12530367894589,0.4618688046812307,700,484,700,148.70440973343463,0.6914285714285714,0.9663499999987835,2.190899999988005,2.488834299558256,(gap/tau_g)^2+(speed/tau_v)^2+(lateral/tau_y)^2,False
moderate,2,2.2,3126,False,Proposed,service,2,aware,none,0.2,0.55,2,0.6854699459229484,1.4073023134293974,0.16527394847906343,1.728119268013746,22.609457275092403,0.47272712127189076,700,479,700,148.82225496194965,0.6842857142857143,0.9167500000017981,1.3538999999980206,2.5286687832871153,(gap/tau_g)^2+(speed/tau_v)^2+(lateral/tau_y)^2,False
moderate,2,2.2,3127,False,Proposed,service,2,aware,none,0.2,0.55,2,0.687065915790699,1.4174548640267297,0.16550649154719094,1.7726636081170155,22.716982958773634,0.45315212798577753,700,492,700,148.74572381846144,0.7028571428571428,1.0086999999998625,2.0367999999848507,2.549117951713588,(gap/tau_g)^2+(speed/tau_v)^2+(lateral/tau_y)^2,False
moderate,2,2.2,3128,False,Proposed,service,2,aware,none,0.2,0.55,2,0.6987180763335891,1.4034586738544337,0.16519870910052575,1.8205648472094114,22.776203193560164,0.444103101005902,700,488,700,148.86662505256893,0.6971428571428572,0.7291000000009262,1.8550000000061573,2.5551358701530558,(gap/tau_g)^2+(speed/tau_v)^2+(lateral/tau_y)^2,False
moderate,2,2.2,3129,False,Proposed,service,2,aware,none,0.2,0.55,2,0.6880779563410887,1.4038884608701871,0.16599786053452664,1.8139316937302559,22.593639962539527,0.49228833981036535,700,476,700,148.55966629952113,0.68,1.030049999997118,2.0953000000076827,2.5361360547845346,(gap/tau_g)^2+(speed/tau_v)^2+(lateral/tau_y)^2,False
moderate,2,2.2,3130,False,Proposed,service,2,aware,none,0.2,0.55,2,0.681635492822104,1.4118613548504897,0.16620979845091646,1.8617214221973333,22.596736371120024,0.45141135945273814,700,517,700,148.46843397545913,0.7385714285714285,0.9057000000041171,1.7256000000145377,2.53366245958116,(gap/tau_g)^2+(speed/tau_v)^2+(lateral/tau_y)^2,False
moderate,2,2.2,3131,False,Proposed,service,2,aware,none,0.2,0.55,2,0.7003201616647861,1.4151978353830013,0.16681947223701749,1.661269964101531,22.473891456973064,0.4856716029973237,699,456,699,148.04501302923086,0.6523605150214592,0.9082499999948368,1.493899999985615,2.589455585469648,(gap/tau_g)^2+(speed/tau_v)^2+(lateral/tau_y)^2,False
moderate,2,2.2,3132,False,Proposed,service,2,aware,none,0.2,0.55,2,0.6852820490725173,1.4026782266041138,0.16535256334781553,1.8819678033567682,22.64519883948671,0.4382744553430292,700,506,700,148.80483641505154,0.7228571428571429,0.9234499999877244,1.8239000000050964,2.5222313181784104,(gap/tau_g)^2+(speed/tau_v)^2+(lateral/tau_y)^2,False
moderate,2,2.2,3133,False,Proposed,service,2,aware,none,0.2,0.55,2,0.6907998490115408,1.4129763814510667,0.16525923438100446,1.9653791823247604,22.80985502642227,0.398367851563188,700,480,700,148.83819460495232,0.6857142857142857,0.956600000009189,1.4270000000067284,2.549752396549244,(gap/tau_g)^2+(speed/tau_v)^2+(lateral/tau_y)^2,False
moderate,2,2.2,3134,False,Proposed,service,2,aware,none,0.2,0.55,2,0.6922338739127917,1.4172691121156982,0.16600041956029976,1.7912685129457124,22.582236688322524,0.458230520840034,700,487,700,148.55611079831337,0.6957142857142857,0.8365000000054579,1.4780000000200744,2.565615105507147,(gap/tau_g)^2+(speed/tau_v)^2+(lateral/tau_y)^2,False
moderate,2,2.2,3135,False,Proposed,service,2,aware,none,0.2,0.55,2,0.6844519450648996,1.4137502085283358,0.16643872505792187,1.7844706288988925,22.31599321009078,0.4555242491948116,700,470,700,148.40750351371656,0.6714285714285714,0.9914000000037504,1.7948999999930493,2.545129341914794,(gap/tau_g)^2+(speed/tau_v)^2+(lateral/tau_y)^2,False
moderate,2,2.2,3136,False,Proposed,service,2,aware,none,0.2,0.55,2,0.6881037930235452,1.4093336023400882,0.16519751669446167,1.8169313723480136,22.1388624050767,0.4174299174407302,700,467,700,148.8569072728414,0.6671428571428571,0.8370999999982587,1.5456999999798882,2.5373880170827094,(gap/tau_g)^2+(speed/tau_v)^2+(lateral/tau_y)^2,False
moderate,2,2.2,3137,False,Proposed,service,2,aware,none,0.2,0.55,2,0.6840988495061304,1.41811862832392,0.1660473376144362,1.8229433170497173,22.72392309429395,0.4473323429438646,699,502,699,148.33405057490342,0.7181688125894135,0.9744500000010703,2.014000000002625,2.547328624529466,(gap/tau_g)^2+(speed/tau_v)^2+(lateral/tau_y)^2,False
moderate,2,2.2,3138,False,Proposed,service,2,aware,none,0.2,0.55,2,0.693986745739352,1.4130295242818078,0.1660359612534564,1.7818581979589516,22.71507387285228,0.45500580748289354,700,489,700,148.54994629687178,0.6985714285714286,0.9055999999958431,1.2830999999948745,2.564107805899612,(gap/tau_g)^2+(speed/tau_v)^2+(lateral/tau_y)^2,False
moderate,2,2.2,3139,True,Proposed,service,2,aware,none,0.2,0.55,2,0.6887766753633248,1.3954298467584745,0.16519643439934123,1.7502120291310235,22.54587520930675,0.4807425610364955,700,502,700,148.8544544274071,0.7171428571428572,0.8266500000075894,1.3455999999791857,2.5191298517641885,(gap/tau_g)^2+(speed/tau_v)^2+(lateral/tau_y)^2,False
moderate,2,2.2,3140,False,Proposed,service,2,aware,none,0.2,0.55,2,0.6845995970488068,1.402399298558107,0.1651028955191568,1.7502418982067443,22.481305708542948,0.4497284575315815,700,495,700,148.89985202202584,0.7071428571428572,1.0208500000032927,1.9253000000105658,2.5181075183102664,(gap/tau_g)^2+(speed/tau_v)^2+(lateral/tau_y)^2,False
moderate,2,2.2,3141,False,Proposed,service,2,aware,none,0.2,0.55,2,0.6883483943514199,1.4206132770393352,0.1662070279367376,1.7728160307649357,22.651610137890337,0.4809312689257319,700,469,700,148.48515191283147,0.67,0.6754500000170083,1.9340999999997166,2.56263664163272,(gap/tau_g)^2+(speed/tau_v)^2+(lateral/tau_y)^2,False
moderate,2,2.2,3142,True,Proposed,service,2,aware,none,0.2,0.55,2,0.6912927760327775,1.3974529046696365,0.16587346732124908,1.7617034801765254,22.72115191913094,0.4327849448954363,700,511,700,148.60879308568795,0.73,0.8389500000163252,1.7083000000184256,2.5337893631429935,(gap/tau_g)^2+(speed/tau_v)^2+(lateral/tau_y)^2,False
moderate,2,2.2,3143,False,Proposed,service,2,aware,none,0.2,0.55,2,0.6793335625070569,1.401148782885611,0.16557772982816762,1.8435626396968956,22.12266494756981,0.4312349087300248,700,470,700,148.714201315632,0.6714285714285714,0.7504999999952133,1.835900000003221,2.5074753433657175,(gap/tau_g)^2+(speed/tau_v)^2+(lateral/tau_y)^2,False
moderate,2,2.2,3144,False,Proposed,service,2,aware,none,0.2,0.55,2,0.6915512809370802,1.4084693316169963,0.16601447034398623,1.8297385953276804,22.91213125250882,0.4243882221893758,700,478,700,148.5504836444686,0.6828571428571428,0.9788499999956457,2.018099999986589,2.551365838386202,(gap/tau_g)^2+(speed/tau_v)^2+(lateral/tau_y)^2,False
moderate,2,2.2,3145,False,Proposed,service,2,aware,none,0.2,0.55,2,0.6897877685206888,1.4270185050165973,0.16619743508919374,1.883597910806714,22.210643693123764,0.3937076403495031,700,487,700,148.49470319924902,0.6957142857142857,0.9770500000172433,1.596499999976686,2.5753894043598526,(gap/tau_g)^2+(speed/tau_v)^2+(lateral/tau_y)^2,False
moderate,2,2.2,3146,False,Proposed,service,2,aware,none,0.2,0.55,2,0.6783998395496941,1.4141640789554477,0.16584010423824352,1.7102153186271476,22.57769010676286,0.4778864392468051,700,476,700,148.61335858001462,0.68,0.964000000010401,2.9988000000003012,2.526090424663069,(gap/tau_g)^2+(speed/tau_v)^2+(lateral/tau_y)^2,False
moderate,2,2.2,3147,False,Proposed,service,2,aware,none,0.2,0.55,2,0.6848902143645457,1.4078243297481947,0.16586001073018836,1.746867596540631,22.883121156950452,0.4378092593202205,700,499,700,148.6089216971111,0.7128571428571429,0.912449999987075,2.3245000000144955,2.532857837865496,(gap/tau_g)^2+(speed/tau_v)^2+(lateral/tau_y)^2,False
moderate,2,2.2,3148,True,Proposed,service,2,aware,none,0.2,0.55,2,0.6920512015763103,1.3977735667714148,0.16578380042998744,1.8532137924340064,22.401118496298366,0.4650402888651419,700,444,700,148.647685756563,0.6342857142857142,1.0775500000050897,2.605799999997771,2.5353683833837946,(gap/tau_g)^2+(speed/tau_v)^2+(lateral/tau_y)^2,False
moderate,2,2.2,3149,False,Proposed,service,2,aware,none,0.2,0.55,2,0.6808780943765974,1.41466883258201,0.16553605287938225,1.7573356061656131,22.141878123818294,0.4872119942837563,700,503,700,148.73278277062198,0.7185714285714285,0.9580499999941594,1.9286000000136028,2.530288730443701,(gap/tau_g)^2+(speed/tau_v)^2+(lateral/tau_y)^2,False
moderate,2,2.2,3150,False,Proposed,service,2,aware,none,0.2,0.55,2,0.6856923950390069,1.4154365644719942,0.16537669012114894,1.772504868723748,22.609637219129695,0.4704036014668539,700,540,700,148.78755435323095,0.7714285714285715,0.8391999999872723,1.8322999999895728,2.5417750477600345,(gap/tau_g)^2+(speed/tau_v)^2+(lateral/tau_y)^2,False
moderate,2,2.4,3101,False,Proposed,service,2,aware,none,0.2,0.55,2,0.6919446001674532,1.44921086600113,0.16499993588890305,1.7160975878261242,28.108824826505668,0.4888848226903999,700,470,700,148.96225209429403,0.6714285714285714,0.8732499999979382,1.2861999999813634,2.603338749237852,(gap/tau_g)^2+(speed/tau_v)^2+(lateral/tau_y)^2,False
moderate,2,2.4,3102,False,Proposed,service,2,aware,none,0.2,0.55,2,0.6922205193028143,1.4717829640344706,0.16535909174860547,1.8181812987388408,28.093352740105097,0.4683940239757608,700,509,700,148.81451530198447,0.7271428571428571,0.9091499999982489,1.802900000001273,2.6406232382909622,(gap/tau_g)^2+(speed/tau_v)^2+(lateral/tau_y)^2,False
moderate,2,2.4,3103,False,Proposed,service,2,aware,none,0.2,0.55,2,0.6911763131266615,1.4534583572091904,0.1653256423487429,1.7085790529491567,28.195821213691644,0.46685787096622955,700,521,700,148.82401957235362,0.7442857142857143,0.5854999999996835,1.463700000016388,2.6104296894765353,(gap/tau_g)^2+(speed/tau_v)^2+(lateral/tau_y)^2,False
moderate,2,2.4,3104,False,Proposed,service,2,aware,none,0.2,0.55,2,0.6964129773546301,1.4623606688949775,0.16540951902847903,1.7634186226649755,27.79918412117499,0.4539646580818185,700,511,700,148.7947945610238,0.73,0.427299999998354,0.7097999999814419,2.637284787661143,(gap/tau_g)^2+(speed/tau_v)^2+(lateral/tau_y)^2,False
moderate,2,2.4,3105,False,Proposed,service,2,aware,none,0.2,0.55,2,0.6801301044526084,1.4540530860858565,0.16489214894131932,1.8074532268413315,28.155682734337745,0.46497189895211066,700,462,700,148.99225237771915,0.66,0.5745999999930973,3.4850000000119508,2.580803933853551,(gap/tau_g)^2+(speed/tau_v)^2+(lateral/tau_y)^2,False
moderate,2,2.4,3106,False,Proposed,service,2,aware,none,0.2,0.55,2,0.6944888801099685,1.4614483647617365,0.165586982176547,1.6974004493454489,28.140603525307938,0.4649619547867496,700,484,700,148.72190744075718,0.6914285714285714,0.44650000000956425,1.4134000000183278,2.632634616767576,(gap/tau_g)^2+(speed/tau_v)^2+(lateral/tau_y)^2,False
moderate,2,2.4,3107,False,Proposed,service,2,aware,none,0.2,0.55,2,0.7098462415843539,1.4642085615999305,0.16567510741843722,1.711858629874131,27.871082259755475,0.46464635411457256,699,488,699,148.47833222435165,0.698140200286123,1.4179499999968925,6.652000000002545,2.6758256507138887,(gap/tau_g)^2+(speed/tau_v)^2+(lateral/tau_y)^2,False
moderate,2,2.4,3108,False,Proposed,service,2,aware,none,0.2,0.55,2,0.6963518628943324,1.4662101115153767,0.16582960570422742,1.760081099214616,27.908743939131163,0.44750986179625707,700,478,700,148.63912561490275,0.6828571428571428,1.2873000000013235,1.6695999999996047,2.646363912142797,(gap/tau_g)^2+(speed/tau_v)^2+(lateral/tau_y)^2,False
moderate,2,2.4,3109,False,Proposed,service,2,aware,none,0.2,0.55,2,0.7072923444343132,1.464321715458984,0.16576624195141856,1.7393969961814197,28.209791633954907,0.4787112207828723,700,471,700,148.6563105937913,0.6728571428571428,1.1432499999983747,1.9958999999971638,2.6703156832480195,(gap/tau_g)^2+(speed/tau_v)^2+(lateral/tau_y)^2,False
moderate,2,2.4,3110,False,Proposed,service,2,aware,none,0.2,0.55,2,0.6882486267134155,1.455887499206849,0.16428121763642317,1.8267090346437274,27.983422971755587,0.47272886163533157,700,499,700,149.21773603022444,0.7128571428571429,1.1626000000006798,2.0041000000077247,2.598249574654073,(gap/tau_g)^2+(speed/tau_v)^2+(lateral/tau_y)^2,False
moderate,2,2.4,3111,False,Proposed,service,2,aware,none,0.2,0.55,2,0.6915455510759718,1.4595470881889643,0.16538966560650462,1.7980973650068506,27.957253235789345,0.4720973287628828,700,505,700,148.80243016095676,0.7214285714285714,1.2717999999978247,2.0506000000040103,2.620915914735031,(gap/tau_g)^2+(speed/tau_v)^2+(lateral/tau_y)^2,False
moderate,2,2.4,3112,False,Proposed,service,2,aware,none,0.2,0.55,2,0.6785905593747052,1.467181492293957,0.16485261001750162,1.7921558554587795,28.17024628770745,0.4439290232288342,700,478,700,149.00798742184116,0.6828571428571428,1.3413500000041267,2.47579999999914,2.5963261290521547,(gap/tau_g)^2+(speed/tau_v)^2+(lateral/tau_y)^2,False
moderate,2,2.4,3113,False,Proposed,service,2,aware,none,0.2,0.55,2,0.6954221818188699,1.463164772836505,0.16493004636785685,1.8090965918126463,28.056658769452177,0.4784365908663968,700,461,700,148.9741911787664,0.6585714285714286,1.2815999999986616,1.9269000000008418,2.6320736871918715,(gap/tau_g)^2+(speed/tau_v)^2+(lateral/tau_y)^2,False
moderate,2,2.4,3114,False,Proposed,service,2,aware,none,0.2,0.55,2,0.7011709291670679,1.4523522623422325,0.16462373511100065,1.886775143480804,28.008231269131095,0.40617047350737046,700,508,700,149.08889132115104,0.7257142857142858,1.279600000003711,1.6973999999976286,2.62773950804073,(gap/tau_g)^2+(speed/tau_v)^2+(lateral/tau_y)^2,False
moderate,2,2.4,3115,False,Proposed,service,2,aware,none,0.2,0.55,2,0.6958270176000717,1.4598520589661805,0.16503308689651602,1.8016779105788494,27.924185023547302,0.4591425114043072,700,466,700,148.92906432383884,0.6657142857142857,1.2523000000044249,1.8495999999998958,2.6289846033085156,(gap/tau_g)^2+(speed/tau_v)^2+(lateral/tau_y)^2,False
moderate,2,2.4,3116,False,Proposed,service,2,aware,none,0.2,0.55,2,0.6888273644261488,1.4681353172772686,0.16561975540682844,1.7496890071771953,28.07987660529352,0.46870734365344346,700,496,700,148.7146329646052,0.7085714285714285,1.2748499999943874,2.132599999995932,2.6289779130773447,(gap/tau_g)^2+(speed/tau_v)^2+(lateral/tau_y)^2,False
moderate,2,2.4,3117,False,Proposed,service,2,aware,none,0.2,0.55,2,0.6911235840023489,1.4559064669969881,0.16501599506166567,1.7078042022542963,27.807919200351265,0.49236716287509474,700,484,700,148.93922972060003,0.6914285714285714,1.1721500000021479,1.9882999999936146,2.611376777224849,(gap/tau_g)^2+(speed/tau_v)^2+(lateral/tau_y)^2,False
moderate,2,2.4,3118,False,Proposed,service,2,aware,none,0.2,0.55,2,0.6946521039248149,1.4630239775378013,0.1652052536992645,1.794657554568443,27.784183732464705,0.47853061746361747,700,520,700,148.8680384764522,0.7428571428571429,1.1186499999951138,2.142300000002706,2.6322318279995,(gap/tau_g)^2+(speed/tau_v)^2+(lateral/tau_y)^2,False
moderate,2,2.4,3119,False,Proposed,service,2,aware,none,0.2,0.55,2,0.6921474479505149,1.4589572801180948,0.16541943422483485,1.7390635741720197,27.696881792023568,0.45937089729865677,700,467,700,148.79088225355636,0.6671428571428571,1.1647000000039043,1.9909000000097876,2.6217644697115787,(gap/tau_g)^2+(speed/tau_v)^2+(lateral/tau_y)^2,False
moderate,2,2.4,3120,False,Proposed,service,2,aware,none,0.2,0.55,2,0.6827983847637745,1.4470232560197795,0.16459369017193415,1.7661608397216642,27.866325233952637,0.46839785329445194,700,487,700,149.09818396047754,0.6957142857142857,1.1678999999986672,1.9561000000010154,2.574405546212426,(gap/tau_g)^2+(speed/tau_v)^2+(lateral/tau_y)^2,False
moderate,2,2.4,3121,False,Proposed,service,2,aware,none,0.2,0.55,2,0.6906765296687298,1.4783243223912266,0.1659800211795536,1.7778919983929407,28.029086824242995,0.463029752765445,700,479,700,148.5814178606147,0.6842857142857143,0.9023500000182594,2.179399999988618,2.651816590075387,(gap/tau_g)^2+(speed/tau_v)^2+(lateral/tau_y)^2,False
moderate,2,2.4,3122,False,Proposed,service,2,aware,none,0.2,0.55,2,0.6874586028752908,1.4633835480343118,0.16529806588861615,1.7199583871970354,27.984523567134367,0.4506155738866702,700,506,700,148.84251801331197,0.7228571428571429,0.8126499999860926,1.2549999999862393,2.615860509994127,(gap/tau_g)^2+(speed/tau_v)^2+(lateral/tau_y)^2,False
moderate,2,2.4,3123,False,Proposed,service,2,aware,none,0.2,0.55,2,0.6903342057931549,1.4659945843006483,0.16593695664218147,1.8019155136614824,28.036005942068186,0.4743148318537457,700,498,700,148.60893822050608,0.7114285714285714,0.8681500000022879,1.627899999988358,2.6320970181066525,(gap/tau_g)^2+(speed/tau_v)^2+(lateral/tau_y)^2,False
moderate,2,2.4,3124,False,Proposed,service,2,aware,none,0.2,0.55,2,0.6974170937628766,1.450601986146262,0.1653496561509917,1.7220006804581602,28.033281165653946,0.4728131416070701,700,518,700,148.82334985690454,0.74,0.8052000000020598,2.3376000000041586,2.62180208479465,(gap/tau_g)^2+(speed/tau_v)^2+(lateral/tau_y)^2,False
moderate,2,2.4,3125,False,Proposed,service,2,aware,none,0.2,0.55,2,0.6717953474608744,1.4601698421420362,0.16504414867002104,1.7015172549900437,27.926514091383225,0.45797646131660863,700,484,700,148.9315203906035,0.6914285714285714,0.8825500000000375,1.163499999989881,2.571120431835544,(gap/tau_g)^2+(speed/tau_v)^2+(lateral/tau_y)^2,False
moderate,2,2.4,3126,False,Proposed,service,2,aware,none,0.2,0.55,2,0.6927299356059032,1.4569780014094609,0.16467427344506763,1.788062785401176,28.067738964103157,0.48394870717132377,700,474,700,149.06130439641015,0.6771428571428572,0.8949500000170474,1.712499999996453,2.6141046180302263,(gap/tau_g)^2+(speed/tau_v)^2+(lateral/tau_y)^2,False
moderate,2,2.4,3127,False,Proposed,service,2,aware,none,0.2,0.55,2,0.694982590335702,1.4690073107994863,0.16491227252583415,1.7757767087728276,27.47068451829471,0.3735399690051018,700,492,700,148.98204910228517,0.7028571428571428,0.8542000000062444,1.7880000000047858,2.639581000146517,(gap/tau_g)^2+(speed/tau_v)^2+(lateral/tau_y)^2,False
moderate,2,2.4,3128,False,Proposed,service,2,aware,none,0.2,0.55,2,0.6927230227623994,1.461502391547889,0.16461685717099966,1.7277181351450703,28.12015332373189,0.455396379741451,700,474,700,149.09846224535355,0.6771428571428572,0.9438499999987471,1.8243000000097709,2.620351834919311,(gap/tau_g)^2+(speed/tau_v)^2+(lateral/tau_y)^2,False
moderate,2,2.4,3129,False,Proposed,service,2,aware,none,0.2,0.55,2,0.6924966992282534,1.4584218325071558,0.16543704945062984,1.7421541860990053,28.075042851942513,0.4958303808650488,700,502,700,148.78133569752185,0.7171428571428572,0.787199999990662,1.6788000000076408,2.6219728941430787,(gap/tau_g)^2+(speed/tau_v)^2+(lateral/tau_y)^2,False
moderate,2,2.4,3130,False,Proposed,service,2,aware,none,0.2,0.55,2,0.689079192149097,1.4624797142486134,0.1655904959795259,1.7939791687367415,27.908020949861644,0.46610999542416975,700,523,700,148.71371008549386,0.7471428571428571,0.8375999999969963,1.401200000003655,2.620896193539825,(gap/tau_g)^2+(speed/tau_v)^2+(lateral/tau_y)^2,False
moderate,2,2.4,3131,False,Proposed,service,2,aware,none,0.2,0.55,2,0.6981253518088821,1.4729377777336934,0.16617100920309455,1.698620708600896,28.199324462507143,0.43182714580482595,699,457,699,148.2997864135842,0.65379113018598,0.9087499999935744,1.4658999999994649,2.663682745138124,(gap/tau_g)^2+(speed/tau_v)^2+(lateral/tau_y)^2,False
moderate,2,2.4,3132,False,Proposed,service,2,aware,none,0.2,0.55,2,0.6910056827660946,1.4521628118403382,0.1647550482653826,1.7636500938135204,28.102384319203715,0.45149214018977335,700,500,700,149.04167372020314,0.7142857142857143,0.922799999997892,1.9940999999903397,2.6033812683023454,(gap/tau_g)^2+(speed/tau_v)^2+(lateral/tau_y)^2,False
moderate,2,2.4,3133,False,Proposed,service,2,aware,none,0.2,0.55,2,0.6935985557948666,1.4613316669775134,0.16461642647498492,1.8482266672409142,28.01579974739154,0.44849837814450855,700,468,700,149.08817147047037,0.6685714285714286,0.9693999999882408,1.8623999999931584,2.6222515122357732,(gap/tau_g)^2+(speed/tau_v)^2+(lateral/tau_y)^2,False
moderate,2,2.4,3134,False,Proposed,service,2,aware,none,0.2,0.55,2,0.7033418131718983,1.466284734919075,0.1653995192821359,1.7409861902805717,27.777785822752584,0.4937872642019998,700,500,700,148.7990776793714,0.7142857142857143,0.9478500000028589,1.3971999999853324,2.6603075357933266,(gap/tau_g)^2+(speed/tau_v)^2+(lateral/tau_y)^2,False
moderate,2,2.4,3135,False,Proposed,service,2,aware,none,0.2,0.55,2,0.6897141948860911,1.466754917488829,0.16579981393531473,1.7686047879993552,28.032931857055182,0.4795954336452821,700,499,700,148.65574020912354,0.7128571428571429,0.9440000000040527,1.733799999982466,2.6305761764970312,(gap/tau_g)^2+(speed/tau_v)^2+(lateral/tau_y)^2,False
moderate,2,2.4,3136,False,Proposed,service,2,aware,none,0.2,0.55,2,0.7031036286051323,1.4557607359587104,0.16462933270974184,1.75356490474237,27.92214567072091,0.4553271128330796,700,476,700,149.08270642226526,0.68,0.9239999999977044,1.7580999999893265,2.6376678032397733,(gap/tau_g)^2+(speed/tau_v)^2+(lateral/tau_y)^2,False
moderate,2,2.4,3137,False,Proposed,service,2,aware,none,0.2,0.55,2,0.6947649338937154,1.466264465286731,0.16539963101031857,1.7702332837815378,28.108848133558524,0.45642252704949304,700,493,700,148.79506519722563,0.7042857142857143,0.6534000000044671,1.9604999999955908,2.638960100765674,(gap/tau_g)^2+(speed/tau_v)^2+(lateral/tau_y)^2,False
moderate,2,2.4,3138,False,Proposed,service,2,aware,none,0.2,0.55,2,0.6942573373887296,1.4676596574959302,0.16545329643143308,1.7696989543539956,28.12324398210236,0.4462359234006409,700,492,700,148.77645261725192,0.7028571428571428,0.8912000000123044,1.8913000000111424,2.6402390030458673,(gap/tau_g)^2+(speed/tau_v)^2+(lateral/tau_y)^2,False
moderate,2,2.4,3139,False,Proposed,service,2,aware,none,0.2,0.55,2,0.6977116244714324,1.442406721327332,0.16459195927838108,1.7296903710146871,28.06784186411032,0.4459274338826862,700,502,700,149.0935616965517,0.7171428571428572,0.7190999999977521,1.4718000000186748,2.6041862805649356,(gap/tau_g)^2+(speed/tau_v)^2+(lateral/tau_y)^2,False
moderate,2,2.4,3140,False,Proposed,service,2,aware,none,0.2,0.55,2,0.6871630347067138,1.4522135936337361,0.1645190866347962,1.7573955636302492,27.92531940150129,0.47164372979657543,700,490,700,149.1306396180899,0.7,0.9371499999986099,1.9490000000246255,2.5920993300775153,(gap/tau_g)^2+(speed/tau_v)^2+(lateral/tau_y)^2,False
moderate,2,2.4,3141,False,Proposed,service,2,aware,none,0.2,0.55,2,0.6973998368836781,1.4715754892766113,0.16556159117763108,1.7443983876702165,27.945733775511002,0.4748738966396584,700,493,700,148.73497603986317,0.7042857142857143,0.9289000000052283,1.3663999999948828,2.654782125465447,(gap/tau_g)^2+(speed/tau_v)^2+(lateral/tau_y)^2,False
moderate,2,2.4,3142,False,Proposed,service,2,aware,none,0.2,0.55,2,0.6912878629852504,1.454317631450991,0.16526497943499877,1.7636041007601346,27.878581209315747,0.4808243757486068,700,523,700,148.84819598815994,0.7471428571428571,0.9581500000024334,4.7978999999997995,2.611477266564222,(gap/tau_g)^2+(speed/tau_v)^2+(lateral/tau_y)^2,False
moderate,2,2.4,3143,False,Proposed,service,2,aware,none,0.2,0.55,2,0.6855636272764855,1.450894693435241,0.164968112956989,1.787470405644042,27.472654826597925,0.4504633202334525,700,468,700,148.95442596811375,0.6685714285714286,0.9328000000010661,2.1377999999856456,2.589941316535957,(gap/tau_g)^2+(speed/tau_v)^2+(lateral/tau_y)^2,False
moderate,2,2.4,3144,False,Proposed,service,2,aware,none,0.2,0.55,2,0.6965437537875996,1.4624577139198034,0.16541952182134942,1.726988001854203,28.273528783926068,0.46484070467250094,700,496,700,148.78696567926556,0.7085714285714285,0.7375999999936766,2.086399999996047,2.6378361843850264,(gap/tau_g)^2+(speed/tau_v)^2+(lateral/tau_y)^2,False
moderate,2,2.4,3145,False,Proposed,service,2,aware,none,0.2,0.55,2,0.7033742370356753,1.474041381426169,0.16554892401394583,1.7969592008993547,27.9964581918991,0.46218909509758954,700,486,700,148.7434431277328,0.6942857142857143,1.0049499999951195,1.9573000000150387,2.6732610142595483,(gap/tau_g)^2+(speed/tau_v)^2+(lateral/tau_y)^2,False
moderate,2,2.4,3146,False,Proposed,service,2,aware,none,0.2,0.55,2,0.6813243770931714,1.4698473802407581,0.16525811651949232,1.6711965614972235,28.040356126277807,0.48619542154943696,700,469,700,148.84203337602898,0.67,0.9177500000134842,1.5113999999982752,2.6102768212613965,(gap/tau_g)^2+(speed/tau_v)^2+(lateral/tau_y)^2,False
moderate,2,2.4,3147,False,Proposed,service,2,aware,none,0.2,0.55,2,0.6911488537685515,1.4590350128909222,0.16523739432952164,1.740957413654328,28.18467010689986,0.4658027996387527,700,496,700,148.8554711813369,0.7085714285714285,0.8162000000027092,1.414199999999255,2.617919641446277,(gap/tau_g)^2+(speed/tau_v)^2+(lateral/tau_y)^2,False
moderate,2,2.4,3148,False,Proposed,service,2,aware,none,0.2,0.55,2,0.6942266053881047,1.4477515931714016,0.16513341970666612,1.858925521234968,28.042641846768795,0.4141056500617909,700,457,700,148.90573628024237,0.6528571428571428,0.9548500000136073,1.2934000000086598,2.6079071245465224,(gap/tau_g)^2+(speed/tau_v)^2+(lateral/tau_y)^2,False
moderate,2,2.4,3149,False,Proposed,service,2,aware,none,0.2,0.55,2,0.6918410507109056,1.4626572524497936,0.16495013198656616,1.7763947795343773,27.754345112213556,0.468542485634455,700,511,700,148.9635211024173,0.73,0.5645499999928916,1.3483000000178436,2.6226497746656054,(gap/tau_g)^2+(speed/tau_v)^2+(lateral/tau_y)^2,False
moderate,2,2.4,3150,False,Proposed,service,2,aware,none,0.2,0.55,2,0.6942250697828037,1.464087772533665,0.16479986158035614,1.8061529927373159,28.156231683820238,0.46061735401092363,700,538,700,149.01702505555645,0.7685714285714286,0.4089499999935242,0.8449000000041451,2.6294215921443698,(gap/tau_g)^2+(speed/tau_v)^2+(lateral/tau_y)^2,False
moderate,2,2.6,3101,False,Proposed,service,2,aware,none,0.2,0.55,2,0.6927160794573569,1.496619154741248,0.16439852603015562,1.6702582576628298,33.28257558935061,0.47260233209227254,700,476,700,149.19874492049314,0.68,0.460650000007945,6.11789999999246,2.671538699326816,(gap/tau_g)^2+(speed/tau_v)^2+(lateral/tau_y)^2,False
moderate,2,2.6,3102,False,Proposed,service,2,aware,none,0.2,0.55,2,0.6961826560812866,1.5121072759429766,0.16478284624723114,1.7843518586530382,33.408724798273404,0.4927753871501319,700,501,700,149.0539270635224,0.7157142857142857,0.5371000000025106,1.4625000000023647,2.7070362499880956,(gap/tau_g)^2+(speed/tau_v)^2+(lateral/tau_y)^2,False
moderate,2,2.6,3103,False,Proposed,service,2,aware,none,0.2,0.55,2,0.6961110544305673,1.4987821959652314,0.16473574933915144,1.686196071476277,33.378683768808685,0.48533222446063906,700,513,700,149.05729676037785,0.7328571428571429,1.2617000000005874,5.5554999999998245,2.68600147694372,(gap/tau_g)^2+(speed/tau_v)^2+(lateral/tau_y)^2,False
moderate,2,2.6,3104,False,Proposed,service,2,aware,none,0.2,0.55,2,0.6941190747811714,1.5103961548058127,0.16482357961265806,1.682061553845054,33.25761288114416,0.48538454515922536,700,527,700,149.02723464318137,0.7528571428571429,1.1990000000068335,1.9842000000096505,2.699632744924573,(gap/tau_g)^2+(speed/tau_v)^2+(lateral/tau_y)^2,False
moderate,2,2.6,3105,False,Proposed,service,2,aware,none,0.2,0.55,2,0.6860059194387955,1.4949343342794257,0.1643145796734604,1.798656546809032,33.12700265391596,0.4659965594508215,700,481,700,149.22061809612336,0.6871428571428572,1.1385500000002935,1.7491999999919017,2.65183028269821,(gap/tau_g)^2+(speed/tau_v)^2+(lateral/tau_y)^2,False
moderate,2,2.6,3106,False,Proposed,service,2,aware,none,0.2,0.55,2,0.6897290954969177,1.5091648625887755,0.16498055657567284,1.7229168977008988,33.49603594415294,0.44322495973918763,700,491,700,148.96727654574852,0.7014285714285714,1.177150000003735,1.9989999999978636,2.6882300016393166,(gap/tau_g)^2+(speed/tau_v)^2+(lateral/tau_y)^2,False
moderate,2,2.6,3107,False,Proposed,service,2,aware,none,0.2,0.55,2,0.7059631955441185,1.5126368758762119,0.1650681559805873,1.6977686664191503,33.17864286860291,0.4723321660543749,699,487,699,148.71745114715026,0.6967095851216023,1.2337500000043633,2.039800000005698,2.7345862778993766,(gap/tau_g)^2+(speed/tau_v)^2+(lateral/tau_y)^2,False
moderate,2,2.6,3108,False,Proposed,service,2,aware,none,0.2,0.55,2,0.6978043242095207,1.5098531744457127,0.16521449579748654,1.6721374591685816,33.238866594873514,0.4536736138959969,700,474,700,148.8864246576863,0.6771428571428572,1.4246499999970297,2.425200000004679,2.711140735544049,(gap/tau_g)^2+(speed/tau_v)^2+(lateral/tau_y)^2,False
moderate,2,2.6,3109,False,Proposed,service,2,aware,none,0.2,0.55,2,0.7082744112290408,1.5118487862421344,0.1651657317391627,1.7430978079206885,33.156948196632655,0.44675997845299853,700,464,700,148.89290609894132,0.6628571428571428,1.269650000004674,2.475300000000402,2.739986602366307,(gap/tau_g)^2+(speed/tau_v)^2+(lateral/tau_y)^2,False
moderate,2,2.6,3110,False,Proposed,service,2,aware,none,0.2,0.55,2,0.6945688164559063,1.4998089017156286,0.16372454047985088,1.7563810827614086,33.23232720214155,0.48770706679053044,700,506,700,149.43924004011407,0.7228571428571429,1.137350000000481,1.9747999999992771,2.6754557730022865,(gap/tau_g)^2+(speed/tau_v)^2+(lateral/tau_y)^2,False
moderate,2,2.6,3111,False,Proposed,service,2,aware,none,0.2,0.55,2,0.6992782559192989,1.5004542053912917,0.16479681555249592,1.720524694177378,33.3455127414004,0.4747433011629294,700,498,700,149.03647324518437,0.7114285714285714,1.1390999999960627,1.6882999999978665,2.696919958027847,(gap/tau_g)^2+(speed/tau_v)^2+(lateral/tau_y)^2,False
moderate,2,2.6,3112,False,Proposed,service,2,aware,none,0.2,0.55,2,0.692739281213462,1.5075134134561676,0.16428507273076903,1.7583559542322544,33.36081922648962,0.45628348043395006,700,487,700,149.23249750463535,0.6957142857142857,1.3562000000035823,2.239099999997052,2.6873614458428468,(gap/tau_g)^2+(speed/tau_v)^2+(lateral/tau_y)^2,False
moderate,2,2.6,3113,False,Proposed,service,2,aware,none,0.2,0.55,2,0.7055854515015093,1.503106732121861,0.16432766935235263,1.7609002070178619,33.44474035942361,0.48309549453056466,700,466,700,149.2121569659265,0.6657142857142857,1.1332499999952006,2.006000000022823,2.7128770242533156,(gap/tau_g)^2+(speed/tau_v)^2+(lateral/tau_y)^2,False
moderate,2,2.6,3114,False,Proposed,service,2,aware,none,0.2,0.55,2,0.7028969894659077,1.494649474565213,0.1640688272426388,1.7509750020713912,33.395118103533484,0.46626946972793104,700,523,700,149.3104204862335,0.7471428571428571,1.0548499999885053,1.919800000024452,2.6910850280199394,(gap/tau_g)^2+(speed/tau_v)^2+(lateral/tau_y)^2,False
moderate,2,2.6,3115,False,Proposed,service,2,aware,none,0.2,0.55,2,0.6955492505739668,1.5066340304546801,0.1644498713619404,1.74643739985703,33.19727317675907,0.46491725019185237,700,466,700,149.16076561194023,0.6657142857142857,1.0771999999974469,2.0267999999816766,2.694298677580197,(gap/tau_g)^2+(speed/tau_v)^2+(lateral/tau_y)^2,False
moderate,2,2.6,3116,False,Proposed,service,2,aware,none,0.2,0.55,2,0.6968927653556878,1.5109290935672064,0.1650159113402394,1.7121803540836456,33.44909074408763,0.49325333573545693,700,489,700,148.95473216392747,0.6985714285714286,1.2054500000004964,2.152999999992744,2.7088993179788883,(gap/tau_g)^2+(speed/tau_v)^2+(lateral/tau_y)^2,False
moderate,2,2.6,3117,False,Proposed,service,2,aware,none,0.2,0.55,2,0.6943734951675873,1.497860906259481,0.16443360488486183,1.6966127029675522,33.607168965571354,0.4698911932822666,700,486,700,149.17456152042482,0.6942857142857143,0.9127500000118971,1.8696999999860964,2.6778113013901876,(gap/tau_g)^2+(speed/tau_v)^2+(lateral/tau_y)^2,False
moderate,2,2.6,3118,False,Proposed,service,2,aware,none,0.2,0.55,2,0.6993340319529373,1.5081953351625275,0.16461904788471443,1.7574228724157883,33.51052299370299,0.4457909399973634,700,519,700,149.1004928871768,0.7414285714285714,0.8454000000028827,1.275399999997262,2.707477483394021,(gap/tau_g)^2+(speed/tau_v)^2+(lateral/tau_y)^2,False
moderate,2,2.6,3119,False,Proposed,service,2,aware,none,0.2,0.55,2,0.6937730036779478,1.5018522968450203,0.16483283748870986,1.6929011316333866,33.33943192910588,0.4330900463749463,700,467,700,149.0232842202184,0.6671428571428571,0.9195499999918866,1.5435999999908745,2.685724433628521,(gap/tau_g)^2+(speed/tau_v)^2+(lateral/tau_y)^2,False
moderate,2,2.6,3120,False,Proposed,service,2,aware,none,0.2,0.55,2,0.6830103820888803,1.488786227543386,0.1640393814319371,1.6425816024795863,33.20572194645122,0.4772146021825707,700,477,700,149.32047654990052,0.6814285714285714,0.7540000000147984,2.4076000000263775,2.632921360545934,(gap/tau_g)^2+(speed/tau_v)^2+(lateral/tau_y)^2,False
moderate,2,2.6,3121,False,Proposed,service,2,aware,none,0.2,0.55,2,0.6952483301750331,1.5224990014529525,0.16537193344800644,1.7553850407776694,33.34734605641656,0.46097704312757193,700,480,700,148.82035543868895,0.6857142857142857,0.9152500000055852,1.6947000000016033,2.725676480192281,(gap/tau_g)^2+(speed/tau_v)^2+(lateral/tau_y)^2,False
moderate,2,2.6,3122,False,Proposed,service,2,aware,none,0.2,0.55,2,0.6933653876621458,1.5087746103482078,0.16468674826559124,1.6650504039860208,33.5600484152109,0.4869383274234197,700,514,700,149.08102297811266,0.7342857142857143,0.9425500000048714,1.7704999999921256,2.694148671165605,(gap/tau_g)^2+(speed/tau_v)^2+(lateral/tau_y)^2,False
moderate,2,2.6,3123,False,Proposed,service,2,aware,none,0.2,0.55,2,0.6937286469010371,1.5115667361284952,0.1653229900403039,1.7544689512582907,33.51354449850956,0.4844327907389425,700,493,700,148.8507980745163,0.7042857142857143,0.873049999995601,1.6134999999906086,2.704596237245189,(gap/tau_g)^2+(speed/tau_v)^2+(lateral/tau_y)^2,False
moderate,2,2.6,3124,False,Proposed,service,2,aware,none,0.2,0.55,2,0.7034032703699701,1.4937328553127978,0.1647481297946498,1.7736540180377982,33.36905130807721,0.4661142702426171,700,524,700,149.05926095105238,0.7485714285714286,0.7861000000133345,1.7786999999884756,2.6965373749696644,(gap/tau_g)^2+(speed/tau_v)^2+(lateral/tau_y)^2,False
moderate,2,2.6,3125,False,Proposed,service,2,aware,none,0.2,0.55,2,0.6786870528849135,1.4988934330179475,0.16443076408248372,1.6648357175746937,33.3692026512058,0.4957441669855638,700,497,700,149.17330536366273,0.71,0.7772499999987303,1.737099999985503,2.641076082532803,(gap/tau_g)^2+(speed/tau_v)^2+(lateral/tau_y)^2,False
moderate,2,2.6,3126,False,Proposed,service,2,aware,none,0.2,0.55,2,0.6924958312784417,1.5015495414096662,0.16408733385109495,1.6979975622127408,33.26134718023833,0.4896501682139529,700,470,700,149.29281236827373,0.6714285714285714,0.8957499999979746,1.4467999999965286,2.6759826641846702,(gap/tau_g)^2+(speed/tau_v)^2+(lateral/tau_y)^2,False
moderate,2,2.6,3127,False,Proposed,service,2,aware,none,0.2,0.55,2,0.6967672278203064,1.5142747808209143,0.16434225396902402,1.7289783529995235,33.40762783013334,0.4690470532449702,700,470,700,149.20476455209888,0.6714285714285714,0.8543000000003076,1.6883999999777188,2.7082053925258247,(gap/tau_g)^2+(speed/tau_v)^2+(lateral/tau_y)^2,False
moderate,2,2.6,3128,False,Proposed,service,2,aware,none,0.2,0.55,2,0.7008197833110599,1.5038607896942646,0.16403825621257526,1.6913935272687453,32.78918742945485,0.46528114257260966,700,476,700,149.3273974103159,0.68,0.849800000011669,2.0006000000023505,2.699742553564927,(gap/tau_g)^2+(speed/tau_v)^2+(lateral/tau_y)^2,False
moderate,2,2.6,3129,False,Proposed,service,2,aware,none,0.2,0.55,2,0.6932968968289078,1.503012452287542,0.1648157242361423,1.7076443782660815,33.46636985128836,0.4958303808650488,700,489,700,149.02618860700292,0.6985714285714286,0.9259000000128026,1.9413999999926546,2.686187994447648,(gap/tau_g)^2+(speed/tau_v)^2+(lateral/tau_y)^2,False
moderate,2,2.6,3130,False,Proposed,service,2,aware,none,0.2,0.55,2,0.6868807380348749,1.5087831958720672,0.165003694320439,1.7147424679258,33.57712010775494,0.489686793552928,700,518,700,148.94850704736757,0.74,0.8314500000068392,1.3562999999976455,2.680862396822618,(gap/tau_g)^2+(speed/tau_v)^2+(lateral/tau_y)^2,False
moderate,2,2.6,3131,False,Proposed,service,2,aware,none,0.2,0.55,2,0.7128303819779349,1.512409272845805,0.16558187434363839,1.5707348794838332,33.534873609119586,0.4570986702494705,699,451,699,148.53556061807654,0.6452074391988555,0.8215499999977283,1.3929000000132419,2.7558026244995792,(gap/tau_g)^2+(speed/tau_v)^2+(lateral/tau_y)^2,False
moderate,2,2.6,3132,False,Proposed,service,2,aware,none,0.2,0.55,2,0.6887682958100422,1.5004263681624181,0.1641668783979936,1.7211136974782881,33.485709316881035,0.4633966800084961,700,500,700,149.2707255637331,0.7142857142857143,0.8868000000035181,1.812000000001035,2.665761895939269,(gap/tau_g)^2+(speed/tau_v)^2+(lateral/tau_y)^2,False
moderate,2,2.6,3133,False,Proposed,service,2,aware,none,0.2,0.55,2,0.6933664070252054,1.5078301421178684,0.16407807607868177,1.790312193711295,33.47466374076092,0.43468344140352755,700,471,700,149.30418398057935,0.6728571428571428,0.7251500000080568,2.034699999995837,2.6876948180910114,(gap/tau_g)^2+(speed/tau_v)^2+(lateral/tau_y)^2,False
moderate,2,2.6,3134,False,Proposed,service,2,aware,none,0.2,0.55,2,0.7065107035071065,1.5105699082337163,0.1647819733748604,1.7368018782333843,33.0685400916676,0.4851918198474948,700,487,700,149.04128709788662,0.6957142857142857,0.8678000000088559,1.6626000000030672,2.730412972300036,(gap/tau_g)^2+(speed/tau_v)^2+(lateral/tau_y)^2,False
moderate,2,2.6,3135,False,Proposed,service,2,aware,none,0.2,0.55,2,0.6975278120122136,1.5094754898572196,0.16519694145454167,1.6866390045369046,33.31020829961363,0.4860284512855383,700,476,700,148.8931631730333,0.68,0.8369999999899846,1.364099999989321,2.7097280049156813,(gap/tau_g)^2+(speed/tau_v)^2+(lateral/tau_y)^2,False
moderate,2,2.6,3136,False,Proposed,service,2,aware,none,0.2,0.55,2,0.7006053832454864,1.5033947031580916,0.16404765795413992,1.713745405726645,33.250772116399055,0.4666275712139467,700,477,700,149.3134574112676,0.6814285714285714,0.851400000001945,1.921899999985044,2.698570383777798,(gap/tau_g)^2+(speed/tau_v)^2+(lateral/tau_y)^2,False
moderate,2,2.6,3137,False,Proposed,service,2,aware,none,0.2,0.55,2,0.7022600303423998,1.5105939093269254,0.16480977086575255,1.7077926995694948,33.51302713086512,0.45647761557461375,700,489,700,149.0279844595806,0.6985714285714286,0.9412999999938165,1.581799999996747,2.7200332819424364,(gap/tau_g)^2+(speed/tau_v)^2+(lateral/tau_y)^2,False
moderate,2,2.6,3138,False,Proposed,service,2,aware,none,0.2,0.55,2,0.6967154996732176,1.5160709383504687,0.1648377967989075,1.6794955022189664,33.670299523679326,0.47924225406506793,700,495,700,149.01617361960922,0.7071428571428572,0.9371499999843991,2.4235999999859814,2.7149323463336588,(gap/tau_g)^2+(speed/tau_v)^2+(lateral/tau_y)^2,False
moderate,2,2.6,3139,False,Proposed,service,2,aware,none,0.2,0.55,2,0.6947597739749785,1.4904155318701753,0.16402369252189133,1.6557332509051341,33.32999636747144,0.4523503400642557,700,487,700,149.32034360622995,0.6957142857142857,0.7851000000016484,1.5819999999848733,2.6640478289928042,(gap/tau_g)^2+(speed/tau_v)^2+(lateral/tau_y)^2,False
moderate,2,2.6,3140,False,Proposed,service,2,aware,none,0.2,0.55,2,0.6926669976164525,1.4949560019614714,0.16395943721190698,1.667661693322494,33.17993998239156,0.4875936578908765,700,493,700,149.3534667487171,0.7042857142857143,0.7956999999976233,2.1222999999963577,2.665274864618845,(gap/tau_g)^2+(speed/tau_v)^2+(lateral/tau_y)^2,False
moderate,2,2.6,3141,False,Proposed,service,2,aware,none,0.2,0.55,2,0.6986278410533806,1.5175658421933094,0.16495655160645434,1.7096386298867499,33.39039039879169,0.48092312420319083,700,498,700,148.97273999266858,0.7114285714285714,1.0681500000089272,1.855599999998958,2.7229690099300474,(gap/tau_g)^2+(speed/tau_v)^2+(lateral/tau_y)^2,False
moderate,2,2.6,3142,False,Proposed,service,2,aware,none,0.2,0.55,2,0.6929391496668513,1.4959649426538169,0.16468482780832047,1.7193988239454776,33.3172584856833,0.48315384404291395,700,511,700,149.07725814585805,0.73,0.7548000000099364,1.6889999999989413,2.6734447665923167,(gap/tau_g)^2+(speed/tau_v)^2+(lateral/tau_y)^2,False
moderate,2,2.6,3143,False,Proposed,service,2,aware,none,0.2,0.55,2,0.688847879591636,1.4949568331778376,0.1643871538575323,1.763612526439439,33.25706952082536,0.4576956181290833,700,467,700,149.18654428440192,0.6671428571428571,0.7787000000121225,1.5407000000209337,2.6594072602959002,(gap/tau_g)^2+(speed/tau_v)^2+(lateral/tau_y)^2,False
moderate,2,2.6,3144,False,Proposed,service,2,aware,none,0.2,0.55,2,0.6963691155545195,1.5062200274134279,0.1648019760139701,1.685989503931317,33.52382660323324,0.4633328170914909,700,481,700,149.03277010146863,0.6871428571428572,0.8273499999944534,1.572900000013533,2.698589335576925,(gap/tau_g)^2+(speed/tau_v)^2+(lateral/tau_y)^2,False
moderate,2,2.6,3145,False,Proposed,service,2,aware,none,0.2,0.55,2,0.7017323593099323,1.5237844526227904,0.164952580927505,1.710449864650274,33.313061673470564,0.47671851446202274,700,479,700,148.97920058311314,0.6842857142857143,0.6316000000055055,1.481699999999364,2.7403145256889507,(gap/tau_g)^2+(speed/tau_v)^2+(lateral/tau_y)^2,False
moderate,2,2.6,3146,False,Proposed,service,2,aware,none,0.2,0.55,2,0.6924135264897352,1.509422867419843,0.1646487892765547,1.6535213774731954,33.36501541243594,0.4841883966403523,700,483,700,149.07956433362105,0.69,0.42804999999646043,1.032199999997374,2.6924893771636893,(gap/tau_g)^2+(speed/tau_v)^2+(lateral/tau_y)^2,False
moderate,2,2.6,3147,False,Proposed,service,2,aware,none,0.2,0.55,2,0.6974927979582118,1.5040241846476712,0.164651299730252,1.6973111113086041,33.62625912364253,0.4787345468842401,700,511,700,149.0823523378039,0.73,0.5030999999888763,8.81379999998444,2.6967603138476055,(gap/tau_g)^2+(speed/tau_v)^2+(lateral/tau_y)^2,False
moderate,2,2.6,3148,False,Proposed,service,2,aware,none,0.2,0.55,2,0.6972071139971997,1.493887180434118,0.16455322031733924,1.8196741601432052,33.05355050493116,0.45759761654155573,700,473,700,149.13238886356197,0.6757142857142857,0.4434500000058961,1.9127000000196404,2.6797397449029936,(gap/tau_g)^2+(speed/tau_v)^2+(lateral/tau_y)^2,False
moderate,2,2.6,3149,False,Proposed,service,2,aware,none,0.2,0.55,2,0.6952963448522713,1.5089185398335723,0.16437569989385306,1.718828854127815,33.39950295512269,0.46008591554812805,700,505,700,149.19194526754782,0.7214285714285714,1.2544499999975756,57.12040000000229,2.6965784279450373,(gap/tau_g)^2+(speed/tau_v)^2+(lateral/tau_y)^2,False
moderate,2,2.6,3150,False,Proposed,service,2,aware,none,0.2,0.55,2,0.6939986590060478,1.5082275778888097,0.16421800029354455,1.6892213395944775,33.64927460106944,0.45282296438545044,700,542,700,149.24739850217847,0.7742857142857142,1.1778000000006728,1.4988000000073498,2.6910142117143394,(gap/tau_g)^2+(speed/tau_v)^2+(lateral/tau_y)^2,False
moderate,3,1.8,3101,True,Proposed,service,3,aware,none,0.2,0.55,2,0.6504338160653733,1.278803227537431,0.16681795769571944,1.8397248765737246,11.85347397405561,0.4505909980795455,1050,727,1050,222.37106151470894,0.6923809523809524,1.1585499999995363,2.2735000000011496,2.2821757847699473,(gap/tau_g)^2+(speed/tau_v)^2+(lateral/tau_y)^2,False
moderate,3,1.8,3102,True,Proposed,service,3,aware,none,0.2,0.55,2,0.6648075710441451,1.2888142206085236,0.16720937834102875,1.98712682769654,12.050098782269735,0.44743838377479495,1049,779,1049,221.93357690553313,0.7426120114394662,1.1168500000025006,2.3168000000026723,2.332167717917658,(gap/tau_g)^2+(speed/tau_v)^2+(lateral/tau_y)^2,False
moderate,3,1.8,3103,True,Proposed,service,3,aware,none,0.2,0.55,2,0.6625702582641416,1.2768713432524326,0.16717625812726675,1.9418655123088533,11.788287434937622,0.44709862297333713,1050,764,1050,222.133837248771,0.7276190476190476,1.111550000004513,1.609100000010244,2.310977768496466,(gap/tau_g)^2+(speed/tau_v)^2+(lateral/tau_y)^2,False
moderate,3,1.8,3104,True,Proposed,service,3,aware,none,0.2,0.55,2,0.6655386481289268,1.2861094908519137,0.16723108510655765,1.9505064591959964,11.664196725286402,0.4598309520701459,1049,768,1049,221.89295355815614,0.7321258341277407,1.5367999999966742,2.460400000003915,2.3305249471253084,(gap/tau_g)^2+(speed/tau_v)^2+(lateral/tau_y)^2,False
moderate,3,1.8,3105,True,Proposed,service,3,aware,none,0.2,0.55,2,0.6532713025567878,1.275622331272923,0.16670288003502412,1.9830143542827152,11.63080907032387,0.41505624888779225,1050,726,1050,222.41402955619972,0.6914285714285714,1.2222999999949025,2.087099999997122,2.283647108335512,(gap/tau_g)^2+(speed/tau_v)^2+(lateral/tau_y)^2,False
moderate,3,1.8,3106,True,Proposed,service,3,aware,none,0.2,0.55,2,0.6564828550394165,1.2858112691901284,0.1674779653892217,1.843326299078528,11.804363948576885,0.4631362805542357,1050,737,1050,221.97217488035284,0.7019047619047619,1.196849999999472,2.082399999991935,2.3109159736103972,(gap/tau_g)^2+(speed/tau_v)^2+(lateral/tau_y)^2,False
moderate,3,1.8,3107,True,Proposed,service,3,aware,none,0.2,0.55,2,0.6648029409828663,1.2900401149373386,0.16755830654481155,1.856243284609104,12.11163992934057,0.45636967444404986,1049,741,1049,221.7134758078705,0.7063870352716873,1.27660000000418,2.064200000006622,2.3366899814409514,(gap/tau_g)^2+(speed/tau_v)^2+(lateral/tau_y)^2,False
moderate,3,1.8,3108,True,Proposed,service,3,aware,none,0.2,0.55,2,0.6602954373738021,1.2871471235492444,0.16773790447371761,1.9102263112273719,12.022860676735803,0.40833878263577117,1050,730,1050,221.84267286843522,0.6952380952380952,1.2632999999979688,2.0753000000155453,2.3237730109245196,(gap/tau_g)^2+(speed/tau_v)^2+(lateral/tau_y)^2,False
moderate,3,1.8,3109,True,Proposed,service,3,aware,none,0.2,0.55,2,0.6750109775563392,1.2801805503930148,0.1676276066693735,1.8351400687786408,11.964815005867088,0.4747902098657548,1050,722,1050,221.88884989895868,0.6876190476190476,1.1444000000011556,1.7710999999849264,2.3486559141922903,(gap/tau_g)^2+(speed/tau_v)^2+(lateral/tau_y)^2,False
moderate,3,1.8,3110,True,Proposed,service,3,aware,none,0.2,0.55,2,0.6524518335633758,1.2852157903555648,0.16607033014914405,1.9216272125893261,11.399383607937281,0.41962991382551995,1050,755,1050,222.77268716071413,0.719047619047619,1.308300000005147,2.092199999992772,2.2890168299382814,(gap/tau_g)^2+(speed/tau_v)^2+(lateral/tau_y)^2,False
moderate,3,1.8,3111,True,Proposed,service,3,aware,none,0.2,0.55,2,0.6565963874452546,1.2862458468348041,0.16722759798682602,1.8900151414187116,11.889012255312863,0.47055811572436934,1050,764,1050,222.1123625545074,0.7276190476190476,1.2885999999951991,1.8209000000126707,2.309656300368184,(gap/tau_g)^2+(speed/tau_v)^2+(lateral/tau_y)^2,False
moderate,3,1.8,3112,True,Proposed,service,3,aware,none,0.2,0.55,2,0.6597853633263587,1.2866949096409237,0.16666974078129818,1.9616007858611648,11.664210764431239,0.39389194866813204,1050,743,1050,222.43188292056718,0.7076190476190476,1.0352500000010423,2.0129000000110864,2.313052070871269,(gap/tau_g)^2+(speed/tau_v)^2+(lateral/tau_y)^2,False
moderate,3,1.8,3113,True,Proposed,service,3,aware,none,0.2,0.55,2,0.6677901377336753,1.2823561435963293,0.16675388262298524,1.9766616505601982,11.796730401923114,0.4811777119495727,1050,722,1050,222.38408617875996,0.6876190476190476,0.9171000000094409,1.5271999999981745,2.326958789198277,(gap/tau_g)^2+(speed/tau_v)^2+(lateral/tau_y)^2,False
moderate,3,1.8,3114,True,Proposed,service,3,aware,none,0.2,0.55,2,0.6565053172685298,1.284058780864613,0.1664315609782738,1.9055275094608664,12.114712152663643,0.4748286357804732,1050,774,1050,222.55926814542175,0.7371428571428571,0.8818999999959942,2.865500000012844,2.2999355055224466,(gap/tau_g)^2+(speed/tau_v)^2+(lateral/tau_y)^2,False
moderate,3,1.8,3115,True,Proposed,service,3,aware,none,0.2,0.55,2,0.6627970166962547,1.2834863185311072,0.16684946491507513,1.9638539224429932,11.771223773548321,0.44152497324622897,1050,724,1050,222.32587152610094,0.6895238095238095,0.8285499999942658,1.8774000000121305,2.3174242999793613,(gap/tau_g)^2+(speed/tau_v)^2+(lateral/tau_y)^2,False
moderate,3,1.8,3116,True,Proposed,service,3,aware,none,0.2,0.55,2,0.659711457220714,1.2894232793940366,0.16752096617163503,1.9199780824387092,11.74794768921187,0.47324197338092433,1050,743,1050,221.9517011316314,0.7076190476190476,0.6830499999921358,2.189799999996467,2.323576516275016,(gap/tau_g)^2+(speed/tau_v)^2+(lateral/tau_y)^2,False
moderate,3,1.8,3117,True,Proposed,service,3,aware,none,0.2,0.55,2,0.6525173074117965,1.2788966568946392,0.1668692397528068,1.8350458080524186,11.614975467418866,0.4892840823650856,1050,749,1050,222.32350832342573,0.7133333333333334,0.9314500000101589,1.7525000000091495,2.2875516203730943,(gap/tau_g)^2+(speed/tau_v)^2+(lateral/tau_y)^2,False
moderate,3,1.8,3118,True,Proposed,service,3,aware,none,0.2,0.55,2,0.6575715862157407,1.2889493237439946,0.16702640312157685,1.9096552572300234,11.751460763320289,0.45943114959647,1050,789,1050,222.2201352926615,0.7514285714285714,0.8941499999934877,1.8601999999816599,2.3138054321512884,(gap/tau_g)^2+(speed/tau_v)^2+(lateral/tau_y)^2,False
moderate,3,1.8,3119,True,Proposed,service,3,aware,none,0.2,0.55,2,0.6594683579869325,1.277295122050629,0.1672366845020595,1.9682080059012557,11.615668619698496,0.420462318214896,1050,707,1050,222.11304888467203,0.6733333333333333,0.8525500000047259,1.6372999999987314,2.304744830341882,(gap/tau_g)^2+(speed/tau_v)^2+(lateral/tau_y)^2,False
moderate,3,1.8,3120,True,Proposed,service,3,aware,none,0.2,0.55,2,0.6549476188110238,1.267855089712725,0.16636078360123946,1.856476228543252,12.153750452828874,0.47237288455377946,1049,710,1049,222.3939799145001,0.6768350810295519,0.9327500000182454,2.143300000000181,2.274617765923518,(gap/tau_g)^2+(speed/tau_v)^2+(lateral/tau_y)^2,False
moderate,3,1.8,3121,True,Proposed,service,3,aware,none,0.2,0.55,2,0.6631360751881366,1.2956751744293356,0.16790853995782024,1.9779453385683943,11.635858729869561,0.46628442553123706,1050,737,1050,221.73545359218028,0.7019047619047619,0.7155499999953463,1.4352999999971416,2.3431261796276672,(gap/tau_g)^2+(speed/tau_v)^2+(lateral/tau_y)^2,False
moderate,3,1.8,3122,True,Proposed,service,3,aware,none,0.2,0.55,2,0.6573794521991515,1.2859144238091225,0.16716327487078464,1.8732497249423021,11.79136358531865,0.4611640716747999,1050,769,1050,222.1640381576592,0.7323809523809524,0.7958499999887181,1.521900000000187,2.310512844151119,(gap/tau_g)^2+(speed/tau_v)^2+(lateral/tau_y)^2,False
moderate,3,1.8,3123,True,Proposed,service,3,aware,none,0.2,0.55,2,0.650561247859101,1.2923171572006071,0.16780616483202423,2.0115444402956215,11.78788483418176,0.44694190338566264,1050,749,1050,221.80295001725594,0.7133333333333334,0.8406499999864536,1.5525999999965734,2.3084649883040207,(gap/tau_g)^2+(speed/tau_v)^2+(lateral/tau_y)^2,False
moderate,3,1.8,3124,True,Proposed,service,3,aware,none,0.2,0.55,2,0.6645818759598087,1.2746760528348098,0.16716445323783038,1.9832242113777245,11.751115203773217,0.43243676989145274,1050,774,1050,222.15236435653654,0.7371428571428571,0.8831499999928383,1.606600000002345,2.3127674200489716,(gap/tau_g)^2+(speed/tau_v)^2+(lateral/tau_y)^2,False
moderate,3,1.8,3125,True,Proposed,service,3,aware,none,0.2,0.55,2,0.6356493114764518,1.2855630673778475,0.16683103890400358,1.8523747692415056,11.71082280218046,0.45060585190483005,1050,738,1050,222.33944478407852,0.7028571428571428,0.9154499999937116,1.8430000000080327,2.257326287718966,(gap/tau_g)^2+(speed/tau_v)^2+(lateral/tau_y)^2,False
moderate,3,1.8,3126,True,Proposed,service,3,aware,none,0.2,0.55,2,0.6577744309222553,1.2830313496945942,0.16646635576561208,1.798359473770159,11.981706522557765,0.488538610912186,1050,733,1050,222.53251748629404,0.6980952380952381,0.827150000006327,1.3635999999905835,2.3018446964320733,(gap/tau_g)^2+(speed/tau_v)^2+(lateral/tau_y)^2,False
moderate,3,1.8,3127,True,Proposed,service,3,aware,none,0.2,0.55,2,0.6649555020848974,1.2919965650791483,0.16672720385431344,1.9394102514558829,11.826785937900105,0.4092123602316925,1049,734,1049,222.1819533960549,0.6997140133460439,0.8032999999869617,1.4832999999896401,2.332682358717662,(gap/tau_g)^2+(speed/tau_v)^2+(lateral/tau_y)^2,False
moderate,3,1.8,3128,True,Proposed,service,3,aware,none,0.2,0.55,2,0.6622671399483866,1.2854255656647846,0.16640283438017767,1.9279909602499252,11.855254672805792,0.4549580639888886,1050,725,1050,222.59183909146984,0.6904761904761905,0.7971500000110154,2.361699999994471,2.3149967808479754,(gap/tau_g)^2+(speed/tau_v)^2+(lateral/tau_y)^2,False
moderate,3,1.8,3129,True,Proposed,service,3,aware,none,0.2,0.55,2,0.6551584557739484,1.2796950705289498,0.1672899981969989,1.896289718624977,12.11698606885566,0.482623140948115,1050,759,1050,222.08588064689886,0.7228571428571429,0.7808000000011361,1.8925000000251657,2.2982489086173263,(gap/tau_g)^2+(speed/tau_v)^2+(lateral/tau_y)^2,False
moderate,3,1.8,3130,True,Proposed,service,3,aware,none,0.2,0.55,2,0.6555190087442031,1.2856419715623153,0.16748499007330006,1.9359732892652683,11.715892603928587,0.451019130344678,1050,776,1050,221.94919742366304,0.7390476190476191,0.7809500000064418,1.8445000000042455,2.3085045649824574,(gap/tau_g)^2+(speed/tau_v)^2+(lateral/tau_y)^2,False
moderate,3,1.8,3131,True,Proposed,service,3,aware,none,0.2,0.55,2,0.6645536838682295,1.2920864062772033,0.1681212766429475,1.939680221845153,11.759938568106705,0.36837509799037926,1048,685,1048,221.20311944623168,0.6536259541984732,0.8377999999993335,1.8169999999884112,2.343521158856937,(gap/tau_g)^2+(speed/tau_v)^2+(lateral/tau_y)^2,False
moderate,3,1.8,3132,True,Proposed,service,3,aware,none,0.2,0.55,2,0.6547764490976137,1.2846498589904398,0.16656299609189923,1.9359365744427772,11.947275821874058,0.4212123343334859,1049,759,1049,222.2738084256955,0.7235462345090562,0.8993500000116228,1.3831999999922573,2.2977740501982797,(gap/tau_g)^2+(speed/tau_v)^2+(lateral/tau_y)^2,False
moderate,3,1.8,3133,True,Proposed,service,3,aware,none,0.2,0.55,2,0.6599177055529689,1.2838953518347442,0.16642957800129768,2.02096224254537,12.072582336906486,0.42910134309063497,1050,733,1050,222.5633103398057,0.6980952380952381,0.8739999999960446,1.3517000000149437,2.307690920788607,(gap/tau_g)^2+(speed/tau_v)^2+(lateral/tau_y)^2,False
moderate,3,1.8,3134,True,Proposed,service,3,aware,none,0.2,0.55,2,0.6577477685073517,1.2917519847031567,0.1672505122123591,1.8775237362067307,11.979953736002358,0.4727363885974859,1050,749,1050,222.10707769247946,0.7133333333333334,1.0040500000059183,4.461300000002666,2.3197804894108036,(gap/tau_g)^2+(speed/tau_v)^2+(lateral/tau_y)^2,False
moderate,3,1.8,3135,True,Proposed,service,3,aware,none,0.2,0.55,2,0.6577084636531864,1.2860344734964417,0.1676961735499836,1.8694081596762422,11.607815851782888,0.4496545553470729,1050,737,1050,221.86682904109549,0.7019047619047619,0.8059500000001663,1.866400000011481,2.3159007366439637,(gap/tau_g)^2+(speed/tau_v)^2+(lateral/tau_y)^2,False
moderate,3,1.8,3136,True,Proposed,service,3,aware,none,0.2,0.55,2,0.6613450392443435,1.28583452907903,0.1664242609310553,1.8812574589009903,11.757640974892809,0.4329036247648468,1050,716,1050,222.56635470473896,0.6819047619047619,0.850950000000239,2.1380000000021937,2.31354178563904,(gap/tau_g)^2+(speed/tau_v)^2+(lateral/tau_y)^2,False
moderate,3,1.8,3137,True,Proposed,service,3,aware,none,0.2,0.55,2,0.6597060165873353,1.2882297774434819,0.16729291858058676,1.9954194165022046,11.954644552260298,0.4370567486248128,1048,759,1048,221.65558206787023,0.7242366412213741,0.9362000000123771,1.8250000000250566,2.320085307900901,(gap/tau_g)^2+(speed/tau_v)^2+(lateral/tau_y)^2,False
moderate,3,1.8,3138,True,Proposed,service,3,aware,none,0.2,0.55,2,0.659375972521873,1.2940546819115333,0.1673059945730831,1.9065624766805593,11.050258297407296,0.4127909760802544,1050,734,1050,222.06194952911105,0.699047619047619,0.9155999999990172,1.745299999981853,2.327094988905766,(gap/tau_g)^2+(speed/tau_v)^2+(lateral/tau_y)^2,False
moderate,3,1.8,3139,True,Proposed,service,3,aware,none,0.2,0.55,2,0.6650432313051748,1.269599544116245,0.16638552177168642,1.9342615181075564,12.147190227012707,0.48622419771778813,1050,735,1050,222.56964811388772,0.7,0.942499999993629,1.5400999999997111,2.3007728324496735,(gap/tau_g)^2+(speed/tau_v)^2+(lateral/tau_y)^2,False
moderate,3,1.8,3140,True,Proposed,service,3,aware,none,0.2,0.55,2,0.6653528608862278,1.2709859902839729,0.16630156933435117,1.8658946355563295,11.749344065084948,0.4274923131350675,1050,760,1050,222.64587995799135,0.7238095238095238,0.7214499999861346,1.952600000009852,2.3026040403620476,(gap/tau_g)^2+(speed/tau_v)^2+(lateral/tau_y)^2,False
moderate,3,1.8,3141,True,Proposed,service,3,aware,none,0.2,0.55,2,0.6655228672028772,1.2900131206966987,0.16744722943435664,1.8858923438139483,11.330479517832359,0.4788743993286875,1050,735,1050,221.986713545418,0.7,0.4981000000015001,1.5774000000021715,2.3374268038426163,(gap/tau_g)^2+(speed/tau_v)^2+(lateral/tau_y)^2,False
moderate,3,1.8,3142,True,Proposed,service,3,aware,none,0.2,0.55,2,0.653863093940375,1.279994802792738,0.1671058666964008,1.9331020397625094,11.963877895851944,0.4472845193421018,1050,769,1050,222.1771150677826,0.7323809523809524,0.420249999990574,0.7742999999891254,2.2940865273779107,(gap/tau_g)^2+(speed/tau_v)^2+(lateral/tau_y)^2,False
moderate,3,1.8,3143,True,Proposed,service,3,aware,none,0.2,0.55,2,0.656221628267097,1.2684380978677814,0.1668409818632752,1.9309994331670413,12.024797541418543,0.46422645524919526,1050,728,1050,222.3333288021701,0.6933333333333334,0.4973000000063621,6.203999999996768,2.282341941715016,(gap/tau_g)^2+(speed/tau_v)^2+(lateral/tau_y)^2,False
moderate,3,1.8,3144,True,Proposed,service,3,aware,none,0.2,0.55,2,0.6561502954734907,1.2868316912584072,0.16728572240830894,1.887318516385029,11.878458865183873,0.4437349871574079,1050,736,1050,222.07512349281572,0.700952380952381,0.5242999999950371,1.3679999999851589,2.309870401731153,(gap/tau_g)^2+(speed/tau_v)^2+(lateral/tau_y)^2,False
moderate,3,1.8,3145,True,Proposed,service,3,aware,none,0.2,0.55,2,0.6643927380942545,1.2987945531274019,0.16744149502751193,1.921294685931553,11.954632475824496,0.4610777609574739,1050,728,1050,222.00405821367946,0.6933333333333334,1.2666000000010058,1.888399999998569,2.3463055299103415,(gap/tau_g)^2+(speed/tau_v)^2+(lateral/tau_y)^2,False
moderate,3,1.8,3146,True,Proposed,service,3,aware,none,0.2,0.55,2,0.644820175046409,1.2952621299869675,0.16707033981044112,1.78966799676228,12.092775028328099,0.4851849518925734,1050,717,1050,222.19057688164818,0.6828571428571428,1.1947500000033529,1.802900000001273,2.2929715411486127,(gap/tau_g)^2+(speed/tau_v)^2+(lateral/tau_y)^2,False
moderate,3,1.8,3147,True,Proposed,service,3,aware,none,0.2,0.55,2,0.6557452927179442,1.2861051616080657,0.16708514353790793,1.9573801173868532,11.933320199449966,0.4613346078199172,1049,779,1049,221.97841776840983,0.7426120114394662,1.1456999999950312,2.369900000005032,2.3062954051183535,(gap/tau_g)^2+(speed/tau_v)^2+(lateral/tau_y)^2,False
moderate,3,1.8,3148,True,Proposed,service,3,aware,none,0.2,0.55,2,0.6564289466566358,1.272743253339899,0.16698859314386072,1.9020745045530436,11.945044053505598,0.46427006884137967,1050,687,1050,222.25987072728012,0.6542857142857142,1.1944499999927416,1.7908000000090851,2.289639390295199,(gap/tau_g)^2+(speed/tau_v)^2+(lateral/tau_y)^2,False
moderate,3,1.8,3149,True,Proposed,service,3,aware,none,0.2,0.55,2,0.6589577721478808,1.2850409690000364,0.16676613366012066,1.8479511011836531,11.53042642432235,0.4715665003615549,1050,736,1050,222.37661899904938,0.700952380952381,1.3247999999990157,2.449699999999666,2.3097452082367655,(gap/tau_g)^2+(speed/tau_v)^2+(lateral/tau_y)^2,False
moderate,3,1.8,3150,True,Proposed,service,3,aware,none,0.2,0.55,2,0.6555021329283074,1.2915125352865033,0.16659838131197507,1.8815177263560137,11.911522338777878,0.41428264359556144,1050,790,1050,222.46066155970252,0.7523809523809524,1.2228000000007455,2.0324999999985494,2.3087792573442787,(gap/tau_g)^2+(speed/tau_v)^2+(lateral/tau_y)^2,False
moderate,3,2.0,3101,True,Proposed,service,3,aware,none,0.2,0.55,2,0.6662732685047007,1.3450379046395482,0.16620022605216173,1.7593585245715413,17.200915974308188,0.45787909641908353,1050,729,1050,222.73393179228347,0.6942857142857143,1.222050000002639,2.4140000000016926,2.402778072763051,(gap/tau_g)^2+(speed/tau_v)^2+(lateral/tau_y)^2,False
moderate,3,2.0,3102,True,Proposed,service,3,aware,none,0.2,0.55,2,0.6771768025685572,1.3583054004038893,0.16657968249347166,1.8940585983827158,17.413902618875433,0.45311056581203657,1049,776,1049,222.30275885223313,0.7397521448999047,1.2662000000034368,1.7911000000054855,2.450275760889787,(gap/tau_g)^2+(speed/tau_v)^2+(lateral/tau_y)^2,False
moderate,3,2.0,3103,True,Proposed,service,3,aware,none,0.2,0.55,2,0.6776837037312928,1.3444832884521023,0.16655376316598164,1.849700025363874,17.241278668485293,0.45776136265811573,1050,763,1050,222.5017592590359,0.7266666666666667,1.2070499999978779,1.9702999999964277,2.4322205083604547,(gap/tau_g)^2+(speed/tau_v)^2+(lateral/tau_y)^2,False
moderate,3,2.0,3104,True,Proposed,service,3,aware,none,0.2,0.55,2,0.6840698194351639,1.3501982107252815,0.16659781224594303,1.9002944100171733,17.28493941378153,0.462490890375855,1049,766,1049,222.26611304289955,0.7302192564346998,1.1901000000023032,2.4769999999989523,2.4559045898679255,(gap/tau_g)^2+(speed/tau_v)^2+(lateral/tau_y)^2,False
moderate,3,2.0,3105,True,Proposed,service,3,aware,none,0.2,0.55,2,0.6692240835123846,1.342642391797555,0.16608637878778806,1.9420397075994484,17.059873941811794,0.4296762742153941,1050,728,1050,222.77311818967254,0.6933333333333334,1.2049999999845795,1.9503000000042903,2.4055533174002974,(gap/tau_g)^2+(speed/tau_v)^2+(lateral/tau_y)^2,False
moderate,3,2.0,3106,True,Proposed,service,3,aware,none,0.2,0.55,2,0.6733014489785376,1.3528931257943404,0.16683784954291359,1.7764303419013803,17.328459059807614,0.48216264337517467,1050,737,1050,222.34805542527417,0.7019047619047619,1.2945499999972299,2.158100000002605,2.4356369452383992,(gap/tau_g)^2+(speed/tau_v)^2+(lateral/tau_y)^2,False
moderate,3,2.0,3107,True,Proposed,service,3,aware,none,0.2,0.55,2,0.6879936142568004,1.3542912291882032,0.16692471144646587,1.8558841503760768,17.22985525141229,0.41878698807692527,1049,739,1049,222.08659499010292,0.7044804575786463,1.1984500000039588,1.6741999999965174,2.473849027008234,(gap/tau_g)^2+(speed/tau_v)^2+(lateral/tau_y)^2,False
moderate,3,2.0,3108,True,Proposed,service,3,aware,none,0.2,0.55,2,0.6839830814330932,1.3506625679291233,0.16706611159285742,1.8085786765488145,17.343091161335224,0.4126558005569838,1050,724,1050,222.23183093857975,0.6895238095238095,0.8220000000136451,2.181100000001379,2.460239879503125,(gap/tau_g)^2+(speed/tau_v)^2+(lateral/tau_y)^2,False
moderate,3,2.0,3109,True,Proposed,service,3,aware,none,0.2,0.55,2,0.6884857275723415,1.3530559626029055,0.1669863383327057,1.818594239393674,16.889428199582376,0.46120947639202703,1050,722,1050,222.26644644634,0.6876190476190476,0.8975999999876194,1.8034999999940737,2.4738614391295117,(gap/tau_g)^2+(speed/tau_v)^2+(lateral/tau_y)^2,False
moderate,3,2.0,3110,True,Proposed,service,3,aware,none,0.2,0.55,2,0.6676114371928955,1.351193677394436,0.16547370089571145,1.8201888357579474,17.0744374012367,0.4580185386648391,1050,762,1050,223.124991272115,0.7257142857142858,0.8511499999883654,3.173599999996668,2.4083951591450026,(gap/tau_g)^2+(speed/tau_v)^2+(lateral/tau_y)^2,False
moderate,3,2.0,3111,True,Proposed,service,3,aware,none,0.2,0.55,2,0.6735329528971873,1.351429232995341,0.16661202402138414,1.848248631270017,17.36472838418213,0.4721903168937097,1050,747,1050,222.47604847196442,0.7114285714285714,0.8218499999941287,2.2093999999981406,2.432288899191568,(gap/tau_g)^2+(speed/tau_v)^2+(lateral/tau_y)^2,False
moderate,3,2.0,3112,True,Proposed,service,3,aware,none,0.2,0.55,2,0.6771725293861366,1.3519877800222333,0.1660485648795012,1.9273032850143177,16.986130419312808,0.43255957365729036,1050,752,1050,222.79615467664794,0.7161904761904762,0.9679000000062388,1.7411999999978889,2.4371128320223154,(gap/tau_g)^2+(speed/tau_v)^2+(lateral/tau_y)^2,False
moderate,3,2.0,3113,True,Proposed,service,3,aware,none,0.2,0.55,2,0.6839797846532062,1.3519652781105493,0.1661287859855592,1.921064893182222,16.975219211507344,0.489641366849802,1049,737,1049,222.53462439606136,0.7025738798856054,0.9331999999915297,1.7315999999993892,2.4542203555415156,(gap/tau_g)^2+(speed/tau_v)^2+(lateral/tau_y)^2,False
moderate,3,2.0,3114,True,Proposed,service,3,aware,none,0.2,0.55,2,0.6744266431434123,1.3481858814056555,0.1658177310134863,1.8484678136729553,17.39590041323852,0.48140742601514885,1050,776,1050,222.92145585527982,0.7390476190476191,0.8308999999968592,2.1097999999994954,2.4233621028787415,(gap/tau_g)^2+(speed/tau_v)^2+(lateral/tau_y)^2,False
moderate,3,2.0,3115,True,Proposed,service,3,aware,none,0.2,0.55,2,0.6747187471814012,1.3573110197591902,0.1662033597920749,1.934340473996067,17.015815375609307,0.4683096090971606,1050,732,1050,222.6963449994153,0.6971428571428572,0.8586499999978514,1.8096999999954733,2.439859566445964,(gap/tau_g)^2+(speed/tau_v)^2+(lateral/tau_y)^2,False
moderate,3,2.0,3116,True,Proposed,service,3,aware,none,0.2,0.55,2,0.6799746378004,1.353356493180296,0.16687289797129032,1.8091775396088248,17.408273597226945,0.4817431800809846,1050,732,1050,222.3347530423669,0.6971428571428572,0.9540500000042584,1.9921999999894524,2.452623654722725,(gap/tau_g)^2+(speed/tau_v)^2+(lateral/tau_y)^2,False
moderate,3,2.0,3117,True,Proposed,service,3,aware,none,0.2,0.55,2,0.6660653132517382,1.3467205348419733,0.16625006810362677,1.7844742291858011,17.150255279680096,0.49340407716711554,1050,745,1050,222.6910147635001,0.7095238095238096,0.860050000014212,1.7818000000033862,2.405010593365643,(gap/tau_g)^2+(speed/tau_v)^2+(lateral/tau_y)^2,False
moderate,3,2.0,3118,True,Proposed,service,3,aware,none,0.2,0.55,2,0.6702543487662478,1.3579960956605148,0.16640608927842418,1.8268167072083692,17.212498561795385,0.44467892163601497,1050,798,1050,222.58848488662997,0.76,0.8346499999873913,2.214699999996128,2.4318197281701455,(gap/tau_g)^2+(speed/tau_v)^2+(lateral/tau_y)^2,False
moderate,3,2.0,3119,True,Proposed,service,3,aware,none,0.2,0.55,2,0.6730916643553744,1.3475597863610271,0.16661171662462404,1.8839568274608842,16.89041649939199,0.4146006663536014,1050,712,1050,222.4803678381516,0.6780952380952381,0.7810999999975365,1.5652000000159205,2.4259015296513033,(gap/tau_g)^2+(speed/tau_v)^2+(lateral/tau_y)^2,False
moderate,3,2.0,3120,True,Proposed,service,3,aware,none,0.2,0.55,2,0.6727644467407197,1.3325374630734168,0.1657702387529127,1.811151423066776,17.433356676200923,0.4844505847622166,1049,723,1049,222.74385493416233,0.6892278360343184,1.1521000000129789,2.2304999999960273,2.397584843325769,(gap/tau_g)^2+(speed/tau_v)^2+(lateral/tau_y)^2,False
moderate,3,2.0,3121,True,Proposed,service,3,aware,none,0.2,0.55,2,0.6795145361014843,1.3650825332033887,0.16725595764147103,1.9325211584576956,17.19746469852676,0.45424740012589704,1050,736,1050,222.11872761722498,0.700952380952381,0.938749999988886,1.5526999999906366,2.4709749641982013,(gap/tau_g)^2+(speed/tau_v)^2+(lateral/tau_y)^2,False
moderate,3,2.0,3122,True,Proposed,service,3,aware,none,0.2,0.55,2,0.6732003129312685,1.3531495632279142,0.16653085864829104,1.8240044462512373,17.321168646182954,0.48447254511609483,1050,764,1050,222.5356101508633,0.7276190476190476,0.7604999999983875,1.308099999988599,2.433190364996036,(gap/tau_g)^2+(speed/tau_v)^2+(lateral/tau_y)^2,False
moderate,3,2.0,3123,True,Proposed,service,3,aware,none,0.2,0.55,2,0.6686857589989608,1.3580927943343621,0.16716683938395757,1.9376481614589274,17.16571033186551,0.47289754824389174,1050,759,1050,222.17890866808267,0.7228571428571429,0.9489500000086082,1.74630000000775,2.4345640965250386,(gap/tau_g)^2+(speed/tau_v)^2+(lateral/tau_y)^2,False
moderate,3,2.0,3124,True,Proposed,service,3,aware,none,0.2,0.55,2,0.6820465428829144,1.3404779794033181,0.1665331045688729,1.9110771921900445,17.339795144920195,0.4407952098804452,1050,767,1050,222.5237225288488,0.7304761904761905,0.7884499999875061,2.001000000007025,2.4371079784324596,(gap/tau_g)^2+(speed/tau_v)^2+(lateral/tau_y)^2,False
moderate,3,2.0,3125,True,Proposed,service,3,aware,none,0.2,0.55,2,0.6538831550316777,1.3501715854306786,0.16620965033681434,1.79182590046228,17.15853663131348,0.49152797037843277,1050,741,1050,222.70310174921957,0.7057142857142857,0.8483000000154561,1.7466000000183612,2.3808368388808625,(gap/tau_g)^2+(speed/tau_v)^2+(lateral/tau_y)^2,False
moderate,3,2.0,3126,True,Proposed,service,3,aware,none,0.2,0.55,2,0.6740870925993004,1.349401438914973,0.1658586241196987,1.7923337694502035,17.382411614050284,0.4694523260386132,1050,719,1050,222.89054675683985,0.6847619047619048,0.7709500000032676,1.7047000000047774,2.4245601568457826,(gap/tau_g)^2+(speed/tau_v)^2+(lateral/tau_y)^2,False
moderate,3,2.0,3127,True,Proposed,service,3,aware,none,0.2,0.55,2,0.6703885090347063,1.3649973165098401,0.16611779438815025,1.8840327177046767,17.13652427943034,0.40155584360707397,1050,739,1050,222.7579800534841,0.7038095238095238,0.8935000000036553,2.7947000000096978,2.439469530231767,(gap/tau_g)^2+(speed/tau_v)^2+(lateral/tau_y)^2,False
moderate,3,2.0,3128,True,Proposed,service,3,aware,none,0.2,0.55,2,0.683128096684262,1.3491201081577286,0.16578557536460245,1.8299798135887801,17.259123651452008,0.49433879885364107,1050,724,1050,222.95412112330754,0.6895238095238095,0.9646500000002334,1.690400000001091,2.4453815454797283,(gap/tau_g)^2+(speed/tau_v)^2+(lateral/tau_y)^2,False
moderate,3,2.0,3129,True,Proposed,service,3,aware,none,0.2,0.55,2,0.6655210891623149,1.3504328841689974,0.16664904991590349,1.910038301833537,17.398525511508204,0.47431009525319845,1050,746,1050,222.4613090478678,0.7104761904761905,0.9599500000092576,2.1442999999976564,2.4121513472371783,(gap/tau_g)^2+(speed/tau_v)^2+(lateral/tau_y)^2,False
moderate,3,2.0,3130,True,Proposed,service,3,aware,none,0.2,0.55,2,0.6698273237696427,1.3528475318463797,0.16684550696164133,1.8693753407697904,17.259043754675446,0.45531995492701316,1050,772,1050,222.32762295256165,0.7352380952380952,0.8781999999882828,1.6870000000039909,2.4273424202656613,(gap/tau_g)^2+(speed/tau_v)^2+(lateral/tau_y)^2,False
moderate,3,2.0,3131,True,Proposed,service,3,aware,none,0.2,0.55,2,0.6842852410451257,1.358710906208041,0.16745769977513247,1.8518995475864508,17.052387203679082,0.39186472613764123,1048,677,1048,221.59071930654196,0.6459923664122137,1.0849499999920909,1.9651000000067143,2.4753752519546883,(gap/tau_g)^2+(speed/tau_v)^2+(lateral/tau_y)^2,False
moderate,3,2.0,3132,True,Proposed,service,3,aware,none,0.2,0.55,2,0.670361777120105,1.3504332083051727,0.16595438117007827,1.8777669986204204,17.387660236064825,0.42752261764191246,1049,754,1049,222.6337572864726,0.7187797902764538,0.9049499999917998,1.8487000000106946,2.417871727426431,(gap/tau_g)^2+(speed/tau_v)^2+(lateral/tau_y)^2,False
moderate,3,2.0,3133,True,Proposed,service,3,aware,none,0.2,0.55,2,0.6758858714621823,1.3513365444796208,0.16581063601722792,1.9539091672631557,17.43008130976957,0.43415201902706546,1050,725,1050,222.9275447526123,0.6904761904761905,0.9087500000077853,1.5061000000002878,2.431145670454608,(gap/tau_g)^2+(speed/tau_v)^2+(lateral/tau_y)^2,False
moderate,3,2.0,3134,True,Proposed,service,3,aware,none,0.2,0.55,2,0.6763094302381767,1.3587255976957886,0.16661457887589315,1.851041751321314,17.28330979825357,0.4784043286220875,1050,757,1050,222.48164568274078,0.7209523809523809,0.8582999999902086,1.4644999999973152,2.4490618678237133,(gap/tau_g)^2+(speed/tau_v)^2+(lateral/tau_y)^2,False
moderate,3,2.0,3135,True,Proposed,service,3,aware,none,0.2,0.55,2,0.6760440217561078,1.3535328164514915,0.16705771490914326,1.8212618198190411,17.01753637650455,0.4592487214928225,1050,749,1050,222.24561575736126,0.7133333333333334,0.9069999999979927,1.9513000000017655,2.4449345341602715,(gap/tau_g)^2+(speed/tau_v)^2+(lateral/tau_y)^2,False
moderate,3,2.0,3136,True,Proposed,service,3,aware,none,0.2,0.55,2,0.6734651672675607,1.3541248916601922,0.1658156224381741,1.8274355621436296,17.20899666238546,0.4873920001415488,1050,725,1050,222.92401549869862,0.6904761904761905,0.46380000000567634,0.8976000000018303,2.4292289739640998,(gap/tau_g)^2+(speed/tau_v)^2+(lateral/tau_y)^2,False
moderate,3,2.0,3137,True,Proposed,service,3,aware,none,0.2,0.55,2,0.6742412156902735,1.357117253339774,0.16665751357734507,1.955231593866775,17.319631770013096,0.4334810307781273,1048,752,1048,222.02825162972908,0.7175572519083969,0.45090000000413966,0.8951000000081422,2.442225274927774,(gap/tau_g)^2+(speed/tau_v)^2+(lateral/tau_y)^2,False
moderate,3,2.0,3138,True,Proposed,service,3,aware,none,0.2,0.55,2,0.677285581292039,1.3605322384224272,0.16667217344744129,1.8234184949324554,16.753104995026547,0.4288540204422552,1050,738,1050,222.43557005899189,0.7028571428571428,0.5545500000039283,5.921499999999469,2.4543972475477345,(gap/tau_g)^2+(speed/tau_v)^2+(lateral/tau_y)^2,False
moderate,3,2.0,3139,True,Proposed,service,3,aware,none,0.2,0.55,2,0.6835706145348348,1.334794559732538,0.16577899472420696,1.8631095962572894,17.400679586897397,0.4860908326823776,1050,740,1050,222.92754344124452,0.7047619047619048,0.4923500000018066,1.0753999999906227,2.426785570580253,(gap/tau_g)^2+(speed/tau_v)^2+(lateral/tau_y)^2,False
moderate,3,2.0,3140,True,Proposed,service,3,aware,none,0.2,0.55,2,0.6803806269847807,1.3384371114143043,0.16570509787315657,1.8364111683320619,17.178359821685547,0.4394597059541582,1050,759,1050,222.9978839732229,0.7228571428571429,0.4555999999809046,0.9484999999926913,2.4234061442889767,(gap/tau_g)^2+(speed/tau_v)^2+(lateral/tau_y)^2,False
moderate,3,2.0,3141,True,Proposed,service,3,aware,none,0.2,0.55,2,0.6799440691176356,1.3570954685224743,0.166817864179487,1.826236588232686,16.641249729659975,0.4851103353962317,1050,731,1050,222.36325199583771,0.6961904761904761,0.6107000000241669,44.138599999996586,2.457261212043532,(gap/tau_g)^2+(speed/tau_v)^2+(lateral/tau_y)^2,False
moderate,3,2.0,3142,True,Proposed,service,3,aware,none,0.2,0.55,2,0.6716624697704175,1.3456489703028902,0.16648589348447657,1.8913642558148047,17.552845031556522,0.47491025988354363,1050,760,1050,222.54345804467607,0.7238095238095238,0.45099999999820284,1.1082999999985077,2.4188113808251406,(gap/tau_g)^2+(speed/tau_v)^2+(lateral/tau_y)^2,False
moderate,3,2.0,3143,True,Proposed,service,3,aware,none,0.2,0.55,2,0.6725196430927705,1.3354020058957572,0.16620169025852322,1.8956739894738086,17.193749555472188,0.4701782867292319,1050,719,1050,222.71111613166934,0.6847619047619048,0.45575000001463195,0.9717000000080134,2.40447930905584,(gap/tau_g)^2+(speed/tau_v)^2+(lateral/tau_y)^2,False
moderate,3,2.0,3144,True,Proposed,service,3,aware,none,0.2,0.55,2,0.673745926004886,1.3529321736600868,0.16665363298790628,1.8604535857462974,17.305852997191735,0.4540657390030013,1050,737,1050,222.44864377723218,0.7019047619047619,0.492549999989933,1.1591999999893687,2.435219397172558,(gap/tau_g)^2+(speed/tau_v)^2+(lateral/tau_y)^2,False
moderate,3,2.0,3145,True,Proposed,service,3,aware,none,0.2,0.55,2,0.6831904537966706,1.3651151467197264,0.16680255754676707,1.895810646721744,17.351173446464934,0.4698539022276236,1050,731,1050,222.38022911160056,0.6961904761904761,0.44645000001253266,1.1729000000002543,2.476139068526223,(gap/tau_g)^2+(speed/tau_v)^2+(lateral/tau_y)^2,False
moderate,3,2.0,3146,True,Proposed,service,3,aware,none,0.2,0.55,2,0.6637459321630678,1.3586319391171473,0.16645778251623788,1.7489144778898944,17.3051284379937,0.48819435451793114,1050,734,1050,222.55431716717692,0.699047619047619,0.4492999999854419,0.6293999999797961,2.4176961247506625,(gap/tau_g)^2+(speed/tau_v)^2+(lateral/tau_y)^2,False
moderate,3,2.0,3147,True,Proposed,service,3,aware,none,0.2,0.55,2,0.6677990961817307,1.3547854951820233,0.16645654979838037,1.8448417484833826,17.427881956887745,0.46630662819854807,1049,769,1049,222.34640598712133,0.7330791229742613,0.43395000000145956,0.7436999999868021,2.4219554749569117,(gap/tau_g)^2+(speed/tau_v)^2+(lateral/tau_y)^2,False
moderate,3,2.0,3148,True,Proposed,service,3,aware,none,0.2,0.55,2,0.6698729281405412,1.3424349420426163,0.16637488983798168,1.8355297755999989,17.238034619916988,0.47584268122231155,1050,686,1050,222.61878880954774,0.6533333333333333,0.45569999998917865,1.0108999999829393,2.409211743456722,(gap/tau_g)^2+(speed/tau_v)^2+(lateral/tau_y)^2,False
moderate,3,2.0,3149,True,Proposed,service,3,aware,none,0.2,0.55,2,0.6755648121120819,1.350999923725403,0.16615846272554588,1.8007947276392655,16.835299231786294,0.4769809422749701,1050,731,1050,222.73445057298517,0.6961904761904761,0.4333999999914795,1.1065999999857468,2.4327968794356627,(gap/tau_g)^2+(speed/tau_v)^2+(lateral/tau_y)^2,False
moderate,3,2.0,3150,True,Proposed,service,3,aware,none,0.2,0.55,2,0.6726748890229385,1.3569917374517235,0.16599204880287824,1.8342337080599715,17.374645185536146,0.4262281405556262,1050,784,1050,222.81859450690663,0.7466666666666667,0.44460000000867694,0.8780999999942196,2.4327667060700997,(gap/tau_g)^2+(speed/tau_v)^2+(lateral/tau_y)^2,False
moderate,3,2.2,3101,False,Proposed,service,3,aware,none,0.2,0.55,2,0.6760267621103325,1.403160334473449,0.16559125418712078,1.7164093984623554,22.628612634227828,0.46463423676416915,1050,722,1050,223.0929253551551,0.6876190476190476,0.5179999999995744,1.0130000000003747,2.50249754915754,(gap/tau_g)^2+(speed/tau_v)^2+(lateral/tau_y)^2,False
moderate,3,2.2,3102,False,Proposed,service,3,aware,none,0.2,0.55,2,0.6860316964998644,1.4187207768137364,0.16596162480503263,1.876805966635007,22.850017912461475,0.4595146367834281,1049,775,1049,222.66152686548108,0.7387988560533841,0.45970000000750133,1.0293999999930747,2.5521967236981937,(gap/tau_g)^2+(speed/tau_v)^2+(lateral/tau_y)^2,False
moderate,3,2.2,3103,False,Proposed,service,3,aware,none,0.2,0.55,2,0.6858415471579752,1.403772534765344,0.16592226434612606,1.8166109743794303,22.674727178655537,0.4757794302499324,1050,767,1050,222.87703960932384,0.7304761904761905,0.4527000000109638,1.0087999999939257,2.52988021341541,(gap/tau_g)^2+(speed/tau_v)^2+(lateral/tau_y)^2,False
moderate,3,2.2,3104,False,Proposed,service,3,aware,none,0.2,0.55,2,0.692906506151719,1.4104366242843243,0.16599040147501093,1.864185931303163,22.53601465286637,0.4632903134107914,1049,771,1049,222.6253929962794,0.7349857006673022,0.47244999998952153,0.9421000000031654,2.5573310175304718,(gap/tau_g)^2+(speed/tau_v)^2+(lateral/tau_y)^2,False
moderate,3,2.2,3105,True,Proposed,service,3,aware,none,0.2,0.55,2,0.680499642366842,1.3994898745759257,0.16548901098220206,1.8703689028912898,22.47002089763405,0.44323547530444396,1050,723,1050,223.12901527459437,0.6885714285714286,0.4441500000069709,1.1326000000053682,2.5071896135249365,(gap/tau_g)^2+(speed/tau_v)^2+(lateral/tau_y)^2,False
moderate,3,2.2,3106,False,Proposed,service,3,aware,none,0.2,0.55,2,0.6856097565646567,1.4100042614592136,0.16622368560093337,1.7713157566499975,22.690856896429594,0.4762616263093493,1050,729,1050,222.7131140815243,0.6942857142857143,0.4937000000069247,1.0719999999935226,2.540764242104842,(gap/tau_g)^2+(speed/tau_v)^2+(lateral/tau_y)^2,False
moderate,3,2.2,3107,False,Proposed,service,3,aware,none,0.2,0.55,2,0.6968727885664089,1.4145563029171895,0.1662870496502225,1.8024456695015985,22.57239454745703,0.4402235118758845,1049,741,1049,222.46227913606702,0.7063870352716873,0.4407999999926915,0.854599999996708,2.575532610578533,(gap/tau_g)^2+(speed/tau_v)^2+(lateral/tau_y)^2,False
moderate,3,2.2,3108,False,Proposed,service,3,aware,none,0.2,0.55,2,0.6962104418599169,1.4097468776984023,0.16644638402567555,1.763969533997363,22.65109540240401,0.41815604891760716,1050,727,1050,222.5971226112362,0.6923809523809524,0.46220000000118944,1.4421999999854052,2.5682874022813302,(gap/tau_g)^2+(speed/tau_v)^2+(lateral/tau_y)^2,False
moderate,3,2.2,3109,False,Proposed,service,3,aware,none,0.2,0.55,2,0.701010192965364,1.4087327415134536,0.16635955146589382,1.756305714373092,22.493843504380948,0.48870878520158256,1050,729,1050,222.63573464725968,0.6942857142857143,0.4872999999889771,1.5325999999902251,2.578028946038268,(gap/tau_g)^2+(speed/tau_v)^2+(lateral/tau_y)^2,False
moderate,3,2.2,3110,False,Proposed,service,3,aware,none,0.2,0.55,2,0.679652967313657,1.406897236471554,0.1648736563106415,1.7915750227120704,22.613425976480542,0.45440587818368394,1050,763,1050,223.47949144321055,0.7266666666666667,0.44305000000122163,0.8476000000143813,2.5106661405810935,(gap/tau_g)^2+(speed/tau_v)^2+(lateral/tau_y)^2,False
moderate,3,2.2,3111,False,Proposed,service,3,aware,none,0.2,0.55,2,0.6860989629026334,1.408055262314239,0.16600261399150465,1.7792430327184585,22.635928857592177,0.48072879305109384,1050,763,1050,222.83835563518403,0.7266666666666667,0.44359999999699085,1.162800000003017,2.53731882966982,(gap/tau_g)^2+(speed/tau_v)^2+(lateral/tau_y)^2,False
moderate,3,2.2,3112,False,Proposed,service,3,aware,none,0.2,0.55,2,0.6877192652630705,1.4092603651560225,0.16544817212434607,1.847991235307926,22.639563367247725,0.4261487390760308,1050,757,1050,223.1521366647601,0.7209523809523809,0.42350000001079025,0.8362000000090575,2.53841413179077,(gap/tau_g)^2+(speed/tau_v)^2+(lateral/tau_y)^2,False
moderate,3,2.2,3113,False,Proposed,service,3,aware,none,0.2,0.55,2,0.6952989685850611,1.410481515964617,0.16553916305155922,1.8793584017975358,22.243915476092027,0.4699418812044329,1049,737,1049,222.8820725365349,0.7025738798856054,0.46104999999840857,1.1958999999990283,2.559560063566759,(gap/tau_g)^2+(speed/tau_v)^2+(lateral/tau_y)^2,False
moderate,3,2.2,3114,False,Proposed,service,3,aware,none,0.2,0.55,2,0.6841527089561213,1.4053272620269273,0.16521139834801837,1.782787300461314,22.687133059207632,0.44349542115643636,1050,766,1050,223.280470585106,0.7295238095238096,0.44290000001012686,0.8604999999874963,2.5221104370153204,(gap/tau_g)^2+(speed/tau_v)^2+(lateral/tau_y)^2,False
moderate,3,2.2,3115,False,Proposed,service,3,aware,none,0.2,0.55,2,0.6832766690036834,1.4144573362723605,0.16558826803210808,1.818101851284041,22.610725684023087,0.4763700485992426,1050,729,1050,223.061032370872,0.6942857142857143,0.4503499999941596,0.7443000000080247,2.5362326295306112,(gap/tau_g)^2+(speed/tau_v)^2+(lateral/tau_y)^2,False
moderate,3,2.2,3116,False,Proposed,service,3,aware,none,0.2,0.55,2,0.6904269070859901,1.4124262359557065,0.16625274077552737,1.805216900933246,22.77689268632919,0.4858005769633523,1050,739,1050,222.70031203443264,0.7038095238095238,0.44369999999105403,1.752799999991339,2.5562775617150004,(gap/tau_g)^2+(speed/tau_v)^2+(lateral/tau_y)^2,False
moderate,3,2.2,3117,False,Proposed,service,3,aware,none,0.2,0.55,2,0.6792200691562437,1.4025044265314817,0.16563487752381229,1.723350173676554,22.90149400994151,0.48825755318128394,1050,748,1050,223.05242377775568,0.7123809523809523,0.4770999999976766,1.2925000000052478,2.50961359496414,(gap/tau_g)^2+(speed/tau_v)^2+(lateral/tau_y)^2,False
moderate,3,2.2,3118,False,Proposed,service,3,aware,none,0.2,0.55,2,0.682025494137172,1.4146892545768366,0.16579153114508693,1.7822635343647413,22.491436774623857,0.4650297196203049,1050,797,1050,222.95146833740145,0.7590476190476191,0.45144999999990887,0.918000000012853,2.5352144659753915,(gap/tau_g)^2+(speed/tau_v)^2+(lateral/tau_y)^2,False
moderate,3,2.2,3119,False,Proposed,service,3,aware,none,0.2,0.55,2,0.6870007892483307,1.4030476707493607,0.16601505604539188,1.8490540505701538,22.4408250732791,0.4375871347689495,1050,705,1050,222.83830598585743,0.6714285714285714,0.45635000000743275,0.6654999999966549,2.5324414529988304,(gap/tau_g)^2+(speed/tau_v)^2+(lateral/tau_y)^2,False
moderate,3,2.2,3120,True,Proposed,service,3,aware,none,0.2,0.55,2,0.678964457480178,1.392908775113688,0.16517849221365882,1.780319716135246,22.78026554646997,0.499869049092846,1049,716,1049,223.09576970883114,0.6825548141086749,0.506750000013767,1.0613999999975476,2.4915363309845935,(gap/tau_g)^2+(speed/tau_v)^2+(lateral/tau_y)^2,False
moderate,3,2.2,3121,False,Proposed,service,3,aware,none,0.2,0.55,2,0.6915928366614593,1.4206693513706794,0.16662405686102227,1.8462131765956455,22.822240194433014,0.4655513471763938,1050,728,1050,222.4889834169352,0.6933333333333334,0.4352499999953352,0.8368000000018583,2.5741472931149816,(gap/tau_g)^2+(speed/tau_v)^2+(lateral/tau_y)^2,False
moderate,3,2.2,3122,False,Proposed,service,3,aware,none,0.2,0.55,2,0.6817386467735763,1.412620955651148,0.1659019702228225,1.765465890469055,22.810020613528394,0.4941639304101214,1049,774,1049,222.69352553266972,0.7378455672068637,0.47864999999092106,0.9099000000105661,2.5324512794020024,(gap/tau_g)^2+(speed/tau_v)^2+(lateral/tau_y)^2,False
moderate,3,2.2,3123,False,Proposed,service,3,aware,none,0.2,0.55,2,0.681618250893629,1.4158259110073335,0.16653719676642115,1.8870702775619324,22.694511116589645,0.4792434013409732,1050,757,1050,222.54985099290616,0.7209523809523809,0.5153500000005806,1.3184999999964475,2.542063848429522,(gap/tau_g)^2+(speed/tau_v)^2+(lateral/tau_y)^2,False
moderate,3,2.2,3124,True,Proposed,service,3,aware,none,0.2,0.55,2,0.6888474308670289,1.399534040478349,0.16592107412790258,1.8522435015956782,22.72923594066023,0.4869985716088324,1050,771,1050,222.8883428328576,0.7342857142857143,0.4994999999752281,1.6124000000274918,2.531154250663908,(gap/tau_g)^2+(speed/tau_v)^2+(lateral/tau_y)^2,False
moderate,3,2.2,3125,False,Proposed,service,3,aware,none,0.2,0.55,2,0.663596083579825,1.4073866571532723,0.1656011061603793,1.792992409709815,22.67850438359944,0.4902378388167564,1050,749,1050,223.0626761612964,0.7133333333333334,0.47385000000588207,0.9340000000008786,2.4790351638789954,(gap/tau_g)^2+(speed/tau_v)^2+(lateral/tau_y)^2,False
moderate,3,2.2,3126,False,Proposed,service,3,aware,none,0.2,0.55,2,0.6829437424404793,1.4078722475225558,0.1652602000050679,1.7223596158633143,22.735016828179347,0.4912719122971241,1050,723,1050,223.2458083448904,0.6885714285714286,0.4119000000031292,1.109299999995983,2.523228194089398,(gap/tau_g)^2+(speed/tau_v)^2+(lateral/tau_y)^2,False
moderate,3,2.2,3127,False,Proposed,service,3,aware,none,0.2,0.55,2,0.6848347554848007,1.4205126975245776,0.16551589076668985,1.8162809359084002,22.473467930845118,0.40125077473082127,1050,733,1050,223.11398689913977,0.6980952380952381,0.47839999999155225,1.1258000000111679,2.5481816490971725,(gap/tau_g)^2+(speed/tau_v)^2+(lateral/tau_y)^2,False
moderate,3,2.2,3128,False,Proposed,service,3,aware,none,0.2,0.55,2,0.6950098528851146,1.4062762550858343,0.1651815280195163,1.8269405025665828,22.47426763594555,0.4979447958157389,1050,717,1050,223.31038388019968,0.6828571428571428,0.442899999995916,2.1304999999927077,2.549845065164972,(gap/tau_g)^2+(speed/tau_v)^2+(lateral/tau_y)^2,False
moderate,3,2.2,3129,False,Proposed,service,3,aware,none,0.2,0.55,2,0.6821727647741743,1.4047530848375829,0.16603675424345057,1.8746952847408198,22.861651698099756,0.4757856952452879,1050,737,1050,222.8251891076575,0.7019047619047619,0.4590500000034581,1.264599999984739,2.52331284118043,(gap/tau_g)^2+(speed/tau_v)^2+(lateral/tau_y)^2,False
moderate,3,2.2,3130,False,Proposed,service,3,aware,none,0.2,0.55,2,0.6794704841161446,1.4091868455614656,0.166222093090663,1.8002673453360147,22.873819628385355,0.4639527245924895,1050,771,1050,222.69931806620488,0.7342857142857143,0.45974999999032207,0.9672000000193748,2.5246764223183242,(gap/tau_g)^2+(speed/tau_v)^2+(lateral/tau_y)^2,False
moderate,3,2.2,3131,False,Proposed,service,3,aware,none,0.2,0.55,2,0.6940550797575912,1.4188877207250112,0.16681346773253922,1.8173927473948028,22.85920154272553,0.4123431813624414,1048,680,1048,221.96887763419883,0.648854961832061,0.46430000000441396,1.6746000000011918,2.5792104923978068,(gap/tau_g)^2+(speed/tau_v)^2+(lateral/tau_y)^2,False
moderate,3,2.2,3132,False,Proposed,service,3,aware,none,0.2,0.55,2,0.6794126599604098,1.4067768379659458,0.16534004190158705,1.8264207405401196,22.894043964801043,0.4318952268984908,1049,758,1049,222.9970499388677,0.7225929456625357,0.4441000000099393,1.3636000000190052,2.5137628649147077,(gap/tau_g)^2+(speed/tau_v)^2+(lateral/tau_y)^2,False
moderate,3,2.2,3133,False,Proposed,service,3,aware,none,0.2,0.55,2,0.6854463523585779,1.4098186953403558,0.16521599642874107,1.925254431556158,22.807613798759967,0.4390596086342723,1050,732,1050,223.28183709025186,0.6971428571428572,0.4357500000082837,1.0534999999833872,2.531749279591227,(gap/tau_g)^2+(speed/tau_v)^2+(lateral/tau_y)^2,False
moderate,3,2.2,3134,False,Proposed,service,3,aware,none,0.2,0.55,2,0.6878064010023109,1.4171986035953537,0.16598826136579073,1.800417765435531,22.534172563961377,0.4838044472012887,1050,754,1050,222.84944440009758,0.7180952380952381,0.44529999999554093,2.059199999990824,2.5545498456630034,(gap/tau_g)^2+(speed/tau_v)^2+(lateral/tau_y)^2,False
moderate,3,2.2,3135,False,Proposed,service,3,aware,none,0.2,0.55,2,0.6861346282386606,1.4133533527002191,0.1664112379035384,1.781116215232457,22.51101976910222,0.4685512009623468,1050,733,1050,222.61898333755673,0.6980952380952381,0.5175000000008367,0.9134000000017295,2.548428212748231,(gap/tau_g)^2+(speed/tau_v)^2+(lateral/tau_y)^2,False
moderate,3,2.2,3136,False,Proposed,service,3,aware,none,0.2,0.55,2,0.6867352586862955,1.4102552596852151,0.1652285845617304,1.7900932081424268,22.791823673745554,0.49001509818927114,1050,720,1050,223.2759728248085,0.6857142857142857,0.45344999999485935,1.5372000000013486,2.5356256080467037,(gap/tau_g)^2+(speed/tau_v)^2+(lateral/tau_y)^2,False
moderate,3,2.2,3137,False,Proposed,service,3,aware,none,0.2,0.55,2,0.686243627298101,1.4140218818918093,0.16603923173582175,1.889798306622936,22.78324441385643,0.4743570038896443,1048,750,1048,222.39513876494271,0.7156488549618321,0.4729000000054384,52.98139999999307,2.546566685253303,(gap/tau_g)^2+(speed/tau_v)^2+(lateral/tau_y)^2,False
moderate,3,2.2,3138,False,Proposed,service,3,aware,none,0.2,0.55,2,0.6833259290528088,1.4179182697974009,0.16607484948886742,1.775863250377722,22.44245761677047,0.4719987230040442,1050,745,1050,222.80285727410137,0.7095238095238096,0.4464499999983218,1.4361000000064905,2.545388194692526,(gap/tau_g)^2+(speed/tau_v)^2+(lateral/tau_y)^2,False
moderate,3,2.2,3139,True,Proposed,service,3,aware,none,0.2,0.55,2,0.6919414059610898,1.3942345185485947,0.16518517710909153,1.8218159800566558,22.719783627691754,0.49069377555523164,1050,736,1050,223.28049594075085,0.700952380952381,0.46604999999999563,1.4615999999989526,2.5251037424242306,(gap/tau_g)^2+(speed/tau_v)^2+(lateral/tau_y)^2,False
moderate,3,2.2,3140,True,Proposed,service,3,aware,none,0.2,0.55,2,0.6920790483080941,1.3947196455861819,0.1651220710541339,1.797998698365874,22.57221022460549,0.44668881805816985,1050,755,1050,223.34255992228756,0.719047619047619,0.47390000000291366,0.9191000000043914,2.525611603721833,(gap/tau_g)^2+(speed/tau_v)^2+(lateral/tau_y)^2,False
moderate,3,2.2,3141,False,Proposed,service,3,aware,none,0.2,0.55,2,0.6877952008050087,1.4181748629359499,0.1661881817220702,1.7744662582011275,22.031291034949795,0.4710542137563293,1050,727,1050,222.73221244402782,0.6923809523809524,0.43074999999248575,0.8903000000088923,2.5575949516692713,(gap/tau_g)^2+(speed/tau_v)^2+(lateral/tau_y)^2,False
moderate,3,2.2,3142,False,Proposed,service,3,aware,none,0.2,0.55,2,0.6776004798130485,1.4048211701211248,0.16587806449761355,1.8171332206474493,22.827520841642276,0.46754203320046084,1050,760,1050,222.90460914003566,0.7238095238095238,0.44194999999547235,1.6261000000099557,2.511040725710381,(gap/tau_g)^2+(speed/tau_v)^2+(lateral/tau_y)^2,False
moderate,3,2.2,3143,True,Proposed,service,3,aware,none,0.2,0.55,2,0.6826356832022568,1.394013259864851,0.16559495533937832,1.8220109332033494,22.5010883931053,0.4821785450542825,1050,722,1050,223.07021809944803,0.6876190476190476,0.42100000001710214,1.3453000000254178,2.5054373218256205,(gap/tau_g)^2+(speed/tau_v)^2+(lateral/tau_y)^2,False
moderate,3,2.2,3144,False,Proposed,service,3,aware,none,0.2,0.55,2,0.6820489896537826,1.4112336400738756,0.16603841472334768,1.7987945675147232,22.834995394575024,0.463481767269476,1050,741,1050,222.81592690360236,0.7057142857142857,0.4549499999910722,1.215600000023187,2.5323372312246972,(gap/tau_g)^2+(speed/tau_v)^2+(lateral/tau_y)^2,False
moderate,3,2.2,3145,False,Proposed,service,3,aware,none,0.2,0.55,2,0.6893993622214362,1.426814786640404,0.1661611607448349,1.8730461770392597,22.591498603662167,0.47653115118172873,1050,741,1050,222.75688862536268,0.7057142857142857,0.43945000000178425,0.9130999999911182,2.573839051697894,(gap/tau_g)^2+(speed/tau_v)^2+(lateral/tau_y)^2,False
moderate,3,2.2,3146,False,Proposed,service,3,aware,none,0.2,0.55,2,0.6804828286971583,1.4135847054838653,0.16585144623939227,1.7071766220475568,22.556690212112485,0.49377637378922057,1050,728,1050,222.9141513886479,0.6933333333333334,0.45159999999100364,0.8540000000039072,2.5303806642088924,(gap/tau_g)^2+(speed/tau_v)^2+(lateral/tau_y)^2,False
moderate,3,2.2,3147,False,Proposed,service,3,aware,none,0.2,0.55,2,0.6797429218240022,1.4123173665303783,0.1658236344265511,1.7611269348429404,22.72530730994424,0.43745019592554835,1049,764,1049,222.7127857040578,0.7283126787416587,0.6058999999964954,1.4772000000107255,2.5265335921936214,(gap/tau_g)^2+(speed/tau_v)^2+(lateral/tau_y)^2,False
moderate,3,2.2,3148,False,Proposed,service,3,aware,none,0.2,0.55,2,0.6787136692551491,1.401693842202157,0.16576214749835164,1.792810884960376,22.481777043960662,0.48192840582563345,1050,689,1050,222.98256018667018,0.6561904761904762,0.5013999999903263,1.1974999999893043,2.508285801132346,(gap/tau_g)^2+(speed/tau_v)^2+(lateral/tau_y)^2,False
moderate,3,2.2,3149,False,Proposed,service,3,aware,none,0.2,0.55,2,0.6863051960805535,1.4094303578728955,0.16555103191198928,1.7728537656350594,22.208734605609912,0.48004167109696716,1050,731,1050,223.09333717303716,0.6961904761904761,0.437650000009171,0.9809000000018386,2.5360556011398936,(gap/tau_g)^2+(speed/tau_v)^2+(lateral/tau_y)^2,False
moderate,3,2.2,3150,False,Proposed,service,3,aware,none,0.2,0.55,2,0.6830270209782493,1.4150574637790552,0.16539264255063937,1.8566384500674677,22.713105780709007,0.3910543558531676,1050,782,1050,223.17444549355295,0.7447619047619047,0.44105000000627115,1.2388999999757289,2.534873892959646,(gap/tau_g)^2+(speed/tau_v)^2+(lateral/tau_y)^2,False
moderate,3,2.4,3101,False,Proposed,service,3,aware,none,0.2,0.55,2,0.684275217615591,1.4522116599889203,0.16499003581022006,1.6838339786819367,28.122830089625978,0.47154456428265956,1050,721,1050,223.44773432762562,0.6866666666666666,0.4403000000081647,1.0869000000184315,2.5889351931453657,(gap/tau_g)^2+(speed/tau_v)^2+(lateral/tau_y)^2,False
moderate,3,2.4,3102,False,Proposed,service,3,aware,none,0.2,0.55,2,0.6913143788443467,1.4702007872152314,0.16535666852321607,1.844223103771694,28.221082998588948,0.46495058700890657,1049,779,1049,223.01718178966104,0.7426120114394662,0.4450499999961721,1.0054000000252472,2.6359995777250815,(gap/tau_g)^2+(speed/tau_v)^2+(lateral/tau_y)^2,False
moderate,3,2.4,3103,False,Proposed,service,3,aware,none,0.2,0.55,2,0.6931572472378602,1.4543955705999025,0.16531637949059422,1.7728058659927377,28.176115711409288,0.47479413302851337,1050,756,1050,223.2343419070997,0.72,0.4136999999957425,0.6979999999998654,2.616618724033596,(gap/tau_g)^2+(speed/tau_v)^2+(lateral/tau_y)^2,False
moderate,3,2.4,3104,False,Proposed,service,3,aware,none,0.2,0.55,2,0.7018257800142546,1.4596338091986032,0.16539329285469684,1.82359946275293,27.938952228405164,0.46583556707620544,1049,776,1049,222.9806837381169,0.7397521448999047,0.4442000000040025,0.7985000000019227,2.6465402731718246,(gap/tau_g)^2+(speed/tau_v)^2+(lateral/tau_y)^2,False
moderate,3,2.4,3105,False,Proposed,service,3,aware,none,0.2,0.55,2,0.6840545244210849,1.4508067034921213,0.1648960870794312,1.8272747497561472,27.854022445550335,0.45524787276734524,1050,723,1050,223.4812497097964,0.6885714285714286,0.44994999998948515,1.3530999999886717,2.5855426025899795,(gap/tau_g)^2+(speed/tau_v)^2+(lateral/tau_y)^2,False
moderate,3,2.4,3106,False,Proposed,service,3,aware,none,0.2,0.55,2,0.692505663126415,1.4622899226204726,0.1656059600705634,1.7171947574523,28.105960703687366,0.4796434697559785,1050,743,1050,223.0770274731457,0.7076190476190476,0.45135000002005654,0.9257000000104654,2.629156951811425,(gap/tau_g)^2+(speed/tau_v)^2+(lateral/tau_y)^2,False
moderate,3,2.4,3107,False,Proposed,service,3,aware,none,0.2,0.55,2,0.7016438361622291,1.4678309194810244,0.1656617055379743,1.7006544315442178,28.13386599220054,0.47848368628202265,1048,746,1048,222.6202124968408,0.7118320610687023,0.44769999999516585,1.2240999999733049,2.660551037306535,(gap/tau_g)^2+(speed/tau_v)^2+(lateral/tau_y)^2,False
moderate,3,2.4,3108,False,Proposed,service,3,aware,none,0.2,0.55,2,0.7013574591914343,1.4623948554148136,0.16583268633285606,1.696338895345981,28.089545632055206,0.4239078476347322,1050,735,1050,222.95977500841462,0.7,0.42834999999286083,0.8377000000052703,2.653126740942373,(gap/tau_g)^2+(speed/tau_v)^2+(lateral/tau_y)^2,False
moderate,3,2.4,3109,False,Proposed,service,3,aware,none,0.2,0.55,2,0.7045987861325536,1.4624647360348073,0.1657428132643478,1.7282975428643093,27.849754197511224,0.49417859389643337,1050,727,1050,223.0010637409933,0.6923809523809524,0.5294000000048982,0.977799999986928,2.6605876540087827,(gap/tau_g)^2+(speed/tau_v)^2+(lateral/tau_y)^2,False
moderate,3,2.4,3110,False,Proposed,service,3,aware,none,0.2,0.55,2,0.6875144361547968,1.4552416960525414,0.1643063012850627,1.7355813513981457,28.101069356845898,0.467318577670754,1050,756,1050,223.81887366195843,0.72,0.4272000000042908,1.1344000000121923,2.5957007529484946,(gap/tau_g)^2+(speed/tau_v)^2+(lateral/tau_y)^2,False
moderate,3,2.4,3111,False,Proposed,service,3,aware,none,0.2,0.55,2,0.6911854669687346,1.4602430174965795,0.16539915287410378,1.7531943876497946,27.939382693207996,0.49551366521453344,1050,756,1050,223.1960604376967,0.72,0.4425999999995156,0.7628999999838015,2.6211459352986624,(gap/tau_g)^2+(speed/tau_v)^2+(lateral/tau_y)^2,False
moderate,3,2.4,3112,False,Proposed,service,3,aware,none,0.2,0.55,2,0.6917050504925462,1.4616508786241338,0.16485291970147622,1.7968081405088574,27.9576591388621,0.4319613157305079,1050,750,1050,223.50418188317448,0.7142857142857143,0.44354999999995925,1.4244999999846186,2.6200122370659003,(gap/tau_g)^2+(speed/tau_v)^2+(lateral/tau_y)^2,False
moderate,3,2.4,3113,False,Proposed,service,3,aware,none,0.2,0.55,2,0.7003633409928999,1.4628377824074792,0.16493195508467623,1.8499563511106865,27.57157830165538,0.4764473904671843,1049,733,1049,223.24092033634,0.6987607244995233,0.45154999999397205,1.1685000000056789,2.6438622521029718,(gap/tau_g)^2+(speed/tau_v)^2+(lateral/tau_y)^2,False
moderate,3,2.4,3114,False,Proposed,service,3,aware,none,0.2,0.55,2,0.6898774236963284,1.4552143369598607,0.1646238994737573,1.7393758780456852,28.068989783792176,0.49857031526181284,1050,769,1050,223.6299585851861,0.7323809523809524,0.44634999999004776,0.9272000000066782,2.604058057257342,(gap/tau_g)^2+(speed/tau_v)^2+(lateral/tau_y)^2,False
moderate,3,2.4,3115,False,Proposed,service,3,aware,none,0.2,0.55,2,0.6904033846040882,1.4640616452215485,0.1649994666001325,1.8044202069440582,27.743781770709724,0.4684622945272542,1050,726,1050,223.4118003088913,0.6914285714285714,0.4464499999983218,2.259300000019948,2.6216209853304195,(gap/tau_g)^2+(speed/tau_v)^2+(lateral/tau_y)^2,False
moderate,3,2.4,3116,False,Proposed,service,3,aware,none,0.2,0.55,2,0.6922324235355485,1.4659353040303538,0.16563875953180157,1.7488009169741416,28.10289981805549,0.4743237003748064,1050,744,1050,223.06524247495608,0.7085714285714285,0.4459499999995842,1.197500000017726,2.6342020910037385,(gap/tau_g)^2+(speed/tau_v)^2+(lateral/tau_y)^2,False
moderate,3,2.4,3117,False,Proposed,service,3,aware,none,0.2,0.55,2,0.6881158607844385,1.4507456301405903,0.16502919281860284,1.7120151423013061,28.40926456123662,0.49659450622176005,1050,750,1050,223.41248280702462,0.7142857142857143,0.4562999999961903,1.7809999999940374,2.5964573451505584,(gap/tau_g)^2+(speed/tau_v)^2+(lateral/tau_y)^2,False
moderate,3,2.4,3118,False,Proposed,service,3,aware,none,0.2,0.55,2,0.6886954945361382,1.4647081453738766,0.16518757440611767,1.7749456175575826,28.05664343439966,0.4634598527517947,1050,795,1050,223.31320107504305,0.7571428571428571,0.44660000000362743,1.2498000000107368,2.6199525126980028,(gap/tau_g)^2+(speed/tau_v)^2+(lateral/tau_y)^2,False
moderate,3,2.4,3119,False,Proposed,service,3,aware,none,0.2,0.55,2,0.6901018291731245,1.4560104931105935,0.16539509692609558,1.7966723390032626,28.183263073760003,0.4483398757084923,1050,709,1050,223.20274336583782,0.6752380952380952,0.4973000000063621,1.2040999999953783,2.612153881339131,(gap/tau_g)^2+(speed/tau_v)^2+(lateral/tau_y)^2,False
moderate,3,2.4,3120,False,Proposed,service,3,aware,none,0.2,0.55,2,0.685695213121742,1.4439291797804688,0.16458874032986934,1.7276340959271925,28.061152133699196,0.5012099786272253,1049,720,1049,223.43898503210318,0.6863679694947569,0.49880000000257496,1.0634999999865613,2.5768487523735004,(gap/tau_g)^2+(speed/tau_v)^2+(lateral/tau_y)^2,False
moderate,3,2.4,3121,False,Proposed,service,3,aware,none,0.2,0.55,2,0.6972589080350627,1.4740935818912384,0.166001501284223,1.830803697925071,28.285566870310447,0.44815813916470926,1050,732,1050,222.85847540553002,0.6971428571428572,0.4480999999998403,0.9549000000106389,2.6618635785134974,(gap/tau_g)^2+(speed/tau_v)^2+(lateral/tau_y)^2,False
moderate,3,2.4,3122,False,Proposed,service,3,aware,none,0.2,0.55,2,0.68759620773512,1.4643069896762977,0.16529195418689757,1.720979485042338,28.28843467322975,0.4955218771829515,1049,770,1049,223.0533956543005,0.7340324118207817,0.45310000000142736,0.6414000000063425,2.6175257420852196,(gap/tau_g)^2+(speed/tau_v)^2+(lateral/tau_y)^2,False
moderate,3,2.4,3123,False,Proposed,service,3,aware,none,0.2,0.55,2,0.68803277368405,1.4701076763007275,0.16590730241743235,1.8742686249823448,28.11172621710014,0.4620381871358368,1050,745,1050,222.9122066245487,0.7095238095238096,0.4545500000148195,0.8094000000085089,2.6323729633204342,(gap/tau_g)^2+(speed/tau_v)^2+(lateral/tau_y)^2,False
moderate,3,2.4,3124,False,Proposed,service,3,aware,none,0.2,0.55,2,0.6919727759882779,1.4515642347897144,0.16532702933615884,1.8116656143397984,28.00518460623561,0.4574399519019918,1050,766,1050,223.2425350638893,0.7295238095238096,0.43264999999337306,0.750400000015361,2.6095922206961,(gap/tau_g)^2+(speed/tau_v)^2+(lateral/tau_y)^2,False
moderate,3,2.4,3125,False,Proposed,service,3,aware,none,0.2,0.55,2,0.6686774429533845,1.4577875109289,0.16501489747181364,1.7647784682319068,28.10683038655899,0.4563082885136902,1050,743,1050,223.41200885166657,0.7076190476190476,0.5245000000115851,1.2721999999882883,2.559902199685997,(gap/tau_g)^2+(speed/tau_v)^2+(lateral/tau_y)^2,False
moderate,3,2.4,3126,False,Proposed,service,3,aware,none,0.2,0.55,2,0.6902552396694357,1.4568049069308937,0.16469071985057968,1.6607493044089396,28.037482942130566,0.49844615299404305,1050,719,1050,223.58403501255015,0.6847619047619048,0.45209999998974126,1.1408999999957814,2.607898326203425,(gap/tau_g)^2+(speed/tau_v)^2+(lateral/tau_y)^2,False
moderate,3,2.4,3127,False,Proposed,service,3,aware,none,0.2,0.55,2,0.6861397916903514,1.4741906076209284,0.16490375788458664,1.75764939368124,27.829402499307548,0.4165346756403484,1050,731,1050,223.47379094112503,0.6961904761904761,0.4716499999943835,1.1391999999830205,2.625582218651925,(gap/tau_g)^2+(speed/tau_v)^2+(lateral/tau_y)^2,False
moderate,3,2.4,3128,False,Proposed,service,3,aware,none,0.2,0.55,2,0.7002688910140231,1.4570675303712155,0.16457501599614666,1.7393884214864528,27.705724339759655,0.49494186573194854,1050,715,1050,223.6692914293694,0.680952380952381,0.4634499999980335,1.3425000000211185,2.632090503321376,(gap/tau_g)^2+(speed/tau_v)^2+(lateral/tau_y)^2,False
moderate,3,2.4,3129,False,Proposed,service,3,aware,none,0.2,0.55,2,0.6862944851902324,1.456666538943798,0.16542538965757517,1.7986883572095236,28.23690471705686,0.4958303808650488,1050,742,1050,223.19113068644143,0.7066666666666667,0.4457999999800677,0.7238999999970019,2.6040630490675607,(gap/tau_g)^2+(speed/tau_v)^2+(lateral/tau_y)^2,False
moderate,3,2.4,3130,False,Proposed,service,3,aware,none,0.2,0.55,2,0.6862605048981207,1.4595579338249645,0.16560215436779233,1.775845716430531,28.15302080034413,0.4555927841637787,1050,780,1050,223.06799584552348,0.7428571428571429,0.4244500000112339,0.9677000000181124,2.609745002159256,(gap/tau_g)^2+(speed/tau_v)^2+(lateral/tau_y)^2,False
moderate,3,2.4,3131,False,Proposed,service,3,aware,none,0.2,0.55,2,0.7029278566231709,1.4704766485435974,0.1661801288798264,1.7696008357978021,28.192659218007705,0.4294730245801739,1048,687,1048,222.3417367016284,0.6555343511450382,0.43484999999066076,0.7334999999955016,2.6720244302456795,(gap/tau_g)^2+(speed/tau_v)^2+(lateral/tau_y)^2,False
moderate,3,2.4,3132,False,Proposed,service,3,aware,none,0.2,0.55,2,0.682522216627861,1.4592581995121965,0.1647602391111745,1.8072755478920335,28.273922292609825,0.4389693481372404,1049,763,1049,223.3408883250915,0.7273593898951383,0.44540000000381497,1.0264999999947122,2.5932484928451855,(gap/tau_g)^2+(speed/tau_v)^2+(lateral/tau_y)^2,False
moderate,3,2.4,3133,False,Proposed,service,3,aware,none,0.2,0.55,2,0.6904571492933057,1.4610167923694897,0.16462773119096513,1.868712466643735,28.13407883286036,0.44383224501281704,1050,719,1050,223.62992400026238,0.6847619047619048,0.5150000000071486,1.649400000019341,2.614145519069507,(gap/tau_g)^2+(speed/tau_v)^2+(lateral/tau_y)^2,False
moderate,3,2.4,3134,False,Proposed,service,3,aware,none,0.2,0.55,2,0.6928947263414166,1.469809638068493,0.16537665435016963,1.7435587474889347,27.8593043926288,0.4781801404684224,1050,754,1050,223.21180343756455,0.7180952380952381,0.4563499999932219,1.6113000000075317,2.6394670461002803,(gap/tau_g)^2+(speed/tau_v)^2+(lateral/tau_y)^2,False
moderate,3,2.4,3135,False,Proposed,service,3,aware,none,0.2,0.55,2,0.6917247241670023,1.4663552223488683,0.1657892122826822,1.7234491877308329,28.033779861538427,0.4699031709352388,1050,740,1050,222.98606100361724,0.7047619047619048,0.4453000000097518,1.2692999999899257,2.634827795611388,(gap/tau_g)^2+(speed/tau_v)^2+(lateral/tau_y)^2,False
moderate,3,2.4,3136,False,Proposed,service,3,aware,none,0.2,0.55,2,0.6973661684978162,1.4585125664587535,0.16463633561121976,1.7632566199929836,28.14326075104654,0.49583717597832055,1050,719,1050,223.62670397309267,0.6847619047619048,0.4467499999947222,1.4960000000030504,2.627532381598336,(gap/tau_g)^2+(speed/tau_v)^2+(lateral/tau_y)^2,False
moderate,3,2.4,3137,False,Proposed,service,3,aware,none,0.2,0.55,2,0.6934083224748642,1.4644645274255357,0.1654387855905067,1.8740280242405527,28.152060855618736,0.4215422358750508,1049,737,1049,222.9660339841696,0.7025738798856054,0.46414999999910833,0.7832000000007611,2.6332446219581342,(gap/tau_g)^2+(speed/tau_v)^2+(lateral/tau_y)^2,False
moderate,3,2.4,3138,False,Proposed,service,3,aware,none,0.2,0.55,2,0.6906279383651664,1.4677741317503326,0.1654595982775259,1.7552226090492078,27.944420733582838,0.48137520146990864,1050,746,1050,223.1667631030107,0.7104761904761905,0.4643999999842663,0.8578000000056818,2.6315269350922885,(gap/tau_g)^2+(speed/tau_v)^2+(lateral/tau_y)^2,False
moderate,3,2.4,3139,False,Proposed,service,3,aware,none,0.2,0.55,2,0.6965563649103984,1.444889825657909,0.16459818644401994,1.7736459044494148,28.15824382985428,0.49506429555781306,1050,733,1050,223.63031775018507,0.6980952380952381,0.46589999999469,1.3168000000121083,2.605031875312399,(gap/tau_g)^2+(speed/tau_v)^2+(lateral/tau_y)^2,False
moderate,3,2.4,3140,False,Proposed,service,3,aware,none,0.2,0.55,2,0.6950993715843448,1.4464193215269947,0.16453084774209983,1.754914998075888,27.897789864109605,0.45866421762314724,1050,753,1050,223.69112817646402,0.7171428571428572,0.45289999999909014,0.9656999999947402,2.6031293638130615,(gap/tau_g)^2+(speed/tau_v)^2+(lateral/tau_y)^2,False
moderate,3,2.4,3141,False,Proposed,service,3,aware,none,0.2,0.55,2,0.6935340634732522,1.469092783517925,0.16557416182148796,1.7283104404950134,27.956569211729054,0.4777811103060897,1050,735,1050,223.09716578258653,0.7,0.4455500000091206,0.9265000000198143,2.6416021112309673,(gap/tau_g)^2+(speed/tau_v)^2+(lateral/tau_y)^2,False
moderate,3,2.4,3142,False,Proposed,service,3,aware,none,0.2,0.55,2,0.6846328758694221,1.4545604580158973,0.16527869548621305,1.7888047308326147,28.173269014560248,0.4898989873740439,1050,756,1050,223.26014284772666,0.72,0.5478000000067595,1.1808000000144148,2.5956723549073146,(gap/tau_g)^2+(speed/tau_v)^2+(lateral/tau_y)^2,False
moderate,3,2.4,3143,False,Proposed,service,3,aware,none,0.2,0.55,2,0.691073128408672,1.4425188646466156,0.16499025949592458,1.8064588069791365,28.167870417549146,0.4903307879904939,1050,713,1050,223.4266405575803,0.679047619047619,0.4514000000028773,1.3353000000222437,2.5912430418294323,(gap/tau_g)^2+(speed/tau_v)^2+(lateral/tau_y)^2,False
moderate,3,2.4,3144,False,Proposed,service,3,aware,none,0.2,0.55,2,0.6923805157035918,1.459847518367993,0.16541979587840788,1.776231890289697,28.313865999985474,0.47195739452122265,1050,729,1050,223.1788829784828,0.6942857142857143,0.4617000000024518,1.5484999999841875,2.623666860404163,(gap/tau_g)^2+(speed/tau_v)^2+(lateral/tau_y)^2,False
moderate,3,2.4,3145,False,Proposed,service,3,aware,none,0.2,0.55,2,0.6951642521737008,1.4781031634991215,0.1655376981410348,1.8299567611249732,27.93095958200138,0.4807549747262889,1050,741,1050,223.12457174696866,0.7057142857142857,0.43150000000480304,0.9496000000126514,2.6588735279815188,(gap/tau_g)^2+(speed/tau_v)^2+(lateral/tau_y)^2,False
moderate,3,2.4,3146,False,Proposed,service,3,aware,none,0.2,0.55,2,0.6832890699972882,1.4649633970561444,0.16523355516921895,1.6907085140670108,28.138112190567533,0.4912603333219133,1050,725,1050,223.27723277689373,0.6904761904761905,0.43850000001555145,1.5084000000058495,2.6075271487264735,(gap/tau_g)^2+(speed/tau_v)^2+(lateral/tau_y)^2,False
moderate,3,2.4,3147,False,Proposed,service,3,aware,none,0.2,0.55,2,0.6851287115982077,1.4632025765635754,0.16522766810056821,1.735865411098723,28.00733958159283,0.44366185411394543,1049,763,1049,223.0688915136735,0.7273593898951383,0.4593499999998585,1.3362999999912972,2.6093232879338015,(gap/tau_g)^2+(speed/tau_v)^2+(lateral/tau_y)^2,False
moderate,3,2.4,3148,False,Proposed,service,3,aware,none,0.2,0.55,2,0.68934590384593,1.4489609693616596,0.1651461206510986,1.7717673753062728,27.81154843092574,0.47868004474126546,1050,691,1050,223.3499250836597,0.6580952380952381,0.4436500000082333,1.5583999999932985,2.597794365052853,(gap/tau_g)^2+(speed/tau_v)^2+(lateral/tau_y)^2,False
moderate,3,2.4,3149,False,Proposed,service,3,aware,none,0.2,0.55,2,0.6909479633650443,1.4639691401091788,0.16494564901184575,1.7415641843831549,27.689965640256503,0.4864437424266995,1050,735,1050,223.44675230779012,0.7,0.44739999999876545,1.0810999999932847,2.6223762128279335,(gap/tau_g)^2+(speed/tau_v)^2+(lateral/tau_y)^2,False
moderate,3,2.4,3150,False,Proposed,service,3,aware,none,0.2,0.55,2,0.6842688795299253,1.4670041471353676,0.16480484982658095,1.7471904395610591,28.13288949832264,0.39870765383529794,1050,782,1050,223.52477393097013,0.7447619047619047,0.45010000000900163,1.3456000000076074,2.609424806555655,(gap/tau_g)^2+(speed/tau_v)^2+(lateral/tau_y)^2,False
moderate,3,2.6,3101,False,Proposed,service,3,aware,none,0.2,0.55,2,0.6868029190703352,1.496151638893931,0.16440925998711167,1.663676622982523,33.33905398876757,0.4800692917436583,1050,728,1050,223.79303965088116,0.6933333333333334,0.41314999999997326,1.5817000000026837,2.65641117637528,(gap/tau_g)^2+(speed/tau_v)^2+(lateral/tau_y)^2,False
moderate,3,2.6,3102,False,Proposed,service,3,aware,none,0.2,0.55,2,0.6909090696359707,1.5162058239144096,0.1647599459959588,1.8102582434234455,33.44358746642862,0.47021003280255014,1049,784,1049,223.371517337386,0.7473784556720686,0.4439500000046337,0.9612000000061016,2.7001757255689864,(gap/tau_g)^2+(speed/tau_v)^2+(lateral/tau_y)^2,False
moderate,3,2.6,3103,False,Proposed,service,3,aware,none,0.2,0.55,2,0.6971025486904735,1.4991197241713294,0.16472467925791698,1.7512255878222192,33.56648755582889,0.482392199522207,1050,748,1050,223.58788600414826,0.7123809523809523,0.42449999999405463,0.9561000000246622,2.6888823185601343,(gap/tau_g)^2+(speed/tau_v)^2+(lateral/tau_y)^2,False
moderate,3,2.6,3104,False,Proposed,service,3,aware,none,0.2,0.55,2,0.702858093379033,1.5047448523942015,0.16479801751645046,1.7845566659734522,33.359204858688884,0.4711785444990596,1049,781,1049,223.33576608512533,0.7445185891325071,0.4523499999891101,0.7797000000095977,2.712431973920007,(gap/tau_g)^2+(speed/tau_v)^2+(lateral/tau_y)^2,False
moderate,3,2.6,3105,False,Proposed,service,3,aware,none,0.2,0.55,2,0.6865921004187107,1.493252228270195,0.16433352186782588,1.8020815907239198,33.518231339806164,0.4992992828393269,1050,720,1050,223.82245210025755,0.6857142857142857,0.4442999999980657,1.0853999999937969,2.650851785783138,(gap/tau_g)^2+(speed/tau_v)^2+(lateral/tau_y)^2,False
moderate,3,2.6,3106,False,Proposed,service,3,aware,none,0.2,0.55,2,0.6911177047814493,1.5101574649459066,0.16501002444746596,1.6684789391903427,33.555696675479744,0.48341008789337536,1050,729,1050,223.43246595576795,0.6942857142857143,0.4445499999974345,0.7558000000074117,2.6934109912554662,(gap/tau_g)^2+(speed/tau_v)^2+(lateral/tau_y)^2,False
moderate,3,2.6,3107,False,Proposed,service,3,aware,none,0.2,0.55,2,0.7058775846904588,1.5137728529491643,0.16507348194854005,1.65627048771078,33.16837182444712,0.4431289847998341,1048,743,1048,222.96991053161588,0.708969465648855,0.4656999999923528,1.16769999999633,2.7361694049315206,(gap/tau_g)^2+(speed/tau_v)^2+(lateral/tau_y)^2,False
moderate,3,2.6,3108,False,Proposed,service,3,aware,none,0.2,0.55,2,0.7014837815060225,1.5101508567798017,0.1652378573623462,1.7044339492894776,33.58263208768194,0.4298161044338863,1050,727,1050,223.31552436037785,0.6923809523809524,0.5087499999945067,1.257199999997738,2.7209455107574616,(gap/tau_g)^2+(speed/tau_v)^2+(lateral/tau_y)^2,False
moderate,3,2.6,3109,False,Proposed,service,3,aware,none,0.2,0.55,2,0.705383348237422,1.5106402319396803,0.1651266917466919,1.6876564423337561,33.0017621563397,0.47956341097064425,1050,717,1050,223.35979737266024,0.6828571428571428,0.44954999999902157,0.9320000000059281,2.7305348111706564,(gap/tau_g)^2+(speed/tau_v)^2+(lateral/tau_y)^2,False
moderate,3,2.6,3110,False,Proposed,service,3,aware,none,0.2,0.55,2,0.6873800399447767,1.5000382354430513,0.163734303645999,1.6852085528431777,33.472019005990916,0.48695052281838136,1050,763,1050,224.15908208763247,0.7266666666666667,0.46329999999272786,0.8775000000014188,2.658225330487882,(gap/tau_g)^2+(speed/tau_v)^2+(lateral/tau_y)^2,False
moderate,3,2.6,3111,False,Proposed,service,3,aware,none,0.2,0.55,2,0.6908845695705342,1.5064103910415276,0.1647934346920862,1.738831627630879,33.34009407470799,0.4855755743244857,1050,747,1050,223.5519064323171,0.7114285714285714,0.4504999999994652,1.454600000016626,2.6852854105696786,(gap/tau_g)^2+(speed/tau_v)^2+(lateral/tau_y)^2,False
moderate,3,2.6,3112,False,Proposed,service,3,aware,none,0.2,0.55,2,0.6979917152663844,1.5041244369181193,0.16426606697554522,1.7270095319992644,33.596694446556285,0.4532938207283582,1050,740,1050,223.85112820385785,0.7047619047619048,0.4575000000102136,1.0943999999994958,2.694984179084066,(gap/tau_g)^2+(speed/tau_v)^2+(lateral/tau_y)^2,False
moderate,3,2.6,3113,False,Proposed,service,3,aware,none,0.2,0.55,2,0.704571056804466,1.5054002514804188,0.1643335337378728,1.7877142336017335,32.96275408287923,0.4982905155383297,1050,733,1050,223.80594117775678,0.6980952380952381,0.44984999999542197,1.1099000000172055,2.7139026209083235,(gap/tau_g)^2+(speed/tau_v)^2+(lateral/tau_y)^2,False
moderate,3,2.6,3114,False,Proposed,service,3,aware,none,0.2,0.55,2,0.6947973260003165,1.4984040805528323,0.16405438249289167,1.758387832537301,33.500490171469906,0.4682511140634945,1050,764,1050,223.9732428300576,0.7276190476190476,0.4759999999919273,1.0439000000133092,2.6765741138365744,(gap/tau_g)^2+(speed/tau_v)^2+(lateral/tau_y)^2,False
moderate,3,2.6,3115,False,Proposed,service,3,aware,none,0.2,0.55,2,0.6936025330217396,1.508439477500928,0.16442105382447436,1.7474873130175053,33.226286197532595,0.4754069355419719,1050,733,1050,223.7565454605676,0.6980952380952381,0.45144999999990887,1.5930000000139444,2.6920314507501693,(gap/tau_g)^2+(speed/tau_v)^2+(lateral/tau_y)^2,False
moderate,3,2.6,3116,False,Proposed,service,3,aware,none,0.2,0.55,2,0.6952247136489086,1.511212536128729,0.16503879315557282,1.7111516729756209,33.46756416100618,0.4781232566818132,1050,742,1050,223.4237159489239,0.7066666666666667,0.5686499999910666,1.0671000000002095,2.705396946551697,(gap/tau_g)^2+(speed/tau_v)^2+(lateral/tau_y)^2,False
moderate,3,2.6,3117,False,Proposed,service,3,aware,none,0.2,0.55,2,0.688897270235387,1.4971592395423832,0.1644401309989163,1.6718540403208124,33.68835739032579,0.49659450622176005,1050,755,1050,223.76058467739185,0.719047619047619,0.438450000004309,0.9900999999956639,2.663325913423437,(gap/tau_g)^2+(speed/tau_v)^2+(lateral/tau_y)^2,False
moderate,3,2.6,3118,False,Proposed,service,3,aware,none,0.2,0.55,2,0.6934766612417994,1.5079539449405008,0.1645959329391915,1.7360799904153599,33.59427053745751,0.48050101575874815,1050,792,1050,223.66492720039525,0.7542857142857143,0.4565499999955591,1.5774999999962347,2.6924122931029117,(gap/tau_g)^2+(speed/tau_v)^2+(lateral/tau_y)^2,False
moderate,3,2.6,3119,False,Proposed,service,3,aware,none,0.2,0.55,2,0.6926053492547068,1.5021462870567717,0.1647997130793929,1.7431046472819667,33.53762086060371,0.4357850863298126,1050,711,1050,223.5552362734158,0.6771428571428572,0.45179999999334086,1.3716999999928703,2.6830241604306275,(gap/tau_g)^2+(speed/tau_v)^2+(lateral/tau_y)^2,False
moderate,3,2.6,3120,False,Proposed,service,3,aware,none,0.2,0.55,2,0.6865604759765958,1.4886262871722584,0.16402141635451262,1.6920789592268903,33.373013078061206,0.5012099786272253,1049,711,1049,223.77650992526674,0.6777883698760725,0.4783000000116999,1.5085999999939759,2.641174798560711,(gap/tau_g)^2+(speed/tau_v)^2+(lateral/tau_y)^2,False
moderate,3,2.6,3121,False,Proposed,service,3,aware,none,0.2,0.55,2,0.7000562477373219,1.5198128601191938,0.1654013050847674,1.7908069089483656,33.637778848874525,0.45578779277412285,1050,735,1050,223.2172023908086,0.7,0.4461000000048898,1.602600000012444,2.7336761744955105,(gap/tau_g)^2+(speed/tau_v)^2+(lateral/tau_y)^2,False
moderate,3,2.6,3122,False,Proposed,service,3,aware,none,0.2,0.55,2,0.689260047242596,1.5097718865648277,0.16469160129919663,1.6916718509065545,33.627105381132985,0.4953073572657476,1049,767,1049,223.40708316939717,0.7311725452812202,0.4341999999866175,2.8882000000010066,2.685633583258567,(gap/tau_g)^2+(speed/tau_v)^2+(lateral/tau_y)^2,False
moderate,3,2.6,3123,False,Proposed,service,3,aware,none,0.2,0.55,2,0.6917707640214303,1.514087917301117,0.16530962946829217,1.849236845492427,33.57207245649413,0.46719866816591815,1050,743,1050,223.27109908027276,0.7076190476190476,0.4902999999956137,1.4795000000162872,2.7035552709868345,(gap/tau_g)^2+(speed/tau_v)^2+(lateral/tau_y)^2,False
moderate,3,2.6,3124,False,Proposed,service,3,aware,none,0.2,0.55,2,0.6940504372099057,1.4979570095993573,0.1647327145669789,1.7735119130293868,33.34712556854772,0.4643496157944269,1050,762,1050,223.59389762770545,0.7257142857142858,0.4431999999923164,0.7975000000044474,2.6796222071777627,(gap/tau_g)^2+(speed/tau_v)^2+(lateral/tau_y)^2,False
moderate,3,2.6,3125,False,Proposed,service,3,aware,none,0.2,0.55,2,0.6699184285721494,1.5029894655498683,0.1644255668566294,1.6448682162614965,33.54813210431656,0.49823481992620944,1050,745,1050,223.76171146208875,0.7095238095238096,0.44185000000140917,1.1450000000081673,2.626283766803406,(gap/tau_g)^2+(speed/tau_v)^2+(lateral/tau_y)^2,False
moderate,3,2.6,3126,False,Proposed,service,3,aware,none,0.2,0.55,2,0.6954744063876432,1.4999415073148137,0.16410945476664188,1.654065659056426,33.43642998678013,0.4993701769731437,1050,714,1050,223.9315939525545,0.68,0.4540000000048394,1.1108000000206175,2.6810513065099983,(gap/tau_g)^2+(speed/tau_v)^2+(lateral/tau_y)^2,False
moderate,3,2.6,3127,False,Proposed,service,3,aware,none,0.2,0.55,2,0.6945842925050241,1.5149108299209193,0.16432269573018113,1.7147648109780484,33.16212942070951,0.43524322559222406,1050,731,1050,223.8208897613658,0.6961904761904761,0.449150000008558,0.741199999993114,2.703628184883787,(gap/tau_g)^2+(speed/tau_v)^2+(lateral/tau_y)^2,False
moderate,3,2.6,3128,False,Proposed,service,3,aware,none,0.2,0.55,2,0.7017885561309531,1.5026673223164104,0.16401816652390133,1.7039109983169556,32.99321671451196,0.4980958640893719,1050,718,1050,223.99927885490635,0.6838095238095238,0.4434999999887168,1.8139000000019223,2.700162739105481,(gap/tau_g)^2+(speed/tau_v)^2+(lateral/tau_y)^2,False
moderate,3,2.6,3129,False,Proposed,service,3,aware,none,0.2,0.55,2,0.6874084855311947,1.502968938667042,0.16483113057391133,1.7582700896315637,33.58438214295024,0.4958303808650488,1050,740,1050,223.5427101043987,0.7047619047619048,0.4344000000031656,1.9029999999986558,2.6717946055833375,(gap/tau_g)^2+(speed/tau_v)^2+(lateral/tau_y)^2,False
moderate,3,2.6,3130,False,Proposed,service,3,aware,none,0.2,0.55,2,0.6908496947296255,1.5045869245132393,0.16499211531386734,1.7333097787278806,33.62604268450661,0.48164291754902977,1050,774,1050,223.42691439946725,0.7371428571428571,0.45000000001493845,1.5435999999908745,2.684036541949694,(gap/tau_g)^2+(speed/tau_v)^2+(lateral/tau_y)^2,False
moderate,3,2.6,3131,False,Proposed,service,3,aware,none,0.2,0.55,2,0.707169068272474,1.5163960381231993,0.1655422709302476,1.716567371216118,33.56598747130797,0.4473161208068259,1048,697,1048,222.7160222912997,0.6650763358778626,0.4400500000087959,0.9063000000253396,2.7473439005351086,(gap/tau_g)^2+(speed/tau_v)^2+(lateral/tau_y)^2,False
moderate,3,2.6,3132,False,Proposed,service,3,aware,none,0.2,0.55,2,0.6910919373978609,1.4994672338057153,0.16418083832304362,1.7572299373170004,33.684389930054785,0.44489331430670576,1049,757,1049,223.6877229002533,0.7216396568160153,0.4509500000153821,0.7066000000008898,2.6701085679495273,(gap/tau_g)^2+(speed/tau_v)^2+(lateral/tau_y)^2,False
moderate,3,2.6,3133,False,Proposed,service,3,aware,none,0.2,0.55,2,0.695667771817865,1.5058607702398321,0.16407700955612797,1.8684461340768541,33.536484815220675,0.4490480157427448,1050,725,1050,223.95916753344176,0.6904761904761905,0.441750000007346,1.7039999999894917,2.6903409440144066,(gap/tau_g)^2+(speed/tau_v)^2+(lateral/tau_y)^2,False
moderate,3,2.6,3134,False,Proposed,service,3,aware,none,0.2,0.55,2,0.6979376914105904,1.5138210025495888,0.16477875534602437,1.695798364900365,33.282836458559096,0.4786944825509949,1050,749,1050,223.5663145520917,0.7133333333333334,0.4572000000138132,1.4808000000243737,2.7139980092616662,(gap/tau_g)^2+(speed/tau_v)^2+(lateral/tau_y)^2,False
moderate,3,2.6,3135,False,Proposed,service,3,aware,none,0.2,0.55,2,0.6929344245787475,1.5125821126858365,0.16518144210307686,1.6630680156179296,33.42508299956355,0.47760707744999864,1050,740,1050,223.3472796090897,0.7047619047619048,0.44690000000002783,0.8519000000148935,2.7030354397886094,(gap/tau_g)^2+(speed/tau_v)^2+(lateral/tau_y)^2,False
moderate,3,2.6,3136,False,Proposed,service,3,aware,none,0.2,0.55,2,0.695991993331651,1.5049030407059758,0.164065092347198,1.7315678811738682,33.39289507516811,0.49973057014654343,1050,718,1050,223.96695217432116,0.6838095238095238,0.45749999999600277,0.9368000000051779,2.6895741524745738,(gap/tau_g)^2+(speed/tau_v)^2+(lateral/tau_y)^2,False
moderate,3,2.6,3137,False,Proposed,service,3,aware,none,0.2,0.55,2,0.6889673729561656,1.5134636645881048,0.16483597598922325,1.78921838913189,33.47240753485176,0.44048369822214506,1049,744,1049,223.32241250159797,0.7092469018112488,0.4368499999998221,1.011599999998225,2.6918003102198513,(gap/tau_g)^2+(speed/tau_v)^2+(lateral/tau_y)^2,False
moderate,3,2.6,3138,False,Proposed,service,3,aware,none,0.2,0.55,2,0.6956836987729859,1.513043366972905,0.16485114820301813,1.7116809248082714,33.473366861840965,0.43676820681867046,1050,744,1050,223.52295088515243,0.7085714285714285,0.613450000003013,1.2542999999993754,2.707809285956003,(gap/tau_g)^2+(speed/tau_v)^2+(lateral/tau_y)^2,False
moderate,3,2.6,3139,False,Proposed,service,3,aware,none,0.2,0.55,2,0.6995546967650368,1.4873879628877167,0.16403809460925295,1.719821626623323,33.54356065590513,0.4990497650910961,1050,735,1050,223.9719022206157,0.7,0.48700000000678756,1.3628999999752978,2.6714517655107715,(gap/tau_g)^2+(speed/tau_v)^2+(lateral/tau_y)^2,False
moderate,3,2.6,3140,False,Proposed,service,3,aware,none,0.2,0.55,2,0.6996962000425672,1.4914631304320798,0.16395781220036465,1.7474254011990704,33.29159789739951,0.46559639856107615,1050,758,1050,224.02955530309757,0.7219047619047619,0.45235000000332093,0.9946000000127242,2.6773389846950555,(gap/tau_g)^2+(speed/tau_v)^2+(lateral/tau_y)^2,False
moderate,3,2.6,3141,False,Proposed,service,3,aware,none,0.2,0.55,2,0.694592454668011,1.5158288681158534,0.16496511542112274,1.7295965439585215,33.32345470074131,0.47323158695813416,1050,740,1050,223.45511753990363,0.7047619047619048,0.44779999998922904,1.0367000000144344,2.710356425468677,(gap/tau_g)^2+(speed/tau_v)^2+(lateral/tau_y)^2,False
moderate,3,2.6,3142,False,Proposed,service,3,aware,none,0.2,0.55,2,0.6889457857100231,1.4980773676886414,0.1646760177536895,1.7464980643940653,33.52277636110732,0.49168455164035696,1049,761,1049,223.4044839377924,0.7254528122020972,0.44455000001164535,0.8258999999952721,2.666788672379494,(gap/tau_g)^2+(speed/tau_v)^2+(lateral/tau_y)^2,False
moderate,3,2.6,3143,False,Proposed,service,3,aware,none,0.2,0.55,2,0.6939531566013117,1.4871991451262512,0.16439896768692053,1.7573338430557899,33.557875489757734,0.49691199118955576,1050,712,1050,223.778475786032,0.6780952380952381,0.4478500000004715,1.1145999999939704,2.6602513488645703,(gap/tau_g)^2+(speed/tau_v)^2+(lateral/tau_y)^2,False
moderate,3,2.6,3144,False,Proposed,service,3,aware,none,0.2,0.55,2,0.6941568595663312,1.5059773488571582,0.16481556571244405,1.7453703054374041,33.60936498853667,0.4956539540660875,1050,735,1050,223.53710714846244,0.7,0.4478999999975031,0.8675000000266664,2.6928595646965383,(gap/tau_g)^2+(speed/tau_v)^2+(lateral/tau_y)^2,False
moderate,3,2.6,3145,False,Proposed,service,3,aware,none,0.2,0.55,2,0.6987144223890238,1.5231171253586426,0.1649417540921283,1.7882501630014993,33.3243526863657,0.4853648111314056,1050,741,1050,223.47760122140716,0.7057142857142857,0.4429499999929476,1.2298999999984517,2.731674138137844,(gap/tau_g)^2+(speed/tau_v)^2+(lateral/tau_y)^2,False
moderate,3,2.6,3146,False,Proposed,service,3,aware,none,0.2,0.55,2,0.6888551394444945,1.5091550248341519,0.16464521262943346,1.614229153469903,33.308144686613666,0.4805874699634962,1050,725,1050,223.62896764277164,0.6904761904761905,0.457800000006614,1.4429000000006909,2.6833094959020123,(gap/tau_g)^2+(speed/tau_v)^2+(lateral/tau_y)^2,False
moderate,3,2.6,3147,False,Proposed,service,3,aware,none,0.2,0.55,2,0.691441736889163,1.5060989506801827,0.16465709607732873,1.7049669077174328,33.51148958945,0.4799873213813223,1049,769,1049,223.41386545913178,0.7330791229742613,0.43184999999823503,0.8502999999961958,2.6850530291103265,(gap/tau_g)^2+(speed/tau_v)^2+(lateral/tau_y)^2,False
moderate,3,2.6,3148,False,Proposed,service,3,aware,none,0.2,0.55,2,0.6882668463872604,1.4954356344694526,0.16455405280662652,1.7186781338392694,33.370480981282576,0.4754560027115994,1050,702,1050,223.70077934294636,0.6685714285714286,0.44474999998556086,1.0238000000128977,2.6600877831788634,(gap/tau_g)^2+(speed/tau_v)^2+(lateral/tau_y)^2,False
moderate,3,2.6,3149,False,Proposed,service,3,aware,none,0.2,0.55,2,0.6941139863932688,1.5081299070970717,0.16436064891195537,1.706602070079835,33.21505988809058,0.49227738058528414,1050,737,1050,223.79459386945092,0.7019047619047619,0.43434999999192314,1.0193999999899006,2.6923202825667905,(gap/tau_g)^2+(speed/tau_v)^2+(lateral/tau_y)^2,False
moderate,3,2.6,3150,False,Proposed,service,3,aware,none,0.2,0.55,2,0.6875953021707689,1.5103021425718954,0.1642268036829196,1.6776207852877487,33.53246607478226,0.4754772250089667,1050,782,1050,223.868475527558,0.7447619047619047,0.45719999999960237,1.055199999996148,2.6785537502989634,(gap/tau_g)^2+(speed/tau_v)^2+(lateral/tau_y)^2,False
severe,0,1.8,3101,True,Proposed,service,0,aware,none,0.65,0.92,5,0.5510345333348761,1.3351987691405767,0.16699774598531356,1.5427051744467264,11.622221593288657,0.47879702213606135,0,0,0,0.0,,0.40424999998833755,0.6496000000026925,2.146578208768762,(gap/tau_g)^2+(speed/tau_v)^2+(lateral/tau_y)^2,False
severe,0,1.8,3102,True,Proposed,service,0,aware,none,0.65,0.92,5,0.5608313031711278,1.346677823542178,0.16739009600292334,1.588472659707843,11.534194983199086,0.4828716690776498,0,0,0,0.0,,0.4243999999857806,1.1885000000120272,2.1849297649037296,(gap/tau_g)^2+(speed/tau_v)^2+(lateral/tau_y)^2,False
severe,0,1.8,3103,True,Proposed,service,0,aware,none,0.65,0.92,5,0.5544983878478281,1.3327685290871232,0.16738472241141178,1.5704190935276507,11.554085514881187,0.48559983423247743,0,0,0,0.0,,0.4368000000027905,1.0302000000024236,2.153312931817265,(gap/tau_g)^2+(speed/tau_v)^2+(lateral/tau_y)^2,False
severe,0,1.8,3104,True,Proposed,service,0,aware,none,0.65,0.92,5,0.5592344074749955,1.3419958959448093,0.1674532222212349,1.581746283432614,11.603918716513512,0.48458362047369974,0,0,0,0.0,,0.48800000001847366,1.2788999999884254,2.1758558777862786,(gap/tau_g)^2+(speed/tau_v)^2+(lateral/tau_y)^2,False
severe,0,1.8,3105,True,Proposed,service,0,aware,none,0.65,0.92,5,0.5501335877017601,1.330140584641932,0.1668820745829288,1.5869176081755632,11.549757061551794,0.48876252620062277,0,0,0,0.0,,0.44735000000173386,0.8284999999830234,2.1369705216296238,(gap/tau_g)^2+(speed/tau_v)^2+(lateral/tau_y)^2,False
severe,0,1.8,3106,True,Proposed,service,0,aware,none,0.65,0.92,5,0.554900922315557,1.3405566861880347,0.16765492212367103,1.5395579451123587,11.451011968517648,0.488015443322504,0,0,0,0.0,,0.44330000000059044,1.371399999982259,2.1669926172080656,(gap/tau_g)^2+(speed/tau_v)^2+(lateral/tau_y)^2,False
severe,0,1.8,3107,True,Proposed,service,0,aware,none,0.65,0.92,5,0.5584753458885693,1.3482484082895092,0.1677364052109292,1.537012046589301,11.748437668177061,0.48702588293565297,0,0,0,0.0,,0.45415000001014505,0.8641000000011445,2.1853026259365564,(gap/tau_g)^2+(speed/tau_v)^2+(lateral/tau_y)^2,False
severe,0,1.8,3108,True,Proposed,service,0,aware,none,0.65,0.92,5,0.5573366679118477,1.341502243131628,0.16789036608750163,1.564588981620212,11.564190500236322,0.4918541429039762,0,0,0,0.0,,0.45775000000958244,1.2526000000150361,2.175077794923063,(gap/tau_g)^2+(speed/tau_v)^2+(lateral/tau_y)^2,False
severe,0,1.8,3109,True,Proposed,service,0,aware,none,0.65,0.92,5,0.5658669077190208,1.3413309052164792,0.1678153305772565,1.5313830501219803,11.602573107220223,0.4898023083462858,0,0,0,0.0,,0.43674999999154807,0.9766000000013264,2.191246759748006,(gap/tau_g)^2+(speed/tau_v)^2+(lateral/tau_y)^2,False
severe,0,1.8,3110,True,Proposed,service,0,aware,none,0.65,0.92,5,0.5538067364559247,1.3387578127988107,0.16623521698168697,1.5893171080092752,11.418505033044639,0.46365262279839736,0,0,0,0.0,,0.47750000000235104,1.859599999988859,2.1505262441075774,(gap/tau_g)^2+(speed/tau_v)^2+(lateral/tau_y)^2,False
severe,0,1.8,3111,True,Proposed,service,0,aware,none,0.65,0.92,5,0.5560218186772508,1.336740583639829,0.16745791450989844,1.5487091070569141,11.650155095766678,0.481428515635296,0,0,0,0.0,,0.49305000000288146,0.9436999999934415,2.1623431896590626,(gap/tau_g)^2+(speed/tau_v)^2+(lateral/tau_y)^2,False
severe,0,1.8,3112,True,Proposed,service,0,aware,none,0.65,0.92,5,0.5558503765993358,1.3424946003912612,0.1668430748718487,1.5457780142656148,11.410097223358292,0.4881340482118226,0,0,0,0.0,,0.5322500000062291,1.7990000000054351,2.164731261093477,(gap/tau_g)^2+(speed/tau_v)^2+(lateral/tau_y)^2,False
severe,0,1.8,3113,True,Proposed,service,0,aware,none,0.65,0.92,5,0.5601959363524552,1.3407952707462485,0.16692999819709664,1.6132658771764483,11.454969079698579,0.48631692079046474,0,0,0,0.0,,0.44584999999131014,0.7903999999996358,2.1717521005437663,(gap/tau_g)^2+(speed/tau_v)^2+(lateral/tau_y)^2,False
severe,0,1.8,3114,True,Proposed,service,0,aware,none,0.65,0.92,5,0.5561065790128649,1.3377192787347463,0.16662826381473753,1.5879294828241357,11.591220720218821,0.48691566095887806,0,0,0,0.0,,0.5097500000061927,1.2971999999820127,2.156916849381763,(gap/tau_g)^2+(speed/tau_v)^2+(lateral/tau_y)^2,False
severe,0,1.8,3115,True,Proposed,service,0,aware,none,0.65,0.92,5,0.5540316872200071,1.3426073661785098,0.16701423424442197,1.5793745335535678,11.667124401988254,0.48711727435057584,0,0,0,0.0,,0.4526999999967529,1.3061999999877116,2.162725815709794,(gap/tau_g)^2+(speed/tau_v)^2+(lateral/tau_y)^2,False
severe,0,1.8,3116,True,Proposed,service,0,aware,none,0.65,0.92,5,0.5538721599172799,1.3452502328986868,0.1677143834934832,1.5362629693849383,11.34871378331912,0.4765985408416257,0,0,0,0.0,,0.45314999999845895,1.057800000012321,2.171894920318917,(gap/tau_g)^2+(speed/tau_v)^2+(lateral/tau_y)^2,False
severe,0,1.8,3117,True,Proposed,service,0,aware,none,0.65,0.92,5,0.5530767019339338,1.3321921765265325,0.16706416341158284,1.565375777331295,11.52394538537554,0.48543574808864676,0,0,0,0.0,,0.4670999999802916,1.068400000008296,2.1470496839313955,(gap/tau_g)^2+(speed/tau_v)^2+(lateral/tau_y)^2,False
severe,0,1.8,3118,True,Proposed,service,0,aware,none,0.65,0.92,5,0.5585217315857278,1.3420599507591167,0.16723264422517334,1.5642125354473968,11.550616757485244,0.4894930339951533,0,0,0,0.0,,0.41724999999814827,0.9333000000140146,2.172681813090254,(gap/tau_g)^2+(speed/tau_v)^2+(lateral/tau_y)^2,False
severe,0,1.8,3119,True,Proposed,service,0,aware,none,0.65,0.92,5,0.5531741406499687,1.3356405213553622,0.16744469778664423,1.5558898750109604,11.410636962253456,0.48634366603828993,0,0,0,0.0,,0.4477000000093767,1.4615000000048894,2.1551172936491096,(gap/tau_g)^2+(speed/tau_v)^2+(lateral/tau_y)^2,False
severe,0,1.8,3120,True,Proposed,service,0,aware,none,0.65,0.92,5,0.5533620921615873,1.325377148446634,0.1665578779872041,1.5334642213260234,11.356704780192281,0.4944208412760488,0,0,0,0.0,,0.4332999999974163,1.1196000000097683,2.134147832656711,(gap/tau_g)^2+(speed/tau_v)^2+(lateral/tau_y)^2,False
severe,0,1.8,3121,True,Proposed,service,0,aware,none,0.65,0.92,5,0.5599058518871454,1.348603759970172,0.16811657500114724,1.6209659742818578,11.553361949008277,0.47805194708532495,0,0,0,0.0,,0.4344500000001972,0.8895000000279651,2.1918277788019243,(gap/tau_g)^2+(speed/tau_v)^2+(lateral/tau_y)^2,False
severe,0,1.8,3122,True,Proposed,service,0,aware,none,0.65,0.92,5,0.5541292606601441,1.3422412119906246,0.16736615704422972,1.5441093707882785,11.500807395410831,0.48773737548596396,0,0,0,0.0,,0.4513500000058457,1.5883000000087577,2.165358378122991,(gap/tau_g)^2+(speed/tau_v)^2+(lateral/tau_y)^2,False
severe,0,1.8,3123,True,Proposed,service,0,aware,none,0.65,0.92,5,0.5527637496418909,1.341801445152658,0.16799869136653348,1.6149282948859434,11.410641460847366,0.4865209981276759,0,0,0,0.0,,0.44495000000210894,0.8333000000106949,2.1673723356984205,(gap/tau_g)^2+(speed/tau_v)^2+(lateral/tau_y)^2,False
severe,0,1.8,3124,True,Proposed,service,0,aware,none,0.65,0.92,5,0.5584253608706805,1.3296590857127464,0.1673729217096167,1.5228019292347947,11.636606522050279,0.48403113615494464,0,0,0,0.0,,0.4583500000165941,1.3294000000030337,2.1567600005718015,(gap/tau_g)^2+(speed/tau_v)^2+(lateral/tau_y)^2,False
severe,0,1.8,3125,True,Proposed,service,0,aware,none,0.65,0.92,5,0.5437826304684661,1.3365802757384821,0.16703477258352414,1.5676020453760082,11.580291401631392,0.4865281361749575,0,0,0,0.0,,0.484450000001857,0.8426999999926466,2.13465593483393,(gap/tau_g)^2+(speed/tau_v)^2+(lateral/tau_y)^2,False
severe,0,1.8,3126,True,Proposed,service,0,aware,none,0.65,0.92,5,0.5521418783209849,1.3406778620613415,0.1666642039944227,1.5418676608709285,11.47510956109732,0.4936846326881591,0,0,0,0.0,,0.43614999999874726,1.2219999999842912,2.1534479739956973,(gap/tau_g)^2+(speed/tau_v)^2+(lateral/tau_y)^2,False
severe,0,1.8,3127,True,Proposed,service,0,aware,none,0.65,0.92,5,0.5612306595241019,1.34540781873178,0.16694764644083226,1.5533945349065512,11.545013212531082,0.49585498405584727,0,0,0,0.0,,0.4414500000109456,0.822399999975687,2.180283833784928,(gap/tau_g)^2+(speed/tau_v)^2+(lateral/tau_y)^2,False
severe,0,1.8,3128,True,Proposed,service,0,aware,none,0.65,0.92,5,0.557782595905026,1.3407515817598488,0.16658517337481155,1.5397695986831872,11.5199963359603,0.48669735038667006,0,0,0,0.0,,0.42055000000118525,0.9703000000058637,2.1640206642090853,(gap/tau_g)^2+(speed/tau_v)^2+(lateral/tau_y)^2,False
severe,0,1.8,3129,True,Proposed,service,0,aware,none,0.65,0.92,5,0.5549029408766585,1.3344135696163142,0.16747034928563412,1.6094416065126063,11.65059344321645,0.48007325081010555,0,0,0,0.0,,0.4409999999950287,0.6888000000060401,2.15706621703948,(gap/tau_g)^2+(speed/tau_v)^2+(lateral/tau_y)^2,False
severe,0,1.8,3130,True,Proposed,service,0,aware,none,0.65,0.92,5,0.5529376265516033,1.3375134646972655,0.16769039404769148,1.5607357995343543,11.628767561777693,0.4947661653061963,0,0,0,0.0,,0.45369999999422816,1.0286000000121476,2.1592651647617638,(gap/tau_g)^2+(speed/tau_v)^2+(lateral/tau_y)^2,False
severe,0,1.8,3131,True,Proposed,service,0,aware,none,0.65,0.92,5,0.5583358175454293,1.3475515278178982,0.16828852126846539,1.5095249936781685,11.48356932123066,0.48545237525047036,0,0,0,0.0,,0.4403000000081647,1.2593999999808148,2.188705224368648,(gap/tau_g)^2+(speed/tau_v)^2+(lateral/tau_y)^2,False
severe,0,1.8,3132,True,Proposed,service,0,aware,none,0.65,0.92,5,0.5488856733536385,1.3396203246810394,0.16675434728257607,1.5886741221182588,11.546534250224717,0.4812476964308319,0,0,0,0.0,,0.4455500000091206,0.9898999999791158,2.146379540705951,(gap/tau_g)^2+(speed/tau_v)^2+(lateral/tau_y)^2,False
severe,0,1.8,3133,True,Proposed,service,0,aware,none,0.65,0.92,5,0.5536080733527942,1.3423907811284002,0.16663284757667068,1.6409127874156695,11.547664930351914,0.47330765367513017,0,0,0,0.0,,0.4428000000018528,0.6325999999887699,2.15841374888906,(gap/tau_g)^2+(speed/tau_v)^2+(lateral/tau_y)^2,False
severe,0,1.8,3134,True,Proposed,service,0,aware,none,0.65,0.92,5,0.5580790601358798,1.3477732194962533,0.16743495176445716,1.5532147383230392,11.650286558886528,0.4882520384428227,0,0,0,0.0,,0.6946500000140077,1.3114000000200576,2.181336408124265,(gap/tau_g)^2+(speed/tau_v)^2+(lateral/tau_y)^2,False
severe,0,1.8,3135,True,Proposed,service,0,aware,none,0.65,0.92,5,0.553517677565006,1.3414491203052048,0.1678840432514176,1.5406001310154174,11.449284178860559,0.4870958325132131,0,0,0,0.0,,0.43525000000954606,0.8162999999967724,2.1674100600602957,(gap/tau_g)^2+(speed/tau_v)^2+(lateral/tau_y)^2,False
severe,0,1.8,3136,True,Proposed,service,0,aware,none,0.65,0.92,5,0.5587932356565378,1.3409405013433302,0.16661162024918658,1.5776197854079015,11.353129203152427,0.48423845631482176,0,0,0,0.0,,0.4346500000025344,1.2884000000212836,2.166505590122017,(gap/tau_g)^2+(speed/tau_v)^2+(lateral/tau_y)^2,False
severe,0,1.8,3137,True,Proposed,service,0,aware,none,0.65,0.92,5,0.5543772811531396,1.3434986144176195,0.16747274302640794,1.566207116352979,11.50004662857949,0.4759619883126408,0,0,0,0.0,,0.4462499999959846,0.7546999999874515,2.168462362692344,(gap/tau_g)^2+(speed/tau_v)^2+(lateral/tau_y)^2,False
severe,0,1.8,3138,True,Proposed,service,0,aware,none,0.65,0.92,5,0.5586775156318625,1.3431529959589341,0.16750881452929278,1.5383265210684303,11.50773736302709,0.4950816130028364,0,0,0,0.0,,0.4325499999993099,1.0685000000023592,2.1767998411740668,(gap/tau_g)^2+(speed/tau_v)^2+(lateral/tau_y)^2,False
severe,0,1.8,3139,True,Proposed,service,0,aware,none,0.65,0.92,5,0.5601215167814128,1.3261970452811493,0.16660945141588573,1.5841438759163702,11.692380623154904,0.4869340603906894,0,0,0,0.0,,0.4535500000031334,0.8099000000072465,2.149067049279319,(gap/tau_g)^2+(speed/tau_v)^2+(lateral/tau_y)^2,False
severe,0,1.8,3140,True,Proposed,service,0,aware,none,0.65,0.92,5,0.5570001040382039,1.3323227451382806,0.1664818144297462,1.5520656657504184,11.382630461430807,0.47569261696612264,0,0,0,0.0,,0.4346000000055028,1.3380000000040582,2.1501138968135605,(gap/tau_g)^2+(speed/tau_v)^2+(lateral/tau_y)^2,False
severe,0,1.8,3141,True,Proposed,service,0,aware,none,0.65,0.92,5,0.5599735813089144,1.3456569713954518,0.1676702659080339,1.5366409312829012,11.430345013857526,0.4896332392653132,0,0,0,0.0,,0.44054999999332267,1.145600000000968,2.1841652802510394,(gap/tau_g)^2+(speed/tau_v)^2+(lateral/tau_y)^2,False
severe,0,1.8,3142,True,Proposed,service,0,aware,none,0.65,0.92,5,0.5540272045164594,1.329728825899893,0.16729116956952017,1.5535603081586447,11.54545288460114,0.48086142878428406,0,0,0,0.0,,0.5425499999915928,1.3481999999953587,2.147472433535633,(gap/tau_g)^2+(speed/tau_v)^2+(lateral/tau_y)^2,False
severe,0,1.8,3143,True,Proposed,service,0,aware,none,0.65,0.92,5,0.5480851789968162,1.330297154493762,0.1670322606574517,1.585327505264085,11.787138474167762,0.4823321897748154,0,0,0,0.0,,0.4374499999926229,1.2265999999954147,2.13443748587808,(gap/tau_g)^2+(speed/tau_v)^2+(lateral/tau_y)^2,False
severe,0,1.8,3144,True,Proposed,service,0,aware,none,0.65,0.92,5,0.5523637824420017,1.3406218059784805,0.16746711162199354,1.5598749917054535,11.487517610859769,0.48478038806378065,0,0,0,0.0,,0.42600000000447835,1.6118000000062693,2.160513926562577,(gap/tau_g)^2+(speed/tau_v)^2+(lateral/tau_y)^2,False
severe,0,1.8,3145,True,Proposed,service,0,aware,none,0.65,0.92,5,0.5620317033426713,1.3540372646876462,0.16764671049922683,1.5890520104476045,11.608035686572656,0.484147837739917,0,0,0,0.0,,0.4315499999876238,0.7184000000108881,2.1996160780256315,(gap/tau_g)^2+(speed/tau_v)^2+(lateral/tau_y)^2,False
severe,0,1.8,3146,True,Proposed,service,0,aware,none,0.65,0.92,5,0.5513625279083207,1.3432986590224916,0.1672727478734262,1.537223644042429,11.605545129912201,0.4800839764224536,0,0,0,0.0,,0.44115000000033433,1.5123000000016873,2.160588293643533,(gap/tau_g)^2+(speed/tau_v)^2+(lateral/tau_y)^2,False
severe,0,1.8,3147,True,Proposed,service,0,aware,none,0.65,0.92,5,0.5528572260354475,1.3379618542150387,0.16726414032168277,1.5626701040469457,11.67455037771147,0.4921560134112133,0,0,0,0.0,,0.42515000001230874,1.306700000014871,2.1561497872673305,(gap/tau_g)^2+(speed/tau_v)^2+(lateral/tau_y)^2,False
severe,0,1.8,3148,True,Proposed,service,0,aware,none,0.65,0.92,5,0.5554749116539334,1.3297418881255778,0.1671757786281561,1.5649032289319422,11.669507010750834,0.49428404839205564,0,0,0,0.0,,0.4496500000072956,1.3123000000234697,2.1493808232612377,(gap/tau_g)^2+(speed/tau_v)^2+(lateral/tau_y)^2,False
severe,0,1.8,3149,True,Proposed,service,0,aware,none,0.65,0.92,5,0.5588341585132303,1.3404671053053525,0.16697823226815856,1.563217760264608,11.427897151933983,0.4779572532338554,0,0,0,0.0,,0.43085000001497065,0.7374999999854026,2.168996714098352,(gap/tau_g)^2+(speed/tau_v)^2+(lateral/tau_y)^2,False
severe,0,1.8,3150,True,Proposed,service,0,aware,none,0.65,0.92,5,0.5550369192730064,1.3413004947109746,0.16680340109855268,1.5437810919720936,11.585300358805881,0.49187036577750465,0,0,0,0.0,,0.6060000000047694,1.821799999987661,2.16115876124916,(gap/tau_g)^2+(speed/tau_v)^2+(lateral/tau_y)^2,False
severe,0,2.0,3101,True,Proposed,service,0,aware,none,0.65,0.92,5,0.5699841456562253,1.3974183207769324,0.1663535007077198,1.502704251316953,17.034923616427108,0.4833780858075284,0,0,0,0.0,,0.44524999999850934,0.9176000000081785,2.2657203362885343,(gap/tau_g)^2+(speed/tau_v)^2+(lateral/tau_y)^2,False
severe,0,2.0,3102,False,Proposed,service,0,aware,none,0.65,0.92,5,0.5798347077524377,1.4098687748912593,0.16673370192713316,1.5482429922122676,16.996066752195354,0.4879989482153573,0,0,0,0.0,,0.44295000000715845,1.5389000000141095,2.3068547476349432,(gap/tau_g)^2+(speed/tau_v)^2+(lateral/tau_y)^2,False
severe,0,2.0,3103,True,Proposed,service,0,aware,none,0.65,0.92,5,0.5738034895577531,1.3959675334123534,0.16673105765316612,1.5295723487735915,16.949565303884455,0.4891589341058954,0,0,0,0.0,,0.4430999999982532,0.8200000000044838,2.2745628932038646,(gap/tau_g)^2+(speed/tau_v)^2+(lateral/tau_y)^2,False
severe,0,2.0,3104,False,Proposed,service,0,aware,none,0.65,0.92,5,0.5780812727662078,1.405167762770219,0.16680008667580656,1.5400113799014563,17.032674902698297,0.48820902290429535,0,0,0,0.0,,0.45189999998740404,1.4304999999978918,2.297047013932152,(gap/tau_g)^2+(speed/tau_v)^2+(lateral/tau_y)^2,False
severe,0,2.0,3105,True,Proposed,service,0,aware,none,0.65,0.92,5,0.5691128456337686,1.3923549742853374,0.16624625694751616,1.5451947560949173,16.971971964993045,0.49253341172462484,0,0,0,0.0,,0.4806500000000824,1.089600000000246,2.255857236026034,(gap/tau_g)^2+(speed/tau_v)^2+(lateral/tau_y)^2,False
severe,0,2.0,3106,False,Proposed,service,0,aware,none,0.65,0.92,5,0.5743822853921636,1.403787038158294,0.16699214029114895,1.5008722319858494,17.14539242805961,0.49166593859557084,0,0,0,0.0,,0.5455000000011978,1.6686000000163403,2.289092317588351,(gap/tau_g)^2+(speed/tau_v)^2+(lateral/tau_y)^2,False
severe,0,2.0,3107,False,Proposed,service,0,aware,none,0.65,0.92,5,0.5782478105427561,1.411472737193205,0.16707097852889535,1.4971371077798359,17.147736712609685,0.48907951219082724,0,0,0,0.0,,0.5104500000072676,1.2806000000011863,2.308711074659534,(gap/tau_g)^2+(speed/tau_v)^2+(lateral/tau_y)^2,False
severe,0,2.0,3108,False,Proposed,service,0,aware,none,0.65,0.92,5,0.5770255728094739,1.405112266672693,0.16722909117441268,1.5257261326046554,17.1484789241508,0.4951997458207167,0,0,0,0.0,,0.47259999999482716,1.00100000000225,2.298382038780784,(gap/tau_g)^2+(speed/tau_v)^2+(lateral/tau_y)^2,False
severe,0,2.0,3109,False,Proposed,service,0,aware,none,0.65,0.92,5,0.5850686565248453,1.4051330820733214,0.16715238317212872,1.4917534210325505,17.052278305187443,0.4939407889896116,0,0,0,0.0,,0.42320000001438984,0.7463000000029751,2.3143872114734876,(gap/tau_g)^2+(speed/tau_v)^2+(lateral/tau_y)^2,False
severe,0,2.0,3110,False,Proposed,service,0,aware,none,0.65,0.92,5,0.5725993091204499,1.4007154888211246,0.1656086374277577,1.5498830926882101,16.889686327311765,0.4690133882949872,0,0,0,0.0,,0.538649999995755,1.4344000000221513,2.269557852382734,(gap/tau_g)^2+(speed/tau_v)^2+(lateral/tau_y)^2,False
severe,0,2.0,3111,True,Proposed,service,0,aware,none,0.65,0.92,5,0.5749645174638357,1.3998546903846965,0.16680247161323036,1.5091247245884558,17.157538792786546,0.4856352735118801,0,0,0,0.0,,0.4278000000113025,0.5909999999857973,2.2830742769573265,(gap/tau_g)^2+(speed/tau_v)^2+(lateral/tau_y)^2,False
severe,0,2.0,3112,False,Proposed,service,0,aware,none,0.65,0.92,5,0.5751987887067582,1.4048553658101575,0.1662026856724824,1.5054390228440748,16.82161480171081,0.49072035387887514,0,0,0,0.0,,0.5335500000001048,0.7516000000009626,2.285715843333071,(gap/tau_g)^2+(speed/tau_v)^2+(lateral/tau_y)^2,False
severe,0,2.0,3113,False,Proposed,service,0,aware,none,0.65,0.92,5,0.5796350582378371,1.4036772379873095,0.16628907553444155,1.5728055112257853,16.990762598140222,0.48961422834838775,0,0,0,0.0,,0.46249999999758984,0.9106999999914933,2.2938536023987814,(gap/tau_g)^2+(speed/tau_v)^2+(lateral/tau_y)^2,False
severe,0,2.0,3114,True,Proposed,service,0,aware,none,0.65,0.92,5,0.5755168768981076,1.3995599586684222,0.16598927434058297,1.5470704265759017,16.983270817309872,0.4905035940659995,0,0,0,0.0,,0.42620000000681557,1.2284000000022388,2.277017427057977,(gap/tau_g)^2+(speed/tau_v)^2+(lateral/tau_y)^2,False
severe,0,2.0,3115,False,Proposed,service,0,aware,none,0.65,0.92,5,0.5731599698148088,1.40501654811795,0.1663726459674256,1.5402299082909274,17.18280829212101,0.49088809628105456,0,0,0,0.0,,0.4911999999848149,1.310000000017908,2.283197727467322,(gap/tau_g)^2+(speed/tau_v)^2+(lateral/tau_y)^2,False
severe,0,2.0,3116,False,Proposed,service,0,aware,none,0.65,0.92,5,0.5733280973191353,1.4085098894643922,0.16705114718316055,1.497028088235393,16.961706886837945,0.47988063607295395,0,0,0,0.0,,0.45759999999006595,1.2663999999915632,2.294210712378953,(gap/tau_g)^2+(speed/tau_v)^2+(lateral/tau_y)^2,False
severe,0,2.0,3117,True,Proposed,service,0,aware,none,0.65,0.92,5,0.5722602477945792,1.3945400818462268,0.16641415728310163,1.5243372376389692,17.0638024070144,0.48908246034042846,0,0,0,0.0,,0.446199999998953,0.7815000000164218,2.266746971106041,(gap/tau_g)^2+(speed/tau_v)^2+(lateral/tau_y)^2,False
severe,0,2.0,3118,False,Proposed,service,0,aware,none,0.65,0.92,5,0.5779290971817621,1.4046327941915415,0.16658191768726946,1.5233714620237908,16.959990898419328,0.49255038109592864,0,0,0,0.0,,0.461100000009651,0.9574999999983902,2.2941490172034866,(gap/tau_g)^2+(speed/tau_v)^2+(lateral/tau_y)^2,False
severe,0,2.0,3119,True,Proposed,service,0,aware,none,0.65,0.92,5,0.5728874401074824,1.3986079233233895,0.1667933493146815,1.5158587223373723,16.87784372209714,0.4905085796809767,0,0,0,0.0,,0.43084999998654894,0.7800999999858504,2.2769795426395856,(gap/tau_g)^2+(speed/tau_v)^2+(lateral/tau_y)^2,False
severe,0,2.0,3120,True,Proposed,service,0,aware,none,0.65,0.92,5,0.572591424504811,1.3870699770460466,0.1659329022774614,1.495932367927757,16.935279581141614,0.49693954825614794,0,0,0,0.0,,0.4595999999992273,1.1484999999993306,2.2528209311098766,(gap/tau_g)^2+(speed/tau_v)^2+(lateral/tau_y)^2,False
severe,0,2.0,3121,False,Proposed,service,0,aware,none,0.65,0.92,5,0.5793241218948045,1.4125525289114345,0.16744304835538992,1.5787712665118274,17.03007465777459,0.4819197622043623,0,0,0,0.0,,0.43789999999432894,0.904800000000705,2.3155933817352286,(gap/tau_g)^2+(speed/tau_v)^2+(lateral/tau_y)^2,False
severe,0,2.0,3122,False,Proposed,service,0,aware,none,0.65,0.92,5,0.5734805220243815,1.4049677315150844,0.1667073075830104,1.5039580175087144,17.09316882126283,0.49077483179590076,0,0,0,0.0,,0.4444000000063397,1.5477999999973235,2.2865679043739195,(gap/tau_g)^2+(speed/tau_v)^2+(lateral/tau_y)^2,False
severe,0,2.0,3123,False,Proposed,service,0,aware,none,0.65,0.92,5,0.572656290422241,1.4051766590865948,0.16733347382892252,1.5730417559906225,16.863210284380536,0.490258425292437,0,0,0,0.0,,0.44004999999458505,0.9376000000145268,2.290417145244801,(gap/tau_g)^2+(speed/tau_v)^2+(lateral/tau_y)^2,False
severe,0,2.0,3124,True,Proposed,service,0,aware,none,0.65,0.92,5,0.5775458837698623,1.392685932310919,0.16672203487056927,1.4847040835164487,17.014822455336137,0.4878120506353104,0,0,0,0.0,,0.4229500000008102,1.2606999999889013,2.277478766740642,(gap/tau_g)^2+(speed/tau_v)^2+(lateral/tau_y)^2,False
severe,0,2.0,3125,True,Proposed,service,0,aware,none,0.65,0.92,5,0.5634647769247156,1.3982193551372102,0.16639119429544294,1.5283913502431756,16.959450465825142,0.48986251947003967,0,0,0,0.0,,0.4368999999968537,0.9123999999758325,2.254039786398523,(gap/tau_g)^2+(speed/tau_v)^2+(lateral/tau_y)^2,False
severe,0,2.0,3126,False,Proposed,service,0,aware,none,0.65,0.92,5,0.5709324346590094,1.4025405780771414,0.16603254632039718,1.503718060464872,17.0646333197058,0.4986092910719464,0,0,0,0.0,,0.42474999999342344,0.8860999999740216,2.272294131228438,(gap/tau_g)^2+(speed/tau_v)^2+(lateral/tau_y)^2,False
severe,0,2.0,3127,False,Proposed,service,0,aware,none,0.65,0.92,5,0.5801536682787299,1.4082280047642963,0.16630197075434602,1.5133950587394196,16.983615151565296,0.49724084190266715,0,0,0,0.0,,0.4919999999941638,1.1020999999971082,2.3015588548521,(gap/tau_g)^2+(speed/tau_v)^2+(lateral/tau_y)^2,False
severe,0,2.0,3128,False,Proposed,service,0,aware,none,0.65,0.92,5,0.5767238172971193,1.403342871271338,0.16594324505950991,1.5009099518287388,16.981663407863337,0.49056434427158624,0,0,0,0.0,,0.4332000000033531,0.7062999999902786,2.2845175555549466,(gap/tau_g)^2+(speed/tau_v)^2+(lateral/tau_y)^2,False
severe,0,2.0,3129,True,Proposed,service,0,aware,none,0.65,0.92,5,0.5745932853701544,1.3971343505963143,0.1668120557885549,1.5702174873462988,17.038566593914382,0.48506235518842855,0,0,0,0.0,,0.4382000000049402,0.821000000001959,2.278513520202925,(gap/tau_g)^2+(speed/tau_v)^2+(lateral/tau_y)^2,False
severe,0,2.0,3130,False,Proposed,service,0,aware,none,0.65,0.92,5,0.5715679699259234,1.4003547945067356,0.16702730070361993,1.5202815434104795,16.987703842152428,0.4947661653061963,0,0,0,0.0,,0.7061000000021522,1.4894999999910397,2.2787420161304768,(gap/tau_g)^2+(speed/tau_v)^2+(lateral/tau_y)^2,False
severe,0,2.0,3131,False,Proposed,service,0,aware,none,0.65,0.92,5,0.5781441874162292,1.4114971802350595,0.16760620415536798,1.472189368476117,17.02175534612433,0.4891329543427754,0,0,0,0.0,,0.4770000000036134,1.130700000004481,2.3130114456142947,(gap/tau_g)^2+(speed/tau_v)^2+(lateral/tau_y)^2,False
severe,0,2.0,3132,False,Proposed,service,0,aware,none,0.65,0.92,5,0.5678466193756899,1.4013817394066928,0.16611569512854746,1.5483059837880404,16.953105509197968,0.48521477842117033,0,0,0,0.0,,0.46604999999999563,1.0233999999798016,2.265079550631866,(gap/tau_g)^2+(speed/tau_v)^2+(lateral/tau_y)^2,False
severe,0,2.0,3133,False,Proposed,service,0,aware,none,0.65,0.92,5,0.573007507524888,1.4043558968212853,0.16599909340798083,1.5990309968913377,17.08510326551506,0.47845530795686175,0,0,0,0.0,,0.43874999998649855,0.7432999999821277,2.2788361610115295,(gap/tau_g)^2+(speed/tau_v)^2+(lateral/tau_y)^2,False
severe,0,2.0,3134,False,Proposed,service,0,aware,none,0.65,0.92,5,0.577489633855534,1.4109373599955435,0.16677498778428224,1.5135109831481297,17.095324928819267,0.49132514018427487,0,0,0,0.0,,0.4414500000109456,1.0619999999903484,2.303911962389596,(gap/tau_g)^2+(speed/tau_v)^2+(lateral/tau_y)^2,False
severe,0,2.0,3135,False,Proposed,service,0,aware,none,0.65,0.92,5,0.5730892905137066,1.4047271978762261,0.16721195972583935,1.5022318824581475,17.046426429843606,0.49001717219670593,0,0,0,0.0,,0.43734999998434887,1.2873999999953867,2.2896384566452257,(gap/tau_g)^2+(speed/tau_v)^2+(lateral/tau_y)^2,False
severe,0,2.0,3136,False,Proposed,service,0,aware,none,0.65,0.92,5,0.57808669620124,1.403186735398939,0.16597829903972583,1.5386442050683555,16.863970097759264,0.4887557856870106,0,0,0,0.0,,0.4401999999998907,0.8949000000200158,2.2873828490107004,(gap/tau_g)^2+(speed/tau_v)^2+(lateral/tau_y)^2,False
severe,0,2.0,3137,False,Proposed,service,0,aware,none,0.65,0.92,5,0.5738348465271332,1.4064428431233056,0.16681400269735697,1.5269196760352777,17.12091878864276,0.4794527161094613,0,0,0,0.0,,0.430949999994823,0.7240999999851283,2.2902961274035287,(gap/tau_g)^2+(speed/tau_v)^2+(lateral/tau_y)^2,False
severe,0,2.0,3138,False,Proposed,service,0,aware,none,0.65,0.92,5,0.5781638553741207,1.4064776350397235,0.16684572191588523,1.4984718484614994,16.87245483636209,0.4953216374050543,0,0,0,0.0,,0.47299999998529074,1.2750000000210093,2.299476445263809,(gap/tau_g)^2+(speed/tau_v)^2+(lateral/tau_y)^2,False
severe,0,2.0,3139,True,Proposed,service,0,aware,none,0.65,0.92,5,0.5790005555538211,1.3881612613645171,0.16597583699459248,1.5446754930749327,17.09714323608005,0.491556451849267,0,0,0,0.0,,0.43999999999755346,0.8689000000003944,2.2678436296138695,(gap/tau_g)^2+(speed/tau_v)^2+(lateral/tau_y)^2,False
severe,0,2.0,3140,True,Proposed,service,0,aware,none,0.65,0.92,5,0.5757872653607617,1.3942301072042427,0.16585685441057432,1.5119163814075944,16.848393910228253,0.47980342166834156,0,0,0,0.0,,0.4444500000033713,1.010900000011361,2.2688750853366035,(gap/tau_g)^2+(speed/tau_v)^2+(lateral/tau_y)^2,False
severe,0,2.0,3141,False,Proposed,service,0,aware,none,0.65,0.92,5,0.5788555040622456,1.4093560789944521,0.16700390375626606,1.498170341836466,17.05370466594109,0.4938180409581475,0,0,0,0.0,,0.4404499999992595,1.9419999999854554,2.30635465336232,(gap/tau_g)^2+(speed/tau_v)^2+(lateral/tau_y)^2,False
severe,0,2.0,3142,True,Proposed,service,0,aware,none,0.65,0.92,5,0.5736881287629044,1.3919348654018748,0.166642774671981,1.5143983999875914,17.20080256937012,0.4850401876125482,0,0,0,0.0,,0.44075000000987075,1.688000000001466,2.2678557143234768,(gap/tau_g)^2+(speed/tau_v)^2+(lateral/tau_y)^2,False
severe,0,2.0,3143,True,Proposed,service,0,aware,none,0.65,0.92,5,0.5674292728188994,1.3920901225940752,0.1663784146142032,1.5452439037330203,17.208545990334322,0.4872289840327817,0,0,0,0.0,,0.4425999999995156,1.1386999999842828,2.253178259486457,(gap/tau_g)^2+(speed/tau_v)^2+(lateral/tau_y)^2,False
severe,0,2.0,3144,False,Proposed,service,0,aware,none,0.65,0.92,5,0.5718309410026233,1.4033170415181322,0.16680831900360754,1.5193571367749867,17.11913660886392,0.4890499017995923,0,0,0,0.0,,0.4456000000061522,0.7602000000019871,2.281686293438759,(gap/tau_g)^2+(speed/tau_v)^2+(lateral/tau_y)^2,False
severe,0,2.0,3145,False,Proposed,service,0,aware,none,0.65,0.92,5,0.5817158921294908,1.4173719071099324,0.16697725087028512,1.5478000559635396,16.992112402480622,0.4877942127538031,0,0,0,0.0,,0.4205500000153961,0.8457999999791355,2.3235942684709663,(gap/tau_g)^2+(speed/tau_v)^2+(lateral/tau_y)^2,False
severe,0,2.0,3146,False,Proposed,service,0,aware,none,0.65,0.92,5,0.5705887087080277,1.4059928894679123,0.16662474828454435,1.4973461194360038,17.13386780122613,0.4833235778953726,0,0,0,0.0,,0.4451999999872669,1.462699999990491,2.281468495483006,(gap/tau_g)^2+(speed/tau_v)^2+(lateral/tau_y)^2,False
severe,0,2.0,3147,False,Proposed,service,0,aware,none,0.65,0.92,5,0.5716887422175406,1.4008479751526148,0.16661611911382385,1.5238600604165033,17.07401302450154,0.49562579878713287,0,0,0,0.0,,0.4667000000040389,0.8554000000060569,2.276262626174189,(gap/tau_g)^2+(speed/tau_v)^2+(lateral/tau_y)^2,False
severe,0,2.0,3148,True,Proposed,service,0,aware,none,0.65,0.92,5,0.5745440650008576,1.3921958332879067,0.1665215120375972,1.525023306478503,17.023219979027537,0.4965724233478914,0,0,0,0.0,,0.4423000000031152,2.455400000002328,2.2689636272426705,(gap/tau_g)^2+(speed/tau_v)^2+(lateral/tau_y)^2,False
severe,0,2.0,3149,False,Proposed,service,0,aware,none,0.65,0.92,5,0.5785113784750405,1.402869694214121,0.16633233077511242,1.5245094400795864,16.880728022747157,0.4827025546540725,0,0,0,0.0,,0.4789500000015323,1.5435999999908745,2.2907433868947598,(gap/tau_g)^2+(speed/tau_v)^2+(lateral/tau_y)^2,False
severe,0,2.0,3150,False,Proposed,service,0,aware,none,0.65,0.92,5,0.574595687384203,1.403702432782958,0.1661686067094175,1.5039971125595866,17.10603061012943,0.49660465121572295,0,0,0,0.0,,0.42609999999854153,1.4322999999762942,2.28254780367316,(gap/tau_g)^2+(speed/tau_v)^2+(lateral/tau_y)^2,False
severe,0,2.2,3101,False,Proposed,service,0,aware,none,0.65,0.92,5,0.5825798328214005,1.4513549974374509,0.16572398263576799,1.4668160296542352,22.449362264441845,0.48764185753373346,0,0,0,0.0,,0.4488499999979467,1.1940999999922042,2.364697287125135,(gap/tau_g)^2+(speed/tau_v)^2+(lateral/tau_y)^2,False
severe,0,2.2,3102,False,Proposed,service,0,aware,none,0.65,0.92,5,0.5923938314989963,1.4646560877551507,0.16609304606256212,1.5120660902569245,22.5009259616263,0.492828657137781,0,0,0,0.0,,0.517800000011448,1.4706000000046515,2.40804755888885,(gap/tau_g)^2+(speed/tau_v)^2+(lateral/tau_y)^2,False
severe,0,2.2,3103,False,Proposed,service,0,aware,none,0.65,0.92,5,0.5867915327331027,1.450837701460325,0.16609263634659707,1.492925311948345,22.42015622664887,0.4924865642028813,0,0,0,0.0,,0.5300499999947306,1.742300000017849,2.375745086143366,(gap/tau_g)^2+(speed/tau_v)^2+(lateral/tau_y)^2,False
severe,0,2.2,3104,False,Proposed,service,0,aware,none,0.65,0.92,5,0.5906192159602998,1.4599681329103158,0.16616190421353472,1.5024967485469645,22.492971520730926,0.4917150123363865,0,0,0,0.0,,0.45415000001014505,1.1092000000019198,2.397892109338942,(gap/tau_g)^2+(speed/tau_v)^2+(lateral/tau_y)^2,False
severe,0,2.2,3105,False,Proposed,service,0,aware,none,0.65,0.92,5,0.5817242937689827,1.446268858868825,0.16562492691490435,1.5076989198512163,22.359932844496427,0.49611725917187854,0,0,0,0.0,,0.4540000000048394,0.9421999999972286,2.3545866358665797,(gap/tau_g)^2+(speed/tau_v)^2+(lateral/tau_y)^2,False
severe,0,2.2,3106,False,Proposed,service,0,aware,none,0.65,0.92,5,0.587558649745059,1.4587228072155245,0.16634486670719623,1.4661282484704314,22.600748190466355,0.49515597022664615,0,0,0,0.0,,0.45455000000060863,0.9635000000116634,2.3911480930896643,(gap/tau_g)^2+(speed/tau_v)^2+(lateral/tau_y)^2,False
severe,0,2.2,3107,False,Proposed,service,0,aware,none,0.65,0.92,5,0.5915104836979349,1.4664170883817327,0.16642120901343915,1.4613686785177058,22.47425178434944,0.4911108911112342,0,0,0,0.0,,0.4261999999926047,0.696200000021463,2.411549812118322,(gap/tau_g)^2+(speed/tau_v)^2+(lateral/tau_y)^2,False
severe,0,2.2,3108,False,Proposed,service,0,aware,none,0.65,0.92,5,0.5903315965526122,1.4604193542297554,0.16658259324993138,1.4909041192995214,22.499135070820202,0.4951997458207167,0,0,0,0.0,,0.4819500000081689,1.2653000000000247,2.4014601274997815,(gap/tau_g)^2+(speed/tau_v)^2+(lateral/tau_y)^2,False
severe,0,2.2,3109,False,Proposed,service,0,aware,none,0.65,0.92,5,0.5978414136856478,1.4605824552146554,0.16650441284448225,1.4561504593703558,22.567729351833123,0.49417859389643337,0,0,0,0.0,,0.43529999997815594,0.8270999999808737,2.416915219724711,(gap/tau_g)^2+(speed/tau_v)^2+(lateral/tau_y)^2,False
severe,0,2.2,3110,False,Proposed,service,0,aware,none,0.65,0.92,5,0.5850183530446994,1.4541784783570455,0.164997349095258,1.5145506921428415,22.452566576113696,0.47401547331965166,0,0,0,0.0,,0.4453500000067834,2.4674999999945157,2.3679367372437667,(gap/tau_g)^2+(speed/tau_v)^2+(lateral/tau_y)^2,False
severe,0,2.2,3111,False,Proposed,service,0,aware,none,0.65,0.92,5,0.5876189972892033,1.4546455504472686,0.16616222231355732,1.4735097830334642,22.61380234339518,0.48957552731085285,0,0,0,0.0,,0.48150000000646287,1.491600000008475,2.3836954224415545,(gap/tau_g)^2+(speed/tau_v)^2+(lateral/tau_y)^2,False
severe,0,2.2,3112,False,Proposed,service,0,aware,none,0.65,0.92,5,0.5881335182016951,1.458831023581992,0.16557750091761786,1.4692269500611452,22.328724243678188,0.49322318077742433,0,0,0,0.0,,0.473299999995902,1.4336000000128024,2.3861430753082287,(gap/tau_g)^2+(speed/tau_v)^2+(lateral/tau_y)^2,False
severe,0,2.2,3113,False,Proposed,service,0,aware,none,0.65,0.92,5,0.5926294955001103,1.4581244470777914,0.16566326271865894,1.5364827467522648,22.525167317635763,0.4927741886741186,0,0,0,0.0,,0.4223999999908301,0.9775999999988016,2.3952393730942996,(gap/tau_g)^2+(speed/tau_v)^2+(lateral/tau_y)^2,False
severe,0,2.2,3114,False,Proposed,service,0,aware,none,0.65,0.92,5,0.588536709368849,1.453073804169373,0.1653657325905542,1.5103582248845677,22.470172566073444,0.4939467419121363,0,0,0,0.0,,0.44510000000741456,1.4682000000050266,2.3766811081049997,(gap/tau_g)^2+(speed/tau_v)^2+(lateral/tau_y)^2,False
severe,0,2.2,3115,False,Proposed,service,0,aware,none,0.65,0.92,5,0.5859566439404261,1.4590655906095222,0.16574582545924074,1.5051092231949337,22.504279065412803,0.49445500520393837,0,0,0,0.0,,0.4408500000181448,1.1647999999979675,2.383342799371884,(gap/tau_g)^2+(speed/tau_v)^2+(lateral/tau_y)^2,False
severe,0,2.2,3116,False,Proposed,service,0,aware,none,0.65,0.92,5,0.5863813721596715,1.4634676332106114,0.16640333191694517,1.461810931817199,22.402948690145834,0.4830469529271597,0,0,0,0.0,,0.4388999999918042,1.4387000000226635,2.396251589405265,(gap/tau_g)^2+(speed/tau_v)^2+(lateral/tau_y)^2,False
severe,0,2.2,3117,False,Proposed,service,0,aware,none,0.65,0.92,5,0.5850373056609539,1.4486154815966756,0.1657795334990835,1.487489107418453,22.62566631674197,0.4925115921195563,0,0,0,0.0,,0.4485999999985779,1.559499999984837,2.3662054789392877,(gap/tau_g)^2+(speed/tau_v)^2+(lateral/tau_y)^2,False
severe,0,2.2,3118,False,Proposed,service,0,aware,none,0.65,0.92,5,0.5908734086273678,1.4589009270174198,0.16594627583316865,1.4866350959528585,22.40869541118534,0.49552050556700533,0,0,0,0.0,,0.45979999998735366,1.5246000000104232,2.3950464216625598,(gap/tau_g)^2+(speed/tau_v)^2+(lateral/tau_y)^2,False
severe,0,2.2,3119,False,Proposed,service,0,aware,none,0.65,0.92,5,0.586260213882565,1.4532843067656265,0.1661567430693234,1.4799450440473785,22.290956825566816,0.4938553211860275,0,0,0,0.0,,0.4275999999947544,0.9359000000017659,2.3787946684350816,(gap/tau_g)^2+(speed/tau_v)^2+(lateral/tau_y)^2,False
severe,0,2.2,3120,False,Proposed,service,0,aware,none,0.65,0.92,5,0.5853479548540924,1.4405085624782257,0.1653220783496085,1.4622748849858835,22.593866885001667,0.49941516805139863,0,0,0,0.0,,0.44034999999098545,0.8428000000151314,2.351115292191224,(gap/tau_g)^2+(speed/tau_v)^2+(lateral/tau_y)^2,False
severe,0,2.2,3121,False,Proposed,service,0,aware,none,0.65,0.92,5,0.5923798124091825,1.4681719575316474,0.16678493921749704,1.5408186264654802,22.51192940992062,0.4855932732700957,0,0,0,0.0,,0.4315499999876238,0.6145000000117307,2.4190368704998684,(gap/tau_g)^2+(speed/tau_v)^2+(lateral/tau_y)^2,False
severe,0,2.2,3122,False,Proposed,service,0,aware,none,0.65,0.92,5,0.5864863647495995,1.4593744303976592,0.16606410829600984,1.4680149376381129,22.53501815325874,0.49369585037413377,0,0,0,0.0,,0.41754999999454867,2.0489000000054602,2.3875470169219213,(gap/tau_g)^2+(speed/tau_v)^2+(lateral/tau_y)^2,False
severe,0,2.2,3123,False,Proposed,service,0,aware,none,0.65,0.92,5,0.5862497651348848,1.4603033362950755,0.16668298383921462,1.5353174663780815,22.40900717057348,0.4937601047391401,0,0,0,0.0,,0.453600000000165,0.9293999999897551,2.3935856922810084,(gap/tau_g)^2+(speed/tau_v)^2+(lateral/tau_y)^2,False
severe,0,2.2,3124,False,Proposed,service,0,aware,none,0.65,0.92,5,0.5902959477198317,1.447408227742003,0.1660860463301783,1.4506461375549207,22.47764420744535,0.491347313515204,0,0,0,0.0,,0.45410000001311346,0.8582000000103562,2.377952546083478,(gap/tau_g)^2+(speed/tau_v)^2+(lateral/tau_y)^2,False
severe,0,2.2,3125,False,Proposed,service,0,aware,none,0.65,0.92,5,0.5767967256802601,1.451674154828693,0.16576253138749314,1.4932756397904685,22.42930148771383,0.49305071751370266,0,0,0,0.0,,0.40459999998176954,0.7548000000099364,2.353569820423886,(gap/tau_g)^2+(speed/tau_v)^2+(lateral/tau_y)^2,False
severe,0,2.2,3126,False,Proposed,service,0,aware,none,0.65,0.92,5,0.5834033886248312,1.4560376436483171,0.1654155725580809,1.4695012070200308,22.45892574651542,0.4993701769731437,0,0,0,0.0,,0.6145000000117307,1.3011000000062722,2.3707972997406594,(gap/tau_g)^2+(speed/tau_v)^2+(lateral/tau_y)^2,False
severe,0,2.2,3127,False,Proposed,service,0,aware,none,0.65,0.92,5,0.592633362636849,1.4625852974392888,0.16567182260672142,1.4774758471768514,22.336988872332753,0.49724084190266715,0,0,0,0.0,,0.45514999999340944,1.2059999999962656,2.401965798450352,(gap/tau_g)^2+(speed/tau_v)^2+(lateral/tau_y)^2,False
severe,0,2.2,3128,False,Proposed,service,0,aware,none,0.65,0.92,5,0.5893173856991852,1.4574129131300657,0.1653172370559308,1.4660119312136233,22.405600868252392,0.4942241287029908,0,0,0,0.0,,0.44300000000419004,0.9701999999833788,2.384358225160182,(gap/tau_g)^2+(speed/tau_v)^2+(lateral/tau_y)^2,False
severe,0,2.2,3129,False,Proposed,service,0,aware,none,0.65,0.92,5,0.5879120627610734,1.451635181756834,0.1661690629633719,1.5349219693472136,22.478737992922397,0.4896810107230838,0,0,0,0.0,,0.4325000000022783,0.9373000000039156,2.3799009508516273,(gap/tau_g)^2+(speed/tau_v)^2+(lateral/tau_y)^2,False
severe,0,2.2,3130,False,Proposed,service,0,aware,none,0.65,0.92,5,0.5839353737842718,1.4549783944483852,0.16637930523291486,1.4839331902965494,22.396254629524826,0.4947661653061963,0,0,0,0.0,,0.45929999998861604,1.2887999999975364,2.3783221412271507,(gap/tau_g)^2+(speed/tau_v)^2+(lateral/tau_y)^2,False
severe,0,2.2,3131,False,Proposed,service,0,aware,none,0.65,0.92,5,0.5914765736658699,1.4671848640698024,0.16693985979563722,1.4387640370647197,22.573684498664228,0.4911699243854062,0,0,0,0.0,,0.4295499999926733,0.8208999999794742,2.4169501030849214,(gap/tau_g)^2+(speed/tau_v)^2+(lateral/tau_y)^2,False
severe,0,2.2,3132,False,Proposed,service,0,aware,none,0.65,0.92,5,0.580486052572001,1.4548278558514085,0.16549188318440067,1.5120262738708543,22.454140329417434,0.48892393978681314,0,0,0,0.0,,0.4313000000024658,1.8227000000194948,2.3635955275265106,(gap/tau_g)^2+(speed/tau_v)^2+(lateral/tau_y)^2,False
severe,0,2.2,3133,False,Proposed,service,0,aware,none,0.65,0.92,5,0.5860127146954441,1.4579271091908017,0.1653804718637943,1.561272745491607,22.464543079509085,0.48325405346292927,0,0,0,0.0,,0.4368999999968537,0.985299999996414,2.378740810112019,(gap/tau_g)^2+(speed/tau_v)^2+(lateral/tau_y)^2,False
severe,0,2.2,3134,False,Proposed,service,0,aware,none,0.65,0.92,5,0.5905265361091709,1.4657264150477722,0.16613105579827578,1.4778802207875648,22.582470794454274,0.49424962371166425,0,0,0,0.0,,0.4513000000088141,1.207200000010289,2.4060366262796697,(gap/tau_g)^2+(speed/tau_v)^2+(lateral/tau_y)^2,False
severe,0,2.2,3135,False,Proposed,service,0,aware,none,0.65,0.92,5,0.5863192022200068,1.4597572746801106,0.16655576939196398,1.4678621109531786,22.604929235110838,0.4928955120818185,0,0,0,0.0,,0.45445000000654545,1.5415000000018608,2.3918570816945026,(gap/tau_g)^2+(speed/tau_v)^2+(lateral/tau_y)^2,False
severe,0,2.2,3136,False,Proposed,service,0,aware,none,0.65,0.92,5,0.5909935557078877,1.4569938892771461,0.1653599848750293,1.5036948832171162,22.462478539037036,0.4929736431670424,0,0,0,0.0,,0.40359999999850515,0.9086999999965428,2.3876057128999273,(gap/tau_g)^2+(speed/tau_v)^2+(lateral/tau_y)^2,False
severe,0,2.2,3137,False,Proposed,service,0,aware,none,0.65,0.92,5,0.586822992707755,1.4611036777969892,0.16617080745330026,1.4917499314626184,22.501194554045888,0.4828070867340427,0,0,0,0.0,,0.43725000000449654,1.6192999999873336,2.3917120607346427,(gap/tau_g)^2+(speed/tau_v)^2+(lateral/tau_y)^2,False
severe,0,2.2,3138,False,Proposed,service,0,aware,none,0.65,0.92,5,0.5911683759605904,1.4614466576212362,0.16619860552192905,1.4627094312188018,22.25759979977905,0.4953216374050543,0,0,0,0.0,,0.4519000000016149,1.4340999999831183,2.401554589147171,(gap/tau_g)^2+(speed/tau_v)^2+(lateral/tau_y)^2,False
severe,0,2.2,3139,False,Proposed,service,0,aware,none,0.65,0.92,5,0.5914689821763733,1.441811724352865,0.16535679734549874,1.5092388549064693,22.45016031626792,0.49589086930802817,0,0,0,0.0,,0.423899999987043,0.8583999999984826,2.36612462352009,(gap/tau_g)^2+(speed/tau_v)^2+(lateral/tau_y)^2,False
severe,0,2.2,3140,False,Proposed,service,0,aware,none,0.65,0.92,5,0.5882237277288177,1.4477467157672819,0.1652462266812196,1.4757976587787132,22.405803610919804,0.48369975876450977,0,0,0,0.0,,0.43294999998977346,0.8341999999856853,2.367154446029711,(gap/tau_g)^2+(speed/tau_v)^2+(lateral/tau_y)^2,False
severe,0,2.2,3141,False,Proposed,service,0,aware,none,0.65,0.92,5,0.5914436712194632,1.4646537363945995,0.1663534509487811,1.4636769882083187,22.40673167347066,0.49394592261635706,0,0,0,0.0,,0.43484999999066076,1.1181000000135555,2.4082086046495528,(gap/tau_g)^2+(speed/tau_v)^2+(lateral/tau_y)^2,False
severe,0,2.2,3142,False,Proposed,service,0,aware,none,0.65,0.92,5,0.5869551472598478,1.445969175979116,0.16600899623345194,1.4793115622256694,22.59005425599866,0.4889669758900971,0,0,0,0.0,,0.4543000000012398,0.6727999999895928,2.3681965696746397,(gap/tau_g)^2+(speed/tau_v)^2+(lateral/tau_y)^2,False
severe,0,2.2,3143,False,Proposed,service,0,aware,none,0.65,0.92,5,0.5804006969098174,1.4457201130279944,0.1657404612806013,1.5091716058563822,22.595185165942432,0.49187605126658407,0,0,0,0.0,,0.43995000000052187,0.7764000000065607,2.3519995100259266,(gap/tau_g)^2+(speed/tau_v)^2+(lateral/tau_y)^2,False
severe,0,2.2,3144,False,Proposed,service,0,aware,none,0.65,0.92,5,0.5849200351967263,1.4577556950029822,0.16616485238514614,1.4829727858701618,22.64719294128286,0.49301996443919316,0,0,0,0.0,,0.43229999999994106,1.9192000000032294,2.3827126726148777,(gap/tau_g)^2+(speed/tau_v)^2+(lateral/tau_y)^2,False
severe,0,2.2,3145,False,Proposed,service,0,aware,none,0.65,0.92,5,0.5950030226032754,1.4723132343994272,0.16632414038326565,1.5107259438823955,22.42022234889984,0.491235395389392,0,0,0,0.0,,0.44639999998707935,1.5024999999866395,2.4269497458633977,(gap/tau_g)^2+(speed/tau_v)^2+(lateral/tau_y)^2,False
severe,0,2.2,3146,False,Proposed,service,0,aware,none,0.65,0.92,5,0.5834658128716264,1.460339225140657,0.16599180196514346,1.4615272638044345,22.507798869800098,0.48638525659121545,0,0,0,0.0,,0.4598999999956277,1.1173000000042066,2.3821014885222054,(gap/tau_g)^2+(speed/tau_v)^2+(lateral/tau_y)^2,False
severe,0,2.2,3147,False,Proposed,service,0,aware,none,0.65,0.92,5,0.5841750861904211,1.455384891887262,0.1659829806071374,1.4889640812544576,22.565757660751373,0.4977919679845857,0,0,0,0.0,,0.4525499999914473,1.1441999999988184,2.376130453433435,(gap/tau_g)^2+(speed/tau_v)^2+(lateral/tau_y)^2,False
severe,0,2.2,3148,False,Proposed,service,0,aware,none,0.65,0.92,5,0.5872298640897552,1.446401984792232,0.16588274318572105,1.4892357897684885,22.471792069093546,0.4965724233478914,0,0,0,0.0,,0.45264999999972133,1.230200000009063,2.368361161769341,(gap/tau_g)^2+(speed/tau_v)^2+(lateral/tau_y)^2,False
severe,0,2.2,3149,False,Proposed,service,0,aware,none,0.65,0.92,5,0.5917641433244824,1.456928112901339,0.16570181160830394,1.4897744795420043,22.41085914790819,0.48717268029315963,0,0,0,0.0,,0.5768000000045959,2.1512000000143416,2.3919573672499563,(gap/tau_g)^2+(speed/tau_v)^2+(lateral/tau_y)^2,False
severe,0,2.2,3150,False,Proposed,service,0,aware,none,0.65,0.92,5,0.5877725485542225,1.457695760400849,0.16554873831330816,1.4682691715452776,22.4255311491211,0.4998755646175266,0,0,0,0.0,,0.4125499999929616,1.1413000000004558,2.383461068341322,(gap/tau_g)^2+(speed/tau_v)^2+(lateral/tau_y)^2,False
severe,0,2.4,3101,False,Proposed,service,0,aware,none,0.65,0.92,5,0.5902356775345518,1.4983272872351845,0.1651086706902604,1.4345693722726414,27.94217577504577,0.4916218066941058,0,0,0,0.0,,0.44185000001562,0.6488999999874068,2.4462611072796174,(gap/tau_g)^2+(speed/tau_v)^2+(lateral/tau_y)^2,False
severe,0,2.4,3102,False,Proposed,service,0,aware,none,0.65,0.92,5,0.5999532155737672,1.5123665823707837,0.16546747439168927,1.4794808869120903,27.993675145929323,0.49648600637949347,0,0,0,0.0,,0.48565000000166947,1.0247999999819513,2.491352976946092,(gap/tau_g)^2+(speed/tau_v)^2+(lateral/tau_y)^2,False
severe,0,2.4,3103,False,Proposed,service,0,aware,none,0.65,0.92,5,0.5948633090537722,1.4986927714705258,0.165468877129552,1.4600015168336071,27.927243430711975,0.495612249504916,0,0,0,0.0,,0.45484999999700904,0.9059999999863066,2.459546561706497,(gap/tau_g)^2+(speed/tau_v)^2+(lateral/tau_y)^2,False
severe,0,2.4,3104,False,Proposed,service,0,aware,none,0.65,0.92,5,0.598261813209691,1.5077252221316841,0.16553811595056825,1.4687234345304148,27.934351834390476,0.49510062668574906,0,0,0,0.0,,0.49390000000926193,1.298399999996036,2.4811828869416326,(gap/tau_g)^2+(speed/tau_v)^2+(lateral/tau_y)^2,False
severe,0,2.4,3105,False,Proposed,service,0,aware,none,0.65,0.92,5,0.5893846316021704,1.4931876563809519,0.1650175134754174,1.4739539204163805,27.829760414219038,0.4992992828393269,0,0,0,0.0,,0.4505499999964968,1.749399999994239,2.4358795100181494,(gap/tau_g)^2+(speed/tau_v)^2+(lateral/tau_y)^2,False
severe,0,2.4,3106,False,Proposed,service,0,aware,none,0.65,0.92,5,0.595829618201537,1.5066771477062593,0.16571253822454277,1.4348774261881367,27.94586754105817,0.4953694359811319,0,0,0,0.0,,0.4577499999953716,1.196399999997766,2.4758522926844435,(gap/tau_g)^2+(speed/tau_v)^2+(lateral/tau_y)^2,False
severe,0,2.4,3107,False,Proposed,service,0,aware,none,0.65,0.92,5,0.5996892725217042,1.5143908789070741,0.16578653789663814,1.4292324747937342,27.874094599937834,0.49311846985767893,0,0,0,0.0,,0.4724500000037324,1.5458999999964362,2.4965583911341045,(gap/tau_g)^2+(speed/tau_v)^2+(lateral/tau_y)^2,False
severe,0,2.4,3108,False,Proposed,service,0,aware,none,0.65,0.92,5,0.5986556344467934,1.5087407108527866,0.1659503361728592,1.4596539114117004,27.929026998154775,0.4951997458207167,0,0,0,0.0,,0.43684999998561125,1.0990000000106193,2.4869998874004455,(gap/tau_g)^2+(speed/tau_v)^2+(lateral/tau_y)^2,False
severe,0,2.4,3109,False,Proposed,service,0,aware,none,0.65,0.92,5,0.6056133840437932,1.5090060588485479,0.16587093986144347,1.4241101887393717,27.941841893650682,0.49417859389643337,0,0,0,0.0,,0.44409999999572847,0.7583000000010998,2.501645804294299,(gap/tau_g)^2+(speed/tau_v)^2+(lateral/tau_y)^2,False
severe,0,2.4,3110,False,Proposed,service,0,aware,none,0.65,0.92,5,0.5924850475830575,1.500483674917551,0.1644006757597167,1.4828450736545629,27.90441226430608,0.4786942281990103,0,0,0,0.0,,0.4344500000001972,1.6867000000218013,2.448457677178088,(gap/tau_g)^2+(speed/tau_v)^2+(lateral/tau_y)^2,False
severe,0,2.4,3111,False,Proposed,service,0,aware,none,0.65,0.92,5,0.5954041846845987,1.5024287536196084,0.16553658623739384,1.4414032014065226,27.94213138178246,0.4932672237120721,0,0,0,0.0,,0.4410499999920603,0.8310999999991964,2.4669718512559733,(gap/tau_g)^2+(speed/tau_v)^2+(lateral/tau_y)^2,False
severe,0,2.4,3112,False,Proposed,service,0,aware,none,0.65,0.92,5,0.596075769390455,1.5057426441943138,0.164966898835773,1.4366735987298331,27.91193787641835,0.49565689079452036,0,0,0,0.0,,0.5273000000016737,1.9359000000065407,2.4687733985482034,(gap/tau_g)^2+(speed/tau_v)^2+(lateral/tau_y)^2,False
severe,0,2.4,3113,False,Proposed,service,0,aware,none,0.65,0.92,5,0.6006005528258709,1.5054604166576915,0.16505193786265518,1.5038282202696485,27.894610921974788,0.4957981797524472,0,0,0,0.0,,0.44595000001379503,1.2373000000138745,2.4786675519406516,(gap/tau_g)^2+(speed/tau_v)^2+(lateral/tau_y)^2,False
severe,0,2.4,3114,False,Proposed,service,0,aware,none,0.65,0.92,5,0.596577265901118,1.4995746207332985,0.16475700955859002,1.477320710090139,27.937996136861976,0.4972560872353281,0,0,0,0.0,,0.42634999999791034,0.9427999999900294,2.4586489843621777,(gap/tau_g)^2+(speed/tau_v)^2+(lateral/tau_y)^2,False
severe,0,2.4,3115,False,Proposed,service,0,aware,none,0.65,0.92,5,0.593819424977719,1.5060797407314526,0.16513321884798143,1.4735520016693497,27.812067193071556,0.4978376118953838,0,0,0,0.0,,0.4543000000012398,0.9906999999884647,2.4658909507814375,(gap/tau_g)^2+(speed/tau_v)^2+(lateral/tau_y)^2,False
severe,0,2.4,3116,False,Proposed,service,0,aware,none,0.65,0.92,5,0.5944475767312386,1.5114376721551295,0.16577038613700593,1.4301459243955048,27.85615860303345,0.4861089236347955,0,0,0,0.0,,0.4384000000072774,0.8299000000135948,2.4807377309907626,(gap/tau_g)^2+(speed/tau_v)^2+(lateral/tau_y)^2,False
severe,0,2.4,3117,False,Proposed,service,0,aware,none,0.65,0.92,5,0.5928261286945239,1.4957316194668169,0.16515972506057772,1.4543633141490955,28.04916658048061,0.49573867307653086,0,0,0,0.0,,0.4427000000220005,1.2110000000120635,2.4481658466948346,(gap/tau_g)^2+(speed/tau_v)^2+(lateral/tau_y)^2,False
severe,0,2.4,3118,False,Proposed,service,0,aware,none,0.65,0.92,5,0.5987800818489372,1.5061801239448112,0.16532518280784453,1.4535397652976896,27.88321544137621,0.49673566137098457,0,0,0,0.0,,0.44024999999692227,1.0311999999998989,2.4781485991533643,(gap/tau_g)^2+(speed/tau_v)^2+(lateral/tau_y)^2,False
severe,0,2.4,3119,False,Proposed,service,0,aware,none,0.65,0.92,5,0.5946824090773104,1.5009814141584186,0.16553434000054493,1.4476769255592141,27.779000071099638,0.49573407471851927,0,0,0,0.0,,0.4432999999863796,0.968000000000302,2.463208358452895,(gap/tau_g)^2+(speed/tau_v)^2+(lateral/tau_y)^2,False
severe,0,2.4,3120,False,Proposed,service,0,aware,none,0.65,0.92,5,0.5930675661769402,1.4869851006121835,0.16472481605079428,1.4320432438679052,28.0843569840613,0.5012099786272253,0,0,0,0.0,,0.45020000001727567,1.2524999999925512,2.4317777125506304,(gap/tau_g)^2+(speed/tau_v)^2+(lateral/tau_y)^2,False
severe,0,2.4,3121,False,Proposed,service,0,aware,none,0.65,0.92,5,0.6004877983423134,1.516789114483625,0.16614174837676265,1.5066294673685041,27.987254948394444,0.4890890915661408,0,0,0,0.0,,0.6677499999909742,3.5421000000042113,2.5049186946577784,(gap/tau_g)^2+(speed/tau_v)^2+(lateral/tau_y)^2,False
severe,0,2.4,3122,False,Proposed,service,0,aware,none,0.65,0.92,5,0.5945586792000728,1.506785844157234,0.16543599379996934,1.4357989530580841,28.03907299797776,0.4955218771829515,0,0,0,0.0,,0.5101499999966563,1.639399999987745,2.4710403600167536,(gap/tau_g)^2+(speed/tau_v)^2+(lateral/tau_y)^2,False
severe,0,2.4,3123,False,Proposed,service,0,aware,none,0.65,0.92,5,0.5949178264554574,1.5084952073198183,0.16604675216803452,1.501290136201602,27.874874885787555,0.4957273645197715,0,0,0,0.0,,0.46284999999102183,1.2781000000074982,2.47949091742993,(gap/tau_g)^2+(speed/tau_v)^2+(lateral/tau_y)^2,False
severe,0,2.4,3124,False,Proposed,service,0,aware,none,0.65,0.92,5,0.5980896811405445,1.4951348910333162,0.1654643887888722,1.4201534914628664,27.985405881311586,0.4946558008437818,0,0,0,0.0,,0.43360000000802756,0.6352999999990061,2.460917404190655,(gap/tau_g)^2+(speed/tau_v)^2+(lateral/tau_y)^2,False
severe,0,2.4,3125,False,Proposed,service,0,aware,none,0.65,0.92,5,0.5851660178178005,1.4982363147025268,0.16514822585101133,1.4617856216394054,27.942879140513817,0.49610590938832777,0,0,0,0.0,,0.45860000000175205,1.1046999999848595,2.435855030997999,(gap/tau_g)^2+(speed/tau_v)^2+(lateral/tau_y)^2,False
severe,0,2.4,3126,False,Proposed,service,0,aware,none,0.65,0.92,5,0.5909717343016097,1.5024848797995558,0.1648126928183653,1.4387648570304947,27.906178331162856,0.4993701769731437,0,0,0,0.0,,0.44929999999965275,0.7799999999917873,2.4517309200591413,(gap/tau_g)^2+(speed/tau_v)^2+(lateral/tau_y)^2,False
severe,0,2.4,3127,False,Proposed,service,0,aware,none,0.65,0.92,5,0.6001045540517658,1.5098196671526445,0.16505656974050414,1.445170520517577,27.771532851443283,0.49724084190266715,0,0,0,0.0,,0.45120000000054006,1.0353999999779262,2.484353331767182,(gap/tau_g)^2+(speed/tau_v)^2+(lateral/tau_y)^2,False
severe,0,2.4,3128,False,Proposed,service,0,aware,none,0.65,0.92,5,0.5969792576942607,1.5043133545281702,0.1647064847829388,1.4346186082900236,27.73740298588372,0.4976960590181464,0,0,0,0.0,,0.4418000000043776,0.6266999999979816,2.4663483742944385,(gap/tau_g)^2+(speed/tau_v)^2+(lateral/tau_y)^2,False
severe,0,2.4,3129,False,Proposed,service,0,aware,none,0.65,0.92,5,0.5962560021503276,1.4992184119113279,0.16554082507275428,1.5031137047001284,27.99217774671947,0.4939587946136841,0,0,0,0.0,,0.45070000000180244,1.30500000000211,2.4638950308148666,(gap/tau_g)^2+(speed/tau_v)^2+(lateral/tau_y)^2,False
severe,0,2.4,3130,False,Proposed,service,0,aware,none,0.65,0.92,5,0.5914424171170433,1.5026971044507842,0.16574594107985519,1.4512236250025388,27.883255950342836,0.4947661653061963,0,0,0,0.0,,0.42680000001382723,0.8400000000108321,2.4607580546021683,(gap/tau_g)^2+(speed/tau_v)^2+(lateral/tau_y)^2,False
severe,0,2.4,3131,False,Proposed,service,0,aware,none,0.65,0.92,5,0.5997606720792739,1.5159273812598673,0.1662889792565402,1.4087901048876204,28.061352663246836,0.4911699243854062,0,0,0,0.0,,0.4223499999937985,1.2149000000079013,2.503257408933311,(gap/tau_g)^2+(speed/tau_v)^2+(lateral/tau_y)^2,False
severe,0,2.4,3132,False,Proposed,service,0,aware,none,0.65,0.92,5,0.5882029657016774,1.5012820381766114,0.16488237297537373,1.4793743165737505,27.995348580731587,0.4924046244027951,0,0,0,0.0,,0.4105499999980111,0.93179999998938,2.444657655400033,(gap/tau_g)^2+(speed/tau_v)^2+(lateral/tau_y)^2,False
severe,0,2.4,3133,False,Proposed,service,0,aware,none,0.65,0.92,5,0.594026346139409,1.5044268130604233,0.16477632556096874,1.5271831240747182,27.82610397132226,0.487739106501333,0,0,0,0.0,,0.4553500000099575,0.9341999999890049,2.460845497167403,(gap/tau_g)^2+(speed/tau_v)^2+(lateral/tau_y)^2,False
severe,0,2.4,3134,False,Proposed,service,0,aware,none,0.65,0.92,5,0.5986075434582726,1.5134603370201116,0.16550249757576285,1.4458532015389693,28.018961453697855,0.49557020499619386,0,0,0,0.0,,0.4352499999953352,1.1043000000086067,2.4904639700912754,(gap/tau_g)^2+(speed/tau_v)^2+(lateral/tau_y)^2,False
severe,0,2.4,3135,False,Proposed,service,0,aware,none,0.65,0.92,5,0.5946035490153577,1.5078522984437226,0.16591491035666145,1.4370304429882996,28.008760658286818,0.4939736655762912,0,0,0,0.0,,0.4448499999938349,1.360799999986284,2.476742746367279,(gap/tau_g)^2+(speed/tau_v)^2+(lateral/tau_y)^2,False
severe,0,2.4,3136,False,Proposed,service,0,aware,none,0.65,0.92,5,0.5989374540834506,1.503691225261598,0.16475605581992833,1.4723101712391764,28.00014711179982,0.496914063608325,0,0,0,0.0,,0.4267999999996164,0.8405000000095697,2.4699651605910167,(gap/tau_g)^2+(speed/tau_v)^2+(lateral/tau_y)^2,False
severe,0,2.4,3137,False,Proposed,service,0,aware,none,0.65,0.92,5,0.5947652707208061,1.508789624852321,0.16554255756358383,1.4602197685514255,27.891279434106416,0.48603693122134806,0,0,0,0.0,,0.4639499999967711,1.3104999999882239,2.4754418602110473,(gap/tau_g)^2+(speed/tau_v)^2+(lateral/tau_y)^2,False
severe,0,2.4,3138,False,Proposed,service,0,aware,none,0.65,0.92,5,0.5991227563072817,1.5093825030517274,0.16556685974788385,1.4305715320290824,27.721228202943394,0.4953216374050543,0,0,0,0.0,,0.45085000000710806,1.128199999982371,2.485804612751905,(gap/tau_g)^2+(speed/tau_v)^2+(lateral/tau_y)^2,False
severe,0,2.4,3139,False,Proposed,service,0,aware,none,0.65,0.92,5,0.5989417621481139,1.4884654375255135,0.16475183179481362,1.4773719324065053,27.83673722460906,0.4990497650910961,0,0,0,0.0,,0.45534999999574666,1.62539999999467,2.4466956905747366,(gap/tau_g)^2+(speed/tau_v)^2+(lateral/tau_y)^2,False
severe,0,2.4,3140,False,Proposed,service,0,aware,none,0.65,0.92,5,0.5957363086146708,1.4941940062037185,0.1646493387923187,1.4432515212833261,27.756936883749056,0.48739956341850543,0,0,0,0.0,,0.42990000000031614,0.747100000012324,2.4477612197319356,(gap/tau_g)^2+(speed/tau_v)^2+(lateral/tau_y)^2,False
severe,0,2.4,3141,False,Proposed,service,0,aware,none,0.65,0.92,5,0.5991471534578858,1.5128844999629134,0.1657183218959646,1.4326988343980505,27.84096920923141,0.49394592261635706,0,0,0,0.0,,0.4523500000175318,1.439699999991717,2.492510998644379,(gap/tau_g)^2+(speed/tau_v)^2+(lateral/tau_y)^2,False
severe,0,2.4,3142,False,Proposed,service,0,aware,none,0.65,0.92,5,0.5952275244879717,1.493126680285721,0.1653893260195914,1.4478265696226995,27.958974901618035,0.4926666718003888,0,0,0,0.0,,0.4404999999962911,1.109299999995983,2.4511628392178317,(gap/tau_g)^2+(speed/tau_v)^2+(lateral/tau_y)^2,False
severe,0,2.4,3143,False,Proposed,service,0,aware,none,0.65,0.92,5,0.5884026224522084,1.4924778184543432,0.16511780059124134,1.476656750592523,27.991396126554747,0.4962812831526002,0,0,0,0.0,,0.5231000000094355,1.4643000000091888,2.4335697488073795,(gap/tau_g)^2+(speed/tau_v)^2+(lateral/tau_y)^2,False
severe,0,2.4,3144,False,Proposed,service,0,aware,none,0.65,0.92,5,0.5930286176667259,1.5052525616930978,0.16553618824039498,1.4502525833073994,28.183901672345442,0.4957429872471567,0,0,0,0.0,,0.5436000000003105,1.6363999999953194,2.466282753567845,(gap/tau_g)^2+(speed/tau_v)^2+(lateral/tau_y)^2,False
severe,0,2.4,3145,False,Proposed,service,0,aware,none,0.65,0.92,5,0.6033069241771162,1.5201974679065395,0.1656867653279456,1.4773627523958934,27.86921330305063,0.49358578370126693,0,0,0,0.0,,0.4764500000078442,1.095399999996971,2.512458624879466,(gap/tau_g)^2+(speed/tau_v)^2+(lateral/tau_y)^2,False
severe,0,2.4,3146,False,Proposed,service,0,aware,none,0.65,0.92,5,0.5913999255466718,1.507652943604406,0.1653733243352407,1.4293074219682995,27.90232326990575,0.48929294232156584,0,0,0,0.0,,0.43214999999463544,0.736299999999801,2.465195825527667,(gap/tau_g)^2+(speed/tau_v)^2+(lateral/tau_y)^2,False
severe,0,2.4,3147,False,Proposed,service,0,aware,none,0.65,0.92,5,0.5917351495629792,1.502893340061788,0.1653641408539286,1.4575397569957975,27.99242345533864,0.4977919679845857,0,0,0,0.0,,0.537050000005479,1.5863000000138072,2.4585142686131918,(gap/tau_g)^2+(speed/tau_v)^2+(lateral/tau_y)^2,False
severe,0,2.4,3148,False,Proposed,service,0,aware,none,0.65,0.92,5,0.5949598744402217,1.4936687345361108,0.16525891103570092,1.4570690758884708,27.801964877184318,0.4965724233478914,0,0,0,0.0,,0.45099999999820284,0.984399999993002,2.45034450742659,(gap/tau_g)^2+(speed/tau_v)^2+(lateral/tau_y)^2,False
severe,0,2.4,3149,False,Proposed,service,0,aware,none,0.65,0.92,5,0.6000038416602045,1.5039635039918966,0.16508606269306497,1.4585548844900387,27.910049300350913,0.49139143733609103,0,0,0,0.0,,0.5073500000065678,1.1499000000014803,2.475377184353218,(gap/tau_g)^2+(speed/tau_v)^2+(lateral/tau_y)^2,False
severe,0,2.4,3150,False,Proposed,service,0,aware,none,0.65,0.92,5,0.5959778246444828,1.504602979720589,0.16494313121748477,1.436135982273928,27.8266953579719,0.4998755646175266,0,0,0,0.0,,0.45889999999815245,0.831599999997934,2.4666194040449287,(gap/tau_g)^2+(speed/tau_v)^2+(lateral/tau_y)^2,False
severe,0,2.6,3101,False,Proposed,service,0,aware,none,0.65,0.92,5,0.5940670301878628,1.5395474051229638,0.1645068489222318,1.4055392536671414,33.43357434000994,0.49534810264149964,0,0,0,0.0,,0.4380500000138454,0.7267000000013013,2.513257043292684,(gap/tau_g)^2+(speed/tau_v)^2+(lateral/tau_y)^2,False
severe,0,2.6,3102,False,Proposed,service,0,aware,none,0.65,0.92,5,0.6036532436830958,1.5542238829007022,0.16485614482300828,1.4500708062854997,33.39454017989729,0.49648600637949347,0,0,0,0.0,,0.5184000000042488,1.3896999999758464,2.559711065117715,(gap/tau_g)^2+(speed/tau_v)^2+(lateral/tau_y)^2,False
severe,0,2.6,3103,False,Proposed,service,0,aware,none,0.65,0.92,5,0.5991220080732099,1.5407436547346245,0.1648590046255208,1.4303705992327016,33.42765481422116,0.4968036033940292,0,0,0,0.0,,0.4574499999989712,1.2913999999852876,2.528759488595895,(gap/tau_g)^2+(speed/tau_v)^2+(lateral/tau_y)^2,False
severe,0,2.6,3104,False,Proposed,service,0,aware,none,0.65,0.92,5,0.6021212668431192,1.5496610662993997,0.16492797421823452,1.4382592564549395,33.35904282856887,0.49668122184682273,0,0,0,0.0,,0.4480999999998403,1.871899999997595,2.5497935819796544,(gap/tau_g)^2+(speed/tau_v)^2+(lateral/tau_y)^2,False
severe,0,2.6,3105,False,Proposed,service,0,aware,none,0.65,0.92,5,0.5932118836847801,1.53431590087311,0.1644232594310443,1.4435296749618605,33.35554667805205,0.4992992828393269,0,0,0,0.0,,0.44845000000748314,1.0897000000227308,2.5025601370209403,(gap/tau_g)^2+(speed/tau_v)^2+(lateral/tau_y)^2,False
severe,0,2.6,3106,False,Proposed,service,0,aware,none,0.65,0.92,5,0.6002949080496803,1.5488604995825763,0.16509439263322595,1.4067144510941922,33.33005109623941,0.4953694359811319,0,0,0,0.0,,0.4379999999883921,1.0741999999765994,2.545996951294956,(gap/tau_g)^2+(speed/tau_v)^2+(lateral/tau_y)^2,False
severe,0,2.6,3107,False,Proposed,service,0,aware,none,0.65,0.92,5,0.603915776031464,1.556601450215623,0.16516619825221082,1.4003010061238748,33.341000399813666,0.49394411452637754,0,0,0,0.0,,0.522250000003055,2.084100000018907,2.566606350463097,(gap/tau_g)^2+(speed/tau_v)^2+(lateral/tau_y)^2,False
severe,0,2.6,3108,False,Proposed,service,0,aware,none,0.65,0.92,5,0.6031051395408479,1.5512877884328766,0.1653316000545552,1.4315527536884654,33.42588372016936,0.4951997458207167,0,0,0,0.0,,0.43995000000052187,1.7780999999956748,2.557807848722777,(gap/tau_g)^2+(speed/tau_v)^2+(lateral/tau_y)^2,False
severe,0,2.6,3109,False,Proposed,service,0,aware,none,0.65,0.92,5,0.609510957502937,1.5516243653875017,0.1652512793348161,1.3952146261037481,33.31650082838654,0.49417859389643337,0,0,0,0.0,,0.500399999992851,1.9298999999932676,2.571486292161155,(gap/tau_g)^2+(speed/tau_v)^2+(lateral/tau_y)^2,False
severe,0,2.6,3110,False,Proposed,service,0,aware,none,0.65,0.92,5,0.596119901922007,1.5408648785840784,0.16381774857232603,1.4543383907169873,33.280039885652364,0.483081854063831,0,0,0,0.0,,0.47189999997954146,0.811200000015333,2.514015067405222,(gap/tau_g)^2+(speed/tau_v)^2+(lateral/tau_y)^2,False
severe,0,2.6,3111,False,Proposed,service,0,aware,none,0.65,0.92,5,0.5994326031403615,1.5444179026584,0.1649247975965074,1.4123913321720971,33.28452872564918,0.4964567137754131,0,0,0,0.0,,0.4407499999956599,0.8065999999757878,2.535747223815703,(gap/tau_g)^2+(speed/tau_v)^2+(lateral/tau_y)^2,False
severe,0,2.6,3112,False,Proposed,service,0,aware,none,0.65,0.92,5,0.6001467410422363,1.5468092940378857,0.16437006509934945,1.4073556237359877,33.45125507851711,0.4980321508454918,0,0,0,0.0,,0.5781999999925347,1.1300999999832584,2.536475018929091,(gap/tau_g)^2+(speed/tau_v)^2+(lateral/tau_y)^2,False
severe,0,2.6,3113,False,Proposed,service,0,aware,none,0.65,0.92,5,0.6046707892660639,1.5469073545825174,0.16445428882053728,1.4744181663423002,33.331981381589266,0.4986876158942044,0,0,0,0.0,,0.46004999998672247,0.8789999999976317,2.5470122196753406,(gap/tau_g)^2+(speed/tau_v)^2+(lateral/tau_y)^2,False
severe,0,2.6,3114,False,Proposed,service,0,aware,none,0.65,0.92,5,0.6007515824226142,1.5402748269435855,0.16416227828038002,1.4475317402691503,33.35818747082809,0.49857031526181284,0,0,0,0.0,,0.46570000000656364,1.4582000000018525,2.525767629761265,(gap/tau_g)^2+(speed/tau_v)^2+(lateral/tau_y)^2,False
severe,0,2.6,3115,False,Proposed,service,0,aware,none,0.65,0.92,5,0.5978506072444063,1.5472786231157323,0.164534072975744,1.4451424574166,33.18445740422477,0.4983425252785161,0,0,0,0.0,,0.4412499999943975,2.1506999999871823,2.5336742372715464,(gap/tau_g)^2+(speed/tau_v)^2+(lateral/tau_y)^2,False
severe,0,2.6,3116,False,Proposed,service,0,aware,none,0.65,0.92,5,0.598643814515897,1.5536313526993366,0.16515155664711229,1.4016134035970833,33.248021984875336,0.4890756370593372,0,0,0,0.0,,0.43524999998112435,0.9421000000031654,2.550501490679138,(gap/tau_g)^2+(speed/tau_v)^2+(lateral/tau_y)^2,False
severe,0,2.6,3117,False,Proposed,service,0,aware,none,0.65,0.92,5,0.5967481549569497,1.5370973842250166,0.16455396429815494,1.4245345874361488,33.52582350938076,0.49659450622176005,0,0,0,0.0,,0.5109500000060052,6.606000000004997,2.515474754034802,(gap/tau_g)^2+(speed/tau_v)^2+(lateral/tau_y)^2,False
severe,0,2.6,3118,False,Proposed,service,0,aware,none,0.65,0.92,5,0.6027767711148524,1.547683042415712,0.16471790048826593,1.42366640938871,33.390785381001535,0.49673566137098457,0,0,0,0.0,,0.44880000000091513,0.9804999999971642,2.546340623666585,(gap/tau_g)^2+(speed/tau_v)^2+(lateral/tau_y)^2,False
severe,0,2.6,3119,False,Proposed,service,0,aware,none,0.65,0.92,5,0.5992525423487236,1.5429068936758976,0.16492541028934427,1.418629163491817,33.331555760389385,0.497622802508207,0,0,0,0.0,,0.4756999999955269,1.0383999999987736,2.532988477903521,(gap/tau_g)^2+(speed/tau_v)^2+(lateral/tau_y)^2,False
severe,0,2.6,3120,False,Proposed,service,0,aware,none,0.65,0.92,5,0.5968872621797789,1.5276929996783293,0.16414034518910894,1.4048339853594762,33.42270537481166,0.5012099786272253,0,0,0,0.0,,0.43429999999489155,1.1804000000097403,2.4976657454798077,(gap/tau_g)^2+(speed/tau_v)^2+(lateral/tau_y)^2,False
severe,0,2.6,3121,False,Proposed,service,0,aware,none,0.65,0.92,5,0.6047617433108562,1.5596239819448756,0.16551277118042604,1.4757721032992186,33.386550572582834,0.49242225905157044,0,0,0,0.0,,0.4396500000183323,0.7852999999897747,2.5760947968588854,(gap/tau_g)^2+(speed/tau_v)^2+(lateral/tau_y)^2,False
severe,0,2.6,3122,False,Proposed,service,0,aware,none,0.65,0.92,5,0.5988101518756948,1.5484209324078577,0.1648221958670379,1.4068748585329105,33.434738401006975,0.4955218771829515,0,0,0,0.0,,0.43484999999066076,0.6740000000036162,2.539892153892139,(gap/tau_g)^2+(speed/tau_v)^2+(lateral/tau_y)^2,False
severe,0,2.6,3123,False,Proposed,service,0,aware,none,0.65,0.92,5,0.5997446810464248,1.550959693128257,0.16542411081387592,1.4705387913197414,33.375817665302286,0.4957273645197715,0,0,0,0.0,,0.4415499999907979,1.45530000000349,2.5508675044336484,(gap/tau_g)^2+(speed/tau_v)^2+(lateral/tau_y)^2,False
severe,0,2.6,3124,False,Proposed,service,0,aware,none,0.65,0.92,5,0.6020425006139735,1.5370732660499484,0.16485630997142245,1.392799874204273,33.419514426145795,0.4977545460036408,0,0,0,0.0,,0.6837000000103899,1.4920000000131495,2.5292100415684486,(gap/tau_g)^2+(speed/tau_v)^2+(lateral/tau_y)^2,False
severe,0,2.6,3125,False,Proposed,service,0,aware,none,0.65,0.92,5,0.5896712591840131,1.5390977750732922,0.16454751961134706,1.4334973752315125,33.345729798875105,0.49823481992620944,0,0,0,0.0,,0.5006500000064307,1.2504000000035376,2.5036347999310093,(gap/tau_g)^2+(speed/tau_v)^2+(lateral/tau_y)^2,False
severe,0,2.6,3126,False,Proposed,service,0,aware,none,0.65,0.92,5,0.594754302654274,1.5430972727681003,0.16422312130745081,1.4111012662840718,33.41970612777591,0.4993701769731437,0,0,0,0.0,,0.44419999998979165,1.262500000024147,2.5179609753708876,(gap/tau_g)^2+(speed/tau_v)^2+(lateral/tau_y)^2,False
severe,0,2.6,3127,False,Proposed,service,0,aware,none,0.65,0.92,5,0.6037004680690718,1.551164805445209,0.1644553844928597,1.4160585667079135,33.27355725786097,0.49724084190266715,0,0,0,0.0,,0.48655000000508153,1.4293999999779317,2.551666305713448,(gap/tau_g)^2+(speed/tau_v)^2+(lateral/tau_y)^2,False
severe,0,2.6,3128,False,Proposed,service,0,aware,none,0.65,0.92,5,0.6008239488723596,1.5452885442016262,0.16411012558482496,1.4063185297151497,33.13776420905779,0.4980958640893719,0,0,0,0.0,,0.47870000001637436,1.4883999999995012,2.53338713670418,(gap/tau_g)^2+(speed/tau_v)^2+(lateral/tau_y)^2,False
severe,0,2.6,3129,False,Proposed,service,0,aware,none,0.65,0.92,5,0.6007273336171932,1.5410845736059848,0.16492659926118516,1.4743936215679647,33.50738659649311,0.4958303808650488,0,0,0,0.0,,0.4478999999975031,1.3284000000055585,2.5332770942214493,(gap/tau_g)^2+(speed/tau_v)^2+(lateral/tau_y)^2,False
severe,0,2.6,3130,False,Proposed,service,0,aware,none,0.65,0.92,5,0.5951953150198156,1.5447167498547218,0.16512653115768855,1.4217316417909416,33.41019190076745,0.4947661653061963,0,0,0,0.0,,0.4327999999986787,0.7975000000044474,2.528883714044132,(gap/tau_g)^2+(speed/tau_v)^2+(lateral/tau_y)^2,False
severe,0,2.6,3131,False,Proposed,service,0,aware,none,0.65,0.92,5,0.6041270245260859,1.5589338649243332,0.16565283936384662,1.381854913413013,33.4960532762074,0.4911699243854062,0,0,0,0.0,,0.6027000000017324,1.116800000005469,2.5747922984259684,(gap/tau_g)^2+(speed/tau_v)^2+(lateral/tau_y)^2,False
severe,0,2.6,3132,False,Proposed,service,0,aware,none,0.65,0.92,5,0.5921010799709926,1.5419612775409912,0.16428642435870983,1.4499331915747056,33.353604452027945,0.495682718384143,0,0,0,0.0,,0.4820499999880212,1.4451999999778309,2.511094592217365,(gap/tau_g)^2+(speed/tau_v)^2+(lateral/tau_y)^2,False
severe,0,2.6,3133,False,Proposed,service,0,aware,none,0.65,0.92,5,0.5981588980684566,1.545074801878291,0.16418580933115773,1.4963494854367507,33.25694547361265,0.4919422688720311,0,0,0,0.0,,0.4308500000007598,0.8377999999993335,2.5279906698431587,(gap/tau_g)^2+(speed/tau_v)^2+(lateral/tau_y)^2,False
severe,0,2.6,3134,False,Proposed,service,0,aware,none,0.65,0.92,5,0.6028508701674029,1.5553575705089282,0.16488845995106696,1.4170071543612897,33.3631936798049,0.49557020499619386,0,0,0,0.0,,0.5300999999917622,1.8901999999911823,2.560055070056848,(gap/tau_g)^2+(speed/tau_v)^2+(lateral/tau_y)^2,False
severe,0,2.6,3135,False,Proposed,service,0,aware,none,0.65,0.92,5,0.5990447236518763,1.5502203754563333,0.16528861827737243,1.4093215822451084,33.41326079570122,0.4939736655762912,0,0,0,0.0,,0.5214999999907377,1.9639999999867541,2.5470857666596998,(gap/tau_g)^2+(speed/tau_v)^2+(lateral/tau_y)^2,False
severe,0,2.6,3136,False,Proposed,service,0,aware,none,0.65,0.92,5,0.6030393639628799,1.544505372943811,0.16416569741681405,1.4440735850972874,33.29609095129555,0.49973057014654343,0,0,0,0.0,,0.47900000001277476,1.386400000001231,2.537350032387752,(gap/tau_g)^2+(speed/tau_v)^2+(lateral/tau_y)^2,False
severe,0,2.6,3137,False,Proposed,service,0,aware,none,0.65,0.92,5,0.5987894032173371,1.550707655605976,0.16492846095450447,1.4318983861226946,33.349451776914826,0.48915216986601295,0,0,0,0.0,,0.4978500000021313,1.3654999999914708,2.5443397425976,(gap/tau_g)^2+(speed/tau_v)^2+(lateral/tau_y)^2,False
severe,0,2.6,3138,False,Proposed,service,0,aware,none,0.65,0.92,5,0.6031592751205577,1.5515041144610857,0.16494967576102026,1.401636061901623,33.25149578612581,0.4953216374050543,0,0,0,0.0,,0.45420000000717664,1.4784999999903903,2.555112836233297,(gap/tau_g)^2+(speed/tau_v)^2+(lateral/tau_y)^2,False
severe,0,2.6,3139,False,Proposed,service,0,aware,none,0.65,0.92,5,0.6025397810264469,1.529333813901126,0.16416022971560346,1.4486578421639598,33.256160419070085,0.4990497650910961,0,0,0,0.0,,0.4727500000001328,1.8575999999939086,2.5124410876358256,(gap/tau_g)^2+(speed/tau_v)^2+(lateral/tau_y)^2,False
severe,0,2.6,3140,False,Proposed,service,0,aware,none,0.65,0.92,5,0.5994477584326122,1.5347898772964441,0.16406541328027838,1.4138641535614647,33.11337701256898,0.49091898352076657,0,0,0,0.0,,0.4433000000148013,1.9047000000114167,2.513585436703109,(gap/tau_g)^2+(speed/tau_v)^2+(lateral/tau_y)^2,False
severe,0,2.6,3141,False,Proposed,service,0,aware,none,0.65,0.92,5,0.6030740483146858,1.555276619748855,0.1650977283481428,1.404820672186408,33.32582669119015,0.49394592261635706,0,0,0,0.0,,0.4245000000082655,0.8918000000051052,2.5621314526598016,(gap/tau_g)^2+(speed/tau_v)^2+(lateral/tau_y)^2,False
severe,0,2.6,3142,False,Proposed,service,0,aware,none,0.65,0.92,5,0.5996116721342132,1.534599784025109,0.1647830589556666,1.4195169785771613,33.39300862375004,0.49616134603879314,0,0,0,0.0,,0.4674000000051137,1.1334999999803586,2.5195370733418816,(gap/tau_g)^2+(speed/tau_v)^2+(lateral/tau_y)^2,False
severe,0,2.6,3143,False,Proposed,service,0,aware,none,0.65,0.92,5,0.5925464444773981,1.5335550751259703,0.16450962926778778,1.4472896262022543,33.45395081285136,0.49691199118955576,0,0,0,0.0,,0.4423000000031152,1.4665999999863288,2.500676753200907,(gap/tau_g)^2+(speed/tau_v)^2+(lateral/tau_y)^2,False
severe,0,2.6,3144,False,Proposed,service,0,aware,none,0.65,0.92,5,0.5972645882421643,1.5470160647079398,0.16492159669893114,1.4207723943847879,33.51270747409982,0.4957429872471567,0,0,0,0.0,,0.44655000000659584,1.4082000000144035,2.5352064429625685,(gap/tau_g)^2+(speed/tau_v)^2+(lateral/tau_y)^2,False
severe,0,2.6,3145,False,Proposed,service,0,aware,none,0.65,0.92,5,0.6077421097215495,1.562254867616839,0.1650643041264034,1.4472879334768673,33.240140413123186,0.49358578370126693,0,0,0,0.0,,0.45374999999125976,1.0165999999856012,2.583003301886584,(gap/tau_g)^2+(speed/tau_v)^2+(lateral/tau_y)^2,False
severe,0,2.6,3146,False,Proposed,service,0,aware,none,0.65,0.92,5,0.5954998192288065,1.5491479687001177,0.16476853327487473,1.4002713188826763,33.27608535379455,0.4920669599677785,0,0,0,0.0,,0.4431999999923164,0.9533999999860043,2.533570432169543,(gap/tau_g)^2+(speed/tau_v)^2+(lateral/tau_y)^2,False
severe,0,2.6,3147,False,Proposed,service,0,aware,none,0.65,0.92,5,0.5954869381648544,1.54458943446519,0.16475883171643638,1.4291867425823306,33.43952735108408,0.4977919679845857,0,0,0,0.0,,0.47074999999097145,1.1048000000073444,2.52626787458578,(gap/tau_g)^2+(speed/tau_v)^2+(lateral/tau_y)^2,False
severe,0,2.6,3148,False,Proposed,service,0,aware,none,0.65,0.92,5,0.5988614814056232,1.5352020416720917,0.1646492550320046,1.4280984897671998,33.149261039210806,0.4965724233478914,0,0,0,0.0,,0.4581999999970776,1.7923999999993612,2.5177799905992617,(gap/tau_g)^2+(speed/tau_v)^2+(lateral/tau_y)^2,False
severe,0,2.6,3149,False,Proposed,service,0,aware,none,0.65,0.92,5,0.6043447223763722,1.5451931961182348,0.16448427816671343,1.4304379235018139,33.408457241052936,0.49538028597189476,0,0,0,0.0,,0.42670000001976405,0.765200000017785,2.543853740189467,(gap/tau_g)^2+(speed/tau_v)^2+(lateral/tau_y)^2,False
severe,0,2.6,3150,False,Proposed,service,0,aware,none,0.65,0.92,5,0.6003234997771525,1.5456437527272506,0.1643509421253895,1.4071800212934775,33.29706673579212,0.4998755646175266,0,0,0,0.0,,0.4973999999862144,1.7326999999909276,2.5348561286216396,(gap/tau_g)^2+(speed/tau_v)^2+(lateral/tau_y)^2,False
severe,1,1.8,3101,True,Proposed,service,1,aware,none,0.65,0.92,5,0.5645017698957541,1.3269169374865697,0.16697278228101933,1.5609063289416052,11.50931523696,0.4376822986437767,350,12,350,74.11110614369953,0.03428571428571429,0.4500999999947908,1.190499999978556,2.161829107422331,(gap/tau_g)^2+(speed/tau_v)^2+(lateral/tau_y)^2,False
severe,1,1.8,3102,True,Proposed,service,1,aware,none,0.65,0.92,5,0.5834706639655631,1.3365407320500242,0.16736847140471797,1.6401904272017473,11.623927657065842,0.4364264441488205,350,40,350,74.0376002946174,0.11428571428571428,0.45099999999820284,1.3880000000199288,2.21692680445864,(gap/tau_g)^2+(speed/tau_v)^2+(lateral/tau_y)^2,False
severe,1,1.8,3103,True,Proposed,service,1,aware,none,0.65,0.92,5,0.5819265539668129,1.3172644328823988,0.1673636819847842,1.6160318484163918,11.517593695955604,0.4566373325865334,350,50,350,74.03260686246541,0.14285714285714285,0.4930499999886706,1.5872000000172193,2.1875878448900647,(gap/tau_g)^2+(speed/tau_v)^2+(lateral/tau_y)^2,False
severe,1,1.8,3104,True,Proposed,service,1,aware,none,0.65,0.92,5,0.579169636483702,1.328214613331624,0.16744987570022135,1.6414892360582956,11.310851483414417,0.4735362734647032,350,35,350,74.01933673381363,0.1,0.5677499999876545,1.4161000000001422,2.1973983994983652,(gap/tau_g)^2+(speed/tau_v)^2+(lateral/tau_y)^2,False
severe,1,1.8,3105,True,Proposed,service,1,aware,none,0.65,0.92,5,0.5705152460286322,1.3189619326233877,0.16687840112910543,1.6435043262517708,11.632934355536975,0.4889790895107313,350,49,350,74.12714689475003,0.14,0.5008999999915886,1.1164000000007945,2.162436651421528,(gap/tau_g)^2+(speed/tau_v)^2+(lateral/tau_y)^2,False
severe,1,1.8,3106,True,Proposed,service,1,aware,none,0.65,0.92,5,0.5654788423073094,1.336294280024636,0.16765412961482976,1.5616122166874686,11.46080736429591,0.4797048154425797,350,25,350,73.98114422085197,0.07142857142857142,0.4679999999837037,1.3520999999911965,2.18223358957275,(gap/tau_g)^2+(speed/tau_v)^2+(lateral/tau_y)^2,False
severe,1,1.8,3107,True,Proposed,service,1,aware,none,0.65,0.92,5,0.5813095319210742,1.3364812374362927,0.16769069448970794,1.6116275773754476,11.69882421911877,0.458006548765175,350,61,350,73.97212729585048,0.1742857142857143,0.4584499999964464,1.3438999999948464,2.2150696613470275,(gap/tau_g)^2+(speed/tau_v)^2+(lateral/tau_y)^2,False
severe,1,1.8,3108,True,Proposed,service,1,aware,none,0.65,0.92,5,0.5623007997044077,1.340842023944002,0.16786607039067453,1.5720420752959818,11.539725200596571,0.4914779695608539,350,16,350,73.94307265206875,0.045714285714285714,0.4823499999986325,1.7679999999984375,2.183851259241255,(gap/tau_g)^2+(speed/tau_v)^2+(lateral/tau_y)^2,False
severe,1,1.8,3109,True,Proposed,service,1,aware,none,0.65,0.92,5,0.5840667600997695,1.3342143172292866,0.167789985779577,1.5626988664434687,11.61880435797135,0.46885811123654186,350,26,350,73.95366707465722,0.07428571428571429,0.43755000000089694,1.7803000000071734,2.218525884526816,(gap/tau_g)^2+(speed/tau_v)^2+(lateral/tau_y)^2,False
severe,1,1.8,3110,True,Proposed,service,1,aware,none,0.65,0.92,5,0.5686175038725824,1.3296934170776737,0.16618713944936997,1.6447780917316774,11.419374392496216,0.4807750930650033,350,71,350,74.25195512213506,0.20285714285714285,0.45294999999612173,1.245699999998351,2.1673396431321175,(gap/tau_g)^2+(speed/tau_v)^2+(lateral/tau_y)^2,False
severe,1,1.8,3111,True,Proposed,service,1,aware,none,0.65,0.92,5,0.5630191781838092,1.3346256222509627,0.1674221593209276,1.5661696999306027,11.65840514393841,0.48149641642357377,350,26,350,74.02475016709998,0.07428571428571429,0.45484999999700904,0.9257000000104654,2.1730818680712947,(gap/tau_g)^2+(speed/tau_v)^2+(lateral/tau_y)^2,False
severe,1,1.8,3112,True,Proposed,service,1,aware,none,0.65,0.92,5,0.5832179570732977,1.3293102206160856,0.166831228671433,1.589114267489692,11.472828161120816,0.4737117904364724,350,34,350,74.13214822823184,0.09714285714285714,0.47829999999748907,1.42590000001519,2.202079581449918,(gap/tau_g)^2+(speed/tau_v)^2+(lateral/tau_y)^2,False
severe,1,1.8,3113,True,Proposed,service,1,aware,none,0.65,0.92,5,0.567757039303792,1.337856237079066,0.16689685694011977,1.6206310120993677,11.465623156719097,0.4863184614819227,350,20,350,74.11872834289663,0.05714285714285714,0.43610000000171567,5.179999999995744,2.182620757575303,(gap/tau_g)^2+(speed/tau_v)^2+(lateral/tau_y)^2,False
severe,1,1.8,3114,True,Proposed,service,1,aware,none,0.65,0.92,5,0.5673771532487287,1.3313518797247168,0.16662028486035746,1.5965189116934049,11.599994092729418,0.48708273298245874,350,26,350,74.1767463178012,0.07428571428571429,0.46600000000296404,0.6832999999915046,2.1706902033526188,(gap/tau_g)^2+(speed/tau_v)^2+(lateral/tau_y)^2,False
severe,1,1.8,3115,True,Proposed,service,1,aware,none,0.65,0.92,5,0.5726780955098677,1.3332027838925629,0.1670053540227193,1.6047201775984905,11.564277611334376,0.48724499546978495,350,28,350,74.10050394080912,0.08,0.5111500000083424,0.964000000010401,2.1871619331430034,(gap/tau_g)^2+(speed/tau_v)^2+(lateral/tau_y)^2,False
severe,1,1.8,3116,True,Proposed,service,1,aware,none,0.65,0.92,5,0.5640035504545376,1.3409267444885389,0.16770182215035867,1.5545917314165907,11.322208274419474,0.4458340305489318,350,31,350,73.97093973682667,0.08857142857142856,0.44820000000811433,1.36260000002153,2.1859987170915325,(gap/tau_g)^2+(speed/tau_v)^2+(lateral/tau_y)^2,False
severe,1,1.8,3117,True,Proposed,service,1,aware,none,0.65,0.92,5,0.5642598019500806,1.3279156612705727,0.16702287737548716,1.598476441668598,11.503372539851028,0.4465099129550558,350,30,350,74.09644034205496,0.08571428571428572,0.4491999999913787,0.78629999998725,2.1631146198217652,(gap/tau_g)^2+(speed/tau_v)^2+(lateral/tau_y)^2,False
severe,1,1.8,3118,True,Proposed,service,1,aware,none,0.65,0.92,5,0.5752449948905356,1.3315381722856356,0.1672243171645919,1.5988415555536624,11.551622256874424,0.4840391253326075,350,37,350,74.06112017198326,0.10571428571428572,0.42544999998028743,0.8175000000107957,2.191966795866499,(gap/tau_g)^2+(speed/tau_v)^2+(lateral/tau_y)^2,False
severe,1,1.8,3119,True,Proposed,service,1,aware,none,0.65,0.92,5,0.5643674873537927,1.3291634986026188,0.16742774187229317,1.5681564186669232,11.412199536955995,0.4863514248448656,350,27,350,74.02691939153715,0.07714285714285714,0.42950000000985256,0.8992999999861695,2.168407498545993,(gap/tau_g)^2+(speed/tau_v)^2+(lateral/tau_y)^2,False
severe,1,1.8,3120,True,Proposed,service,1,aware,none,0.65,0.92,5,0.5649818888513415,1.319592373149303,0.16651312564624446,1.5582341770458574,11.437007590445923,0.46067521055567495,350,28,350,74.19127484380213,0.08,0.6946499999997968,1.4921000000072127,2.1490708819219146,(gap/tau_g)^2+(speed/tau_v)^2+(lateral/tau_y)^2,False
severe,1,1.8,3121,True,Proposed,service,1,aware,none,0.65,0.92,5,0.5962719141158026,1.3302053689641549,0.1680900356636796,1.6570809809808598,11.665793485561728,0.47847972006372386,350,53,350,73.89890049114625,0.15142857142857144,0.5112500000024056,1.0637000000031094,2.2412066975560268,(gap/tau_g)^2+(speed/tau_v)^2+(lateral/tau_y)^2,False
severe,1,1.8,3122,True,Proposed,service,1,aware,none,0.65,0.92,5,0.5702011675917622,1.3322251626838595,0.16732529851860173,1.5819752776441982,11.509335946026603,0.4880116216252659,350,47,350,74.04814540247051,0.13428571428571429,0.4485500000015463,1.2297000000103253,2.1834740495457745,(gap/tau_g)^2+(speed/tau_v)^2+(lateral/tau_y)^2,False
severe,1,1.8,3123,True,Proposed,service,1,aware,none,0.65,0.92,5,0.5640089933543769,1.3346209711479518,0.1680028331004597,1.633839740845274,11.440407620786736,0.48684323060300316,350,38,350,73.9224465656911,0.10857142857142857,0.4635499999920967,1.3487999999881595,2.179928045626877,(gap/tau_g)^2+(speed/tau_v)^2+(lateral/tau_y)^2,False
severe,1,1.8,3124,True,Proposed,service,1,aware,none,0.65,0.92,5,0.5772387202862503,1.3199637333540457,0.1673675262780211,1.5536438589893715,11.460021673015724,0.46800169069518116,350,37,350,74.03873207576046,0.10571428571428572,0.46714999999153406,1.3689000000169926,2.181591591884847,(gap/tau_g)^2+(speed/tau_v)^2+(lateral/tau_y)^2,False
severe,1,1.8,3125,True,Proposed,service,1,aware,none,0.65,0.92,5,0.5555412897115706,1.3314442053767273,0.16695347405204367,1.614993678136253,11.466785846774961,0.47823122681544394,350,42,350,74.10779511352327,0.12,0.4445499999974345,1.118399999995745,2.149966285520005,(gap/tau_g)^2+(speed/tau_v)^2+(lateral/tau_y)^2,False
severe,1,1.8,3126,True,Proposed,service,1,aware,none,0.65,0.92,5,0.575345515633293,1.3288776390438712,0.16666433193174734,1.5887789421960483,11.494325814170388,0.43397942255330535,350,28,350,74.16281415623102,0.08,0.4433000000148013,0.935099999992417,2.18388680453044,(gap/tau_g)^2+(speed/tau_v)^2+(lateral/tau_y)^2,False
severe,1,1.8,3127,True,Proposed,service,1,aware,none,0.65,0.92,5,0.5692215114276833,1.3398926921672656,0.16693899876613552,1.5754824537350975,11.552114280042012,0.49585498405584727,350,27,350,74.12107765176488,0.07714285714285714,0.6122999999860212,1.3358999999866228,2.1887148011164492,(gap/tau_g)^2+(speed/tau_v)^2+(lateral/tau_y)^2,False
severe,1,1.8,3128,True,Proposed,service,1,aware,none,0.65,0.92,5,0.5656760556043912,1.33848260294974,0.16654521816287768,1.5456826389448286,11.529077744357785,0.4870738416873681,350,15,350,74.1870496559796,0.04285714285714286,0.4834000000073502,1.6410999999720843,2.1763516020712386,(gap/tau_g)^2+(speed/tau_v)^2+(lateral/tau_y)^2,False
severe,1,1.8,3129,True,Proposed,service,1,aware,none,0.65,0.92,5,0.5665063690076185,1.329165959622628,0.16745473494276306,1.6396125762400604,11.44188063876274,0.48064205507436464,350,26,350,74.01962287229594,0.07428571428571429,0.44424999998682324,1.4524000000051274,2.172936922451167,(gap/tau_g)^2+(speed/tau_v)^2+(lateral/tau_y)^2,False
severe,1,1.8,3130,True,Proposed,service,1,aware,none,0.65,0.92,5,0.5631879828651174,1.3336644000086386,0.16766706368378034,1.585242297213014,11.639383898528806,0.4938834374013342,350,32,350,73.97479983153333,0.09142857142857143,0.4905999999920141,2.0799999999780994,2.1741628785270826,(gap/tau_g)^2+(speed/tau_v)^2+(lateral/tau_y)^2,False
severe,1,1.8,3131,True,Proposed,service,1,aware,none,0.65,0.92,5,0.569128267170231,1.3442526877778398,0.1682199543441414,1.53565441849149,11.40951136205397,0.48560340197966667,350,41,350,73.8680311993176,0.11714285714285715,0.4504500000024336,0.9935000000211858,2.2052300409011307,(gap/tau_g)^2+(speed/tau_v)^2+(lateral/tau_y)^2,False
severe,1,1.8,3132,True,Proposed,service,1,aware,none,0.65,0.92,5,0.5745980592162331,1.3247134610122497,0.16669268574890359,1.6390287305598512,11.437599230130658,0.48154141039880294,350,36,350,74.1612335786268,0.10285714285714286,0.4407499999956599,1.0642999999959102,2.1769572767408616,(gap/tau_g)^2+(speed/tau_v)^2+(lateral/tau_y)^2,False
severe,1,1.8,3133,True,Proposed,service,1,aware,none,0.65,0.92,5,0.559969316455697,1.3416567240960486,0.16660820629576895,1.6524201233372178,11.564607261289865,0.47638585029268243,350,12,350,74.1750523119212,0.03428571428571429,0.45019999998885396,1.4558000000022275,2.169796544541783,(gap/tau_g)^2+(speed/tau_v)^2+(lateral/tau_y)^2,False
severe,1,1.8,3134,True,Proposed,service,1,aware,none,0.65,0.92,5,0.5676123016475996,1.3450055042859494,0.16738003448680186,1.5892146024724743,11.661808672916251,0.4442669029019576,350,45,350,74.02750925597378,0.12857142857142856,0.4737500000118189,0.885799999991832,2.196152458396785,(gap/tau_g)^2+(speed/tau_v)^2+(lateral/tau_y)^2,False
severe,1,1.8,3135,True,Proposed,service,1,aware,none,0.65,0.92,5,0.5630376307789065,1.3359938577371844,0.1678808342255865,1.5750453970438991,11.374171361967889,0.4665735772727586,350,17,350,73.94368062228101,0.04857142857142857,0.4508499999928972,2.356700000007095,2.178827988901106,(gap/tau_g)^2+(speed/tau_v)^2+(lateral/tau_y)^2,False
severe,1,1.8,3136,True,Proposed,service,1,aware,none,0.65,0.92,5,0.5690544835023628,1.3356367984376405,0.16657629521364473,1.6018741837722135,11.460682935998939,0.48421093371312074,350,27,350,74.1819829918697,0.07714285714285714,0.4513500000058457,1.379599999978609,2.1795430474494086,(gap/tau_g)^2+(speed/tau_v)^2+(lateral/tau_y)^2,False
severe,1,1.8,3137,True,Proposed,service,1,aware,none,0.65,0.92,5,0.564449510071542,1.3383081082062707,0.16745846612966048,1.5892912571117515,11.570722892654544,0.47605287838574495,350,25,350,74.01894353067487,0.07142857142857142,0.4485500000015463,1.1393999999995685,2.1812747300819186,(gap/tau_g)^2+(speed/tau_v)^2+(lateral/tau_y)^2,False
severe,1,1.8,3138,True,Proposed,service,1,aware,none,0.65,0.92,5,0.5705666273269854,1.3381505424578914,0.1674853168710998,1.5677713419568255,11.518986539181931,0.49530648653540843,350,19,350,74.01539000843401,0.054285714285714284,0.4437500000022965,1.089600000000246,2.193627563706866,(gap/tau_g)^2+(speed/tau_v)^2+(lateral/tau_y)^2,False
severe,1,1.8,3139,True,Proposed,service,1,aware,none,0.65,0.92,5,0.5721727471641876,1.3211570493868787,0.16659654636866855,1.6007531336119531,11.70451310949715,0.4872167085899045,350,20,350,74.17741362743921,0.05714285714285714,0.4142999999885433,0.604900000013231,2.166410807952638,(gap/tau_g)^2+(speed/tau_v)^2+(lateral/tau_y)^2,False
severe,1,1.8,3140,True,Proposed,service,1,aware,none,0.65,0.92,5,0.5663034295798534,1.3273279476761553,0.166456388671242,1.5684482150946206,11.05548405067411,0.47584072455369897,350,19,350,74.20762087020424,0.054285714285714284,0.5060499999984813,1.2898000000234333,2.161703095928296,(gap/tau_g)^2+(speed/tau_v)^2+(lateral/tau_y)^2,False
severe,1,1.8,3141,True,Proposed,service,1,aware,none,0.65,0.92,5,0.5718281514179797,1.3394675886381218,0.1676603137860172,1.554948373060473,11.31901320499265,0.4905693058659437,350,22,350,73.98039674293584,0.06285714285714286,0.4366000000004533,0.9168999999928928,2.199455118146206,(gap/tau_g)^2+(speed/tau_v)^2+(lateral/tau_y)^2,False
severe,1,1.8,3142,True,Proposed,service,1,aware,none,0.65,0.92,5,0.5641984904803381,1.3272680992171726,0.1672295412369763,1.5765663750696661,11.814009599108303,0.48089760552092864,350,24,350,74.05412590987667,0.06857142857142857,0.45099999999820284,1.2082000000077642,2.1638413243395807,(gap/tau_g)^2+(speed/tau_v)^2+(lateral/tau_y)^2,False
severe,1,1.8,3143,True,Proposed,service,1,aware,none,0.65,0.92,5,0.562948354379893,1.3236453789355727,0.16696284985508184,1.5971029150708458,11.845715304102782,0.48233779227924034,350,34,350,74.1026694896798,0.09714285714285714,0.44939999999371594,1.1454000000128417,2.154208370995024,(gap/tau_g)^2+(speed/tau_v)^2+(lateral/tau_y)^2,False
severe,1,1.8,3144,True,Proposed,service,1,aware,none,0.65,0.92,5,0.571096192802047,1.331890419730084,0.16745816949232478,1.5905696064918977,11.71727956775267,0.48529515096050835,350,26,350,74.01571585741684,0.07428571428571429,0.4450499999961721,1.9343999999819061,2.1859471098449132,(gap/tau_g)^2+(speed/tau_v)^2+(lateral/tau_y)^2,False
severe,1,1.8,3145,True,Proposed,service,1,aware,none,0.65,0.92,5,0.5676528315746472,1.3532413391942426,0.16761179991962613,1.5885808156722694,11.61474319034545,0.4841480794641051,350,14,350,73.99086995064809,0.04,0.41640000000597865,0.8507999999949334,2.2095131621682076,(gap/tau_g)^2+(speed/tau_v)^2+(lateral/tau_y)^2,False
severe,1,1.8,3146,True,Proposed,service,1,aware,none,0.65,0.92,5,0.5602913902614886,1.3390598528706008,0.1672430079041233,1.5748903948733353,11.599707842197574,0.44334692210303484,350,34,350,74.05336445231238,0.09714285714285714,0.4607000000049766,1.2867000000085227,2.1721844374046295,(gap/tau_g)^2+(speed/tau_v)^2+(lateral/tau_y)^2,False
severe,1,1.8,3147,True,Proposed,service,1,aware,none,0.65,0.92,5,0.5538710846520378,1.337294441160072,0.1672498457200999,1.5661391462746532,11.678268291282613,0.49215488356938764,350,12,350,74.05693653150095,0.03428571428571429,0.4425000000054524,0.970600000016475,2.1571140578377612,(gap/tau_g)^2+(speed/tau_v)^2+(lateral/tau_y)^2,False
severe,1,1.8,3148,True,Proposed,service,1,aware,none,0.65,0.92,5,0.5693566433016066,1.3237473955138719,0.16714515733571203,1.609132162808846,11.673141358888195,0.49442867441933125,350,30,350,74.07458376816047,0.08571428571428572,0.4644999999925403,1.0428999999874122,2.168768725724005,(gap/tau_g)^2+(speed/tau_v)^2+(lateral/tau_y)^2,False
severe,1,1.8,3149,True,Proposed,service,1,aware,none,0.65,0.92,5,0.5724415224838686,1.336295569471573,0.16692860178834784,1.583612475612078,11.375794548711426,0.4783954417043701,350,35,350,74.11018635604233,0.1,0.4680499999949461,1.7944999999883748,2.1902519106676244,(gap/tau_g)^2+(speed/tau_v)^2+(lateral/tau_y)^2,False
severe,1,1.8,3150,True,Proposed,service,1,aware,none,0.65,0.92,5,0.5726869906251905,1.3332003022614964,0.16680232608162107,1.5751159875101226,11.614405887058574,0.4909919029364558,350,24,350,74.13988910690351,0.06857142857142857,0.5601499999983162,1.1475999999959186,2.1854823622322925,(gap/tau_g)^2+(speed/tau_v)^2+(lateral/tau_y)^2,False
severe,1,2.0,3101,True,Proposed,service,1,aware,none,0.65,0.92,5,0.5835475393076859,1.3896652412006283,0.16632942869490663,1.520508801789214,17.09916578100242,0.4417300451970545,350,12,350,74.23489734954887,0.03428571428571429,0.45065000000477085,1.1500999999896067,2.2823101558316665,(gap/tau_g)^2+(speed/tau_v)^2+(lateral/tau_y)^2,False
severe,1,2.0,3102,True,Proposed,service,1,aware,none,0.65,0.92,5,0.6026581237821999,1.399031439540051,0.16670376806748974,1.5958625912017241,17.127562918741802,0.43931157759320405,350,46,350,74.16525252006528,0.13142857142857142,0.488099999998326,1.937800000007428,2.3390537031993297,(gap/tau_g)^2+(speed/tau_v)^2+(lateral/tau_y)^2,False
severe,1,2.0,3103,True,Proposed,service,1,aware,none,0.65,0.92,5,0.5995881920339047,1.382114908674925,0.16670552485897852,1.5716662390560148,17.009265134292882,0.4593610557986395,350,48,350,74.15940157520922,0.13714285714285715,0.44379999999932807,1.1012999999877593,2.3085031501148467,(gap/tau_g)^2+(speed/tau_v)^2+(lateral/tau_y)^2,False
severe,1,2.0,3104,True,Proposed,service,1,aware,none,0.65,0.92,5,0.597822582363908,1.392631011539394,0.16679911038485812,1.599623145173583,16.95031097811882,0.4879934753376175,350,36,350,74.14477250954165,0.10285714285714286,0.45550000001526314,1.2772000000040862,2.3204124304377363,(gap/tau_g)^2+(speed/tau_v)^2+(lateral/tau_y)^2,False
severe,1,2.0,3105,True,Proposed,service,1,aware,none,0.65,0.92,5,0.5891667570205699,1.3821770937027122,0.1662503828314071,1.6044363411975924,17.002622779815795,0.4927363691205362,350,48,350,74.24832102551493,0.13714285714285715,0.46094999999013453,1.4888999999982389,2.2827782396003142,(gap/tau_g)^2+(speed/tau_v)^2+(lateral/tau_y)^2,False
severe,1,2.0,3106,True,Proposed,service,1,aware,none,0.65,0.92,5,0.5859745521242143,1.3991614396072232,0.1669830315554713,1.5330259916791007,17.15649203757164,0.4873456141047037,350,25,350,74.10961387943313,0.07142857142857142,0.4899500000021817,1.072399999998197,2.30631449290133,(gap/tau_g)^2+(speed/tau_v)^2+(lateral/tau_y)^2,False
severe,1,2.0,3107,False,Proposed,service,1,aware,none,0.65,0.92,5,0.6010022886158503,1.4002725296973775,0.16703721958832599,1.5610001183243434,17.187919618101212,0.460620432643825,350,57,350,74.09849677703184,0.16285714285714287,0.4632500000099071,1.1052000000120188,2.3400651858663806,(gap/tau_g)^2+(speed/tau_v)^2+(lateral/tau_y)^2,False
severe,1,2.0,3108,False,Proposed,service,1,aware,none,0.65,0.92,5,0.579434189285812,1.4048642804895812,0.16720744326292084,1.5304158211532797,17.14217357127488,0.4947533789451153,350,16,350,74.06998355324484,0.045714285714285714,0.48789999999598876,1.180900000008478,2.302797457401443,(gap/tau_g)^2+(speed/tau_v)^2+(lateral/tau_y)^2,False
severe,1,2.0,3109,True,Proposed,service,1,aware,none,0.65,0.92,5,0.6030211998002736,1.398463364404045,0.1671302038443552,1.5221114250765675,17.065668259789042,0.47324498413756677,350,26,350,74.0807465188096,0.07428571428571429,0.44485000000804575,4.599600000005921,2.342580090107516,(gap/tau_g)^2+(speed/tau_v)^2+(lateral/tau_y)^2,False
severe,1,2.0,3110,True,Proposed,service,1,aware,none,0.65,0.92,5,0.5828617377554264,1.3935004367978732,0.16557207963136572,1.607504554522381,16.872046262857104,0.46420919487650547,350,69,350,74.37109852129775,0.19714285714285715,0.48515000000293185,0.9666999999922155,2.2800498445984263,(gap/tau_g)^2+(speed/tau_v)^2+(lateral/tau_y)^2,False
severe,1,2.0,3111,True,Proposed,service,1,aware,none,0.65,0.92,5,0.5811413461149358,1.398015936954014,0.1667687199528683,1.5248762714282125,17.16546020876573,0.48570270136444504,350,26,350,74.15049768659182,0.07428571428571429,0.528950000017403,1.3828000000160046,2.2928632511348765,(gap/tau_g)^2+(speed/tau_v)^2+(lateral/tau_y)^2,False
severe,1,2.0,3112,True,Proposed,service,1,aware,none,0.65,0.92,5,0.602637263109187,1.3918888201311448,0.166193712137292,1.5512251588557826,16.888359743584303,0.482138809623753,350,34,350,74.2550468846837,0.09714285714285714,0.4792499999979327,1.2564999999824522,2.324593442017915,(gap/tau_g)^2+(speed/tau_v)^2+(lateral/tau_y)^2,False
severe,1,2.0,3113,False,Proposed,service,1,aware,none,0.65,0.92,5,0.5867800940146024,1.4007274620762264,0.16625838241787042,1.5800956258615433,16.999145628313705,0.489616022002774,350,20,350,74.24212082310545,0.05714285714285714,0.41605000001254666,0.7333000000073753,2.3041939734996926,(gap/tau_g)^2+(speed/tau_v)^2+(lateral/tau_y)^2,False
severe,1,2.0,3114,True,Proposed,service,1,aware,none,0.65,0.92,5,0.5864635987960307,1.3937088355219451,0.1659834709494007,1.5554453547559066,16.992564862857925,0.49066912083342173,350,26,350,74.29934199641279,0.07428571428571429,0.4878000000019256,0.9364000000005035,2.2912437248361464,(gap/tau_g)^2+(speed/tau_v)^2+(lateral/tau_y)^2,False
severe,1,2.0,3115,True,Proposed,service,1,aware,none,0.65,0.92,5,0.5954366964672505,1.3941898687241028,0.16636660147991758,1.5718971165490716,17.284578107422384,0.49101599241577865,350,28,350,74.22412576888594,0.08,0.666500000008341,1.771700000006149,2.313965160384881,(gap/tau_g)^2+(speed/tau_v)^2+(lateral/tau_y)^2,False
severe,1,2.0,3116,False,Proposed,service,1,aware,none,0.65,0.92,5,0.5826614473803267,1.4044488334393024,0.16704220726718905,1.5205108373667457,16.916295428776436,0.45174999150733297,350,29,350,74.09829754571541,0.08285714285714285,0.5888000000027205,1.963899999992691,2.3074885824917066,(gap/tau_g)^2+(speed/tau_v)^2+(lateral/tau_y)^2,False
severe,1,2.0,3117,True,Proposed,service,1,aware,none,0.65,0.92,5,0.5841385424737202,1.391914530950166,0.16636934124801148,1.5563788686333675,17.13713231798868,0.4494130755693293,350,28,350,74.22130626758259,0.08,0.4731500000048072,1.118199999979197,2.287061114756365,(gap/tau_g)^2+(speed/tau_v)^2+(lateral/tau_y)^2,False
severe,1,2.0,3118,True,Proposed,service,1,aware,none,0.65,0.92,5,0.5941531316049724,1.3949875853070246,0.16657595133766256,1.5562364244919231,17.012845854629816,0.4893191839862312,350,38,350,74.186090917633,0.10857142857142857,0.4705999999998767,1.5199999999992997,2.314128370840919,(gap/tau_g)^2+(speed/tau_v)^2+(lateral/tau_y)^2,False
severe,1,2.0,3119,True,Proposed,service,1,aware,none,0.65,0.92,5,0.5941240986278987,1.388763091747381,0.16678657614085132,1.5405503885330258,16.90203680934166,0.49138908234280754,350,25,350,74.14810758660508,0.07142857142857142,0.5013000000104739,1.8550000000061573,2.3069818696288755,(gap/tau_g)^2+(speed/tau_v)^2+(lateral/tau_y)^2,False
severe,1,2.0,3120,True,Proposed,service,1,aware,none,0.65,0.92,5,0.5831779865008246,1.381942040592207,0.16589251279040393,1.5194440888514131,17.016152930644793,0.4635584467905104,350,28,350,74.3114162843622,0.08,0.42279999999550455,1.4536000000191507,2.2669935461961184,(gap/tau_g)^2+(speed/tau_v)^2+(lateral/tau_y)^2,False
severe,1,2.0,3121,False,Proposed,service,1,aware,none,0.65,0.92,5,0.5928182654981718,1.4088077457192987,0.16741883119750356,1.5938220643756733,17.079108808504195,0.4820652870258989,350,34,350,74.02946343454019,0.09714285714285714,0.5167999999997619,1.2700999999992746,2.338119359053721,(gap/tau_g)^2+(speed/tau_v)^2+(lateral/tau_y)^2,False
severe,1,2.0,3122,True,Proposed,service,1,aware,none,0.65,0.92,5,0.5885867800938401,1.3960667315642803,0.16667109688398707,1.5400243363326513,17.09892493954959,0.4910410811860396,350,47,350,74.17361447595646,0.13428571428571429,0.6394499999942127,1.086299999997209,2.3047536753592626,(gap/tau_g)^2+(speed/tau_v)^2+(lateral/tau_y)^2,False
severe,1,2.0,3123,True,Proposed,service,1,aware,none,0.65,0.92,5,0.583663882844628,1.3982542984970345,0.16733855358170394,1.5910925254193298,16.893661222372444,0.4905713777772752,350,40,350,74.05006092873435,0.11428571428571428,0.4741500000164933,1.480900000018437,2.303186533435818,(gap/tau_g)^2+(speed/tau_v)^2+(lateral/tau_y)^2,False
severe,1,2.0,3124,True,Proposed,service,1,aware,none,0.65,0.92,5,0.599832726682253,1.3823835899245733,0.166717519218256,1.5207318242045849,17.09727445865238,0.4747590438924565,350,38,350,74.16369161251463,0.10857142857142857,0.43670000000872733,0.9670000000028267,2.3095035159131054,(gap/tau_g)^2+(speed/tau_v)^2+(lateral/tau_y)^2,False
severe,1,2.0,3125,True,Proposed,service,1,aware,none,0.65,0.92,5,0.5738211019060327,1.3929606378285613,0.16631243223209868,1.5729397703854016,16.933031866299196,0.48595825421838523,350,37,350,74.23163190510887,0.10571428571428572,0.48569999999870106,1.2633999999991374,2.266834735025123,(gap/tau_g)^2+(speed/tau_v)^2+(lateral/tau_y)^2,False
severe,1,2.0,3126,True,Proposed,service,1,aware,none,0.65,0.92,5,0.5933072418232981,1.3916980078753667,0.16603827917479877,1.5481063820520446,17.038933756296643,0.439695767407555,350,26,350,74.284058888701,0.07428571428571429,0.5716000000006716,1.3183000000083211,2.3031946777780754,(gap/tau_g)^2+(speed/tau_v)^2+(lateral/tau_y)^2,False
severe,1,2.0,3127,False,Proposed,service,1,aware,none,0.65,0.92,5,0.5898854922026303,1.401540244602193,0.16629313885354724,1.5351452626936422,17.117464110671506,0.49724084190266715,350,26,350,74.24514119185659,0.07428571428571429,0.44639999998707935,1.756999999997788,2.3121410164022635,(gap/tau_g)^2+(speed/tau_v)^2+(lateral/tau_y)^2,False
severe,1,2.0,3128,False,Proposed,service,1,aware,none,0.65,0.92,5,0.5840063156033757,1.4011923338824113,0.1659073455322097,1.5060207684553908,16.988877840787048,0.4909289713944004,350,15,350,74.31023640251513,0.04285714285714286,0.4390499999971098,1.4134999999839692,2.2961701338413403,(gap/tau_g)^2+(speed/tau_v)^2+(lateral/tau_y)^2,False
severe,1,2.0,3129,True,Proposed,service,1,aware,none,0.65,0.92,5,0.5850522338588033,1.3922676918516756,0.16679657730142014,1.5983076527368785,17.04371494646739,0.48557755685289616,350,25,350,74.14626070334427,0.07142857142857142,0.5185499999953436,1.3764999999921201,2.293020456148163,(gap/tau_g)^2+(speed/tau_v)^2+(lateral/tau_y)^2,False
severe,1,2.0,3130,True,Proposed,service,1,aware,none,0.65,0.92,5,0.5821691319977071,1.3966792802633263,0.16700769212658986,1.5437330954380646,16.99585757835723,0.4947661653061963,350,33,350,74.10234992894738,0.09428571428571429,0.4735499999952708,1.3323000000013963,2.2950770128452125,(gap/tau_g)^2+(speed/tau_v)^2+(lateral/tau_y)^2,False
severe,1,2.0,3131,False,Proposed,service,1,aware,none,0.65,0.92,5,0.5855433694676456,1.410251677870609,0.16753330287510818,1.4880627636448647,16.830752499852466,0.48912063919600657,350,34,350,74.00078922582495,0.09714285714285714,0.45965000001046974,1.8946000000141794,2.325914797656122,(gap/tau_g)^2+(speed/tau_v)^2+(lateral/tau_y)^2,False
severe,1,2.0,3132,True,Proposed,service,1,aware,none,0.65,0.92,5,0.5918291666771627,1.3880844459414277,0.16606002223167485,1.596095633528627,17.037131464182252,0.4855011682898813,350,37,350,74.28324958864077,0.10571428571428572,0.4497500000013588,1.2993999999935113,2.2951360713308064,(gap/tau_g)^2+(speed/tau_v)^2+(lateral/tau_y)^2,False
severe,1,2.0,3133,False,Proposed,service,1,aware,none,0.65,0.92,5,0.5790815895839639,1.4034802301902833,0.16597685801589973,1.6106325399139427,17.104358264929374,0.4814598192262943,350,12,350,74.29704334307065,0.03428571428571429,0.42550000000574073,0.9857000000010885,2.2898378495196634,(gap/tau_g)^2+(speed/tau_v)^2+(lateral/tau_y)^2,False
severe,1,2.0,3134,False,Proposed,service,1,aware,none,0.65,0.92,5,0.585852692883214,1.4085259783990163,0.16671668572390802,1.5447012558746125,17.103666091315723,0.45416366063281743,350,44,350,74.15558007460591,0.12571428571428572,0.47419999999931406,0.8140999999852738,2.3172532833155444,(gap/tau_g)^2+(speed/tau_v)^2+(lateral/tau_y)^2,False
severe,1,2.0,3135,False,Proposed,service,1,aware,none,0.65,0.92,5,0.5815951471759181,1.4002313078123931,0.167209755059815,1.5281245074405565,17.00957776935718,0.49001717219670593,350,16,350,74.07256169818132,0.045714285714285714,0.4860500000063439,0.9805999999912274,2.300646537652816,(gap/tau_g)^2+(speed/tau_v)^2+(lateral/tau_y)^2,False
severe,1,2.0,3136,True,Proposed,service,1,aware,none,0.65,0.92,5,0.5873348851991023,1.3985304422547085,0.16594533797453856,1.5606357038589567,16.961264856047713,0.48872683407096296,350,24,350,74.30372686375902,0.06857142857142857,0.4177499999968859,0.6941999999980908,2.299614366621752,(gap/tau_g)^2+(speed/tau_v)^2+(lateral/tau_y)^2,False
severe,1,2.0,3137,False,Proposed,service,1,aware,none,0.65,0.92,5,0.5833303614320332,1.4017125251553901,0.1668002580079039,1.549148139363553,17.199532634750994,0.47954662271440085,350,25,350,74.14559327409951,0.07142857142857142,0.4373499999985597,1.0159999999928004,2.3029382202696325,(gap/tau_g)^2+(speed/tau_v)^2+(lateral/tau_y)^2,False
severe,1,2.0,3138,False,Proposed,service,1,aware,none,0.65,0.92,5,0.5897295456241155,1.401746447264155,0.16682383295140663,1.5267689315097783,17.03313276193979,0.4953216374050543,350,19,350,74.14249108755814,0.054285714285714284,0.4553500000099575,1.2134000000116885,2.316528483141697,(gap/tau_g)^2+(speed/tau_v)^2+(lateral/tau_y)^2,False
severe,1,2.0,3139,True,Proposed,service,1,aware,none,0.65,0.92,5,0.5914120481004607,1.3833283162967356,0.16596394334566353,1.5601751574580283,17.108332296939444,0.49182164174726795,350,20,350,74.29949059324649,0.05714285714285714,0.48594999999806987,4.0485000000103355,2.2867360322050163,(gap/tau_g)^2+(speed/tau_v)^2+(lateral/tau_y)^2,False
severe,1,2.0,3140,True,Proposed,service,1,aware,none,0.65,0.92,5,0.5855539511283391,1.3890981302250707,0.16583375615015064,1.5328133194882383,16.69243887881114,0.47994776124237837,350,18,350,74.32769908672108,0.05142857142857143,0.4412999999914291,0.8257000000071457,2.2815601693175465,(gap/tau_g)^2+(speed/tau_v)^2+(lateral/tau_y)^2,False
severe,1,2.0,3141,False,Proposed,service,1,aware,none,0.65,0.92,5,0.5902602369129838,1.4036269491430886,0.16699606788957713,1.5158717493579479,16.983127074114392,0.49394592261635706,350,23,350,74.10824777606312,0.06571428571428571,0.46820000000025175,1.2843000000088978,2.321770718849843,(gap/tau_g)^2+(speed/tau_v)^2+(lateral/tau_y)^2,False
severe,1,2.0,3142,True,Proposed,service,1,aware,none,0.65,0.92,5,0.5844658453480189,1.3896714417988338,0.1665984451727202,1.5353104789327645,17.262000679360945,0.48432112736256383,350,25,350,74.17666763678639,0.07142857142857142,0.46265000000289547,1.1953000000062275,2.2864648588858785,(gap/tau_g)^2+(speed/tau_v)^2+(lateral/tau_y)^2,False
severe,1,2.0,3143,True,Proposed,service,1,aware,none,0.65,0.92,5,0.5823799885282661,1.3856016581631538,0.16631765715328595,1.5570103182299868,17.26801422398131,0.48723491014942943,350,34,350,74.22784993371116,0.09714285714285714,0.4789000000045007,1.108600000009119,2.274038368435387,(gap/tau_g)^2+(speed/tau_v)^2+(lateral/tau_y)^2,False
severe,1,2.0,3144,True,Proposed,service,1,aware,none,0.65,0.92,5,0.5889125240430065,1.3961653310832596,0.16680351591769554,1.5516863316770935,17.160350979413842,0.489543910372333,350,27,350,74.14209056234485,0.07714285714285714,0.48059999998883995,1.3756999999827713,2.306679990955831,(gap/tau_g)^2+(speed/tau_v)^2+(lateral/tau_y)^2,False
severe,1,2.0,3145,False,Proposed,service,1,aware,none,0.65,0.92,5,0.5914866224666226,1.4137559961556299,0.16693524242375768,1.5639119022906482,17.107100948571265,0.4877949478831791,350,23,350,74.12011434360024,0.06571428571428571,0.4680000000121254,1.2868000000025859,2.3383993237538765,(gap/tau_g)^2+(speed/tau_v)^2+(lateral/tau_y)^2,False
severe,1,2.0,3146,False,Proposed,service,1,aware,none,0.65,0.92,5,0.5785164212159486,1.4023044862032104,0.16659810478871817,1.5334609020449461,17.129233539628615,0.44727340456139963,350,34,350,74.17815005604818,0.09714285714285714,0.4820500000022321,1.2064999999950032,2.292156933853093,(gap/tau_g)^2+(speed/tau_v)^2+(lateral/tau_y)^2,False
severe,1,2.0,3147,True,Proposed,service,1,aware,none,0.65,0.92,5,0.5726235623835583,1.3999693852296038,0.16660328868720217,1.5269378686289097,17.078384463199484,0.4956245503944229,350,12,350,74.18161695887727,0.03428571428571429,0.5294500000019298,1.9503000000042903,2.2768019831432955,(gap/tau_g)^2+(speed/tau_v)^2+(lateral/tau_y)^2,False
severe,1,2.0,3148,True,Proposed,service,1,aware,none,0.65,0.92,5,0.5879664454924296,1.3865702782908764,0.16649599058692238,1.5677642197939912,17.02890183912195,0.4965724233478914,350,30,350,74.20008158614263,0.08571428571428572,0.46565000000953205,1.0893000000180564,2.288515425116291,(gap/tau_g)^2+(speed/tau_v)^2+(lateral/tau_y)^2,False
severe,1,2.0,3149,True,Proposed,service,1,aware,none,0.65,0.92,5,0.59158526012913,1.3988187655796025,0.16628813227861272,1.5441971840513504,16.844120535227873,0.4831278510996633,350,35,350,74.23427952329217,0.1,0.5248999999878379,1.3196999999820491,2.3117812431287943,(gap/tau_g)^2+(speed/tau_v)^2+(lateral/tau_y)^2,False
severe,1,2.0,3150,True,Proposed,service,1,aware,none,0.65,0.92,5,0.5915153236128081,1.3963772539235604,0.16616907896752042,1.533926179563997,17.11511277541343,0.4958190512380577,350,24,350,74.2620233649232,0.06857142857142857,0.4759999999919273,1.3074999999957981,2.3071627534398806,(gap/tau_g)^2+(speed/tau_v)^2+(lateral/tau_y)^2,False
severe,1,2.2,3101,False,Proposed,service,1,aware,none,0.65,0.92,5,0.5957319419731051,1.4451923417614319,0.1657005892941362,1.4884081712880177,22.50679541103618,0.4456490931432303,350,14,350,74.35654089664499,0.04,0.5028499999895075,1.4602999999908661,2.382946828811667,(gap/tau_g)^2+(speed/tau_v)^2+(lateral/tau_y)^2,False
severe,1,2.2,3102,False,Proposed,service,1,aware,none,0.65,0.92,5,0.6142593606627121,1.4548071151959494,0.16606586461340794,1.5585962763363481,22.57839119085149,0.4421290675827211,350,44,350,74.28871539815427,0.12571428571428572,0.44829999998796666,0.8881999999914569,2.440056668600737,(gap/tau_g)^2+(speed/tau_v)^2+(lateral/tau_y)^2,False
severe,1,2.2,3103,False,Proposed,service,1,aware,none,0.65,0.92,5,0.615906821626976,1.435605514470659,0.16608183767427526,1.5361353303856118,22.462331667277084,0.46197360316777814,350,42,350,74.2806492040957,0.12,0.4718999999937523,2.1327999999982694,2.415475631922233,(gap/tau_g)^2+(speed/tau_v)^2+(lateral/tau_y)^2,False
severe,1,2.2,3104,False,Proposed,service,1,aware,none,0.65,0.92,5,0.6111477232720524,1.4483289655333296,0.16615145013701116,1.5656037366035294,22.50468652604154,0.4658020648852099,350,43,350,74.26947797925743,0.12285714285714286,0.45044999998822277,1.1542999999960557,2.4243934040886064,(gap/tau_g)^2+(speed/tau_v)^2+(lateral/tau_y)^2,False
severe,1,2.2,3105,False,Proposed,service,1,aware,none,0.65,0.92,5,0.6007731200382227,1.437060610852339,0.1656309662426338,1.563425738142986,22.389526408531083,0.4963071514605323,350,49,350,74.36853714683991,0.14,0.4065499999938993,5.639800000011519,2.3811352992336925,(gap/tau_g)^2+(speed/tau_v)^2+(lateral/tau_y)^2,False
severe,1,2.2,3106,False,Proposed,service,1,aware,none,0.65,0.92,5,0.5981456520160112,1.4546301857891033,0.16633709160511292,1.4965057323941129,22.606530480247784,0.4936448291798792,350,23,350,74.2346179875285,0.06571428571428571,0.4639499999967711,0.7181000000002769,2.4073166766039056,(gap/tau_g)^2+(speed/tau_v)^2+(lateral/tau_y)^2,False
severe,1,2.2,3107,False,Proposed,service,1,aware,none,0.65,0.92,5,0.611972712369329,1.4576420585858858,0.16638172124863337,1.5217190389324322,22.494250535427916,0.4631836206598855,350,60,350,74.22575471033322,0.17142857142857143,0.48759999999958836,1.4035000000092168,2.441909558171939,(gap/tau_g)^2+(speed/tau_v)^2+(lateral/tau_y)^2,False
severe,1,2.2,3108,False,Proposed,service,1,aware,none,0.65,0.92,5,0.5985148340758849,1.4579251894811938,0.16657075511376332,1.5055323627803172,22.494183925168564,0.4951997458207167,350,18,350,74.19477133886026,0.05142857142857143,0.44039999998801704,1.315100000027769,2.4149431512960455,(gap/tau_g)^2+(speed/tau_v)^2+(lateral/tau_y)^2,False
severe,1,2.2,3109,False,Proposed,service,1,aware,none,0.65,0.92,5,0.6156015438465409,1.454754563985809,0.1664916489886053,1.4766472973486109,22.610841664896213,0.4928913872268763,350,22,350,74.20396505351574,0.06285714285714286,0.45470000000591426,1.0143000000084612,2.446453178054038,(gap/tau_g)^2+(speed/tau_v)^2+(lateral/tau_y)^2,False
severe,1,2.2,3110,False,Proposed,service,1,aware,none,0.65,0.92,5,0.594689975113553,1.4476128479263544,0.16496594571195014,1.568632871013245,22.442784986383927,0.4725577274135573,350,69,350,74.48916209235041,0.19714285714285715,0.44895000000622076,0.7601000000079239,2.378241133201585,(gap/tau_g)^2+(speed/tau_v)^2+(lateral/tau_y)^2,False
severe,1,2.2,3111,False,Proposed,service,1,aware,none,0.65,0.92,5,0.5931852839772284,1.453031000860854,0.16613024670259202,1.487808292866426,22.619343815717855,0.48964244136297286,350,26,350,74.2740847043459,0.07428571428571429,0.4823000000016009,1.3071999999851869,2.3927193845093644,(gap/tau_g)^2+(speed/tau_v)^2+(lateral/tau_y)^2,False
severe,1,2.2,3112,False,Proposed,service,1,aware,none,0.65,0.92,5,0.6158243419852943,1.4469126191527577,0.1655695584089882,1.5146962452422552,22.380160473890236,0.4901661541530369,350,35,350,74.37617834451137,0.1,0.4988499999853957,1.2734000000023116,2.4276766173643796,(gap/tau_g)^2+(speed/tau_v)^2+(lateral/tau_y)^2,False
severe,1,2.2,3113,False,Proposed,service,1,aware,none,0.65,0.92,5,0.598740226608264,1.4560203674506313,0.16563529186262665,1.543851221229845,22.426359305644212,0.49277627550701386,350,21,350,74.36327428260182,0.06,0.46245000000055825,0.8124000000009346,2.404821813000303,(gap/tau_g)^2+(speed/tau_v)^2+(lateral/tau_y)^2,False
severe,1,2.2,3114,False,Proposed,service,1,aware,none,0.65,0.92,5,0.5991004411471448,1.4477188138037391,0.16535856525722822,1.5240853144266233,22.479608640353362,0.4941105360180903,350,29,350,74.42029848463352,0.08285714285714285,0.4535500000031334,1.1196000000097683,2.3910002694647403,(gap/tau_g)^2+(speed/tau_v)^2+(lateral/tau_y)^2,False
severe,1,2.2,3115,False,Proposed,service,1,aware,none,0.65,0.92,5,0.6096152198873471,1.4479743569431265,0.16574417042693343,1.5366216768277365,22.636813939979405,0.4945829228687785,350,27,350,74.34484942842697,0.07714285714285714,0.5286499999925809,1.3496999999915715,2.4171641299592705,(gap/tau_g)^2+(speed/tau_v)^2+(lateral/tau_y)^2,False
severe,1,2.2,3116,False,Proposed,service,1,aware,none,0.65,0.92,5,0.5956219995385192,1.4593878749451736,0.16639764530279444,1.478199171401136,22.384189212404117,0.4572616747881383,350,30,350,74.22342499986465,0.08571428571428572,0.41940000001261524,1.4649999999960528,2.409538019379601,(gap/tau_g)^2+(speed/tau_v)^2+(lateral/tau_y)^2,False
severe,1,2.2,3117,False,Proposed,service,1,aware,none,0.65,0.92,5,0.5967420744264026,1.4461975648064118,0.16573821456701132,1.5183971198911828,22.679503288885485,0.45227824147115825,350,28,350,74.34398273400127,0.08,0.4418000000043776,1.8485000000225682,2.386882928799756,(gap/tau_g)^2+(speed/tau_v)^2+(lateral/tau_y)^2,False
severe,1,2.2,3118,False,Proposed,service,1,aware,none,0.65,0.92,5,0.6066639993721926,1.4509426440467934,0.16593674084893204,1.5166365425416204,22.415671292422466,0.49419515863568364,350,39,350,74.30892609097143,0.11142857142857143,0.5779999999901975,1.1093999999900461,2.4167697936419756,(gap/tau_g)^2+(speed/tau_v)^2+(lateral/tau_y)^2,False
severe,1,2.2,3119,False,Proposed,service,1,aware,none,0.65,0.92,5,0.6075703974291048,1.444241819338995,0.16615273977710737,1.5038814048750107,22.30875755328114,0.4939571693822885,350,24,350,74.27084078418847,0.06857142857142857,0.5369000000143842,1.7753000000197972,2.410621631830709,(gap/tau_g)^2+(speed/tau_v)^2+(lateral/tau_y)^2,False
severe,1,2.2,3120,False,Proposed,service,1,aware,none,0.65,0.92,5,0.5950603263017669,1.4359242629737208,0.1652854372676271,1.4846849222109915,22.672924369330637,0.46636260717639233,350,28,350,74.42959230727637,0.08,0.44895000000622076,1.4003999999943062,2.3644661231258386,(gap/tau_g)^2+(speed/tau_v)^2+(lateral/tau_y)^2,False
severe,1,2.2,3121,False,Proposed,service,1,aware,none,0.65,0.92,5,0.6088100651370164,1.4628163921285693,0.16676647160453467,1.5583241710624798,22.54811950496144,0.4857372527340955,350,37,350,74.15566056345234,0.10571428571428572,0.46494999999424635,1.6895000000261007,2.4459601100070265,(gap/tau_g)^2+(speed/tau_v)^2+(lateral/tau_y)^2,False
severe,1,2.2,3122,False,Proposed,service,1,aware,none,0.65,0.92,5,0.6007345613720966,1.4514511592434347,0.16603194544007635,1.502468653564502,22.539497065605552,0.493954081574543,350,47,350,74.29697817650035,0.13428571428571429,0.5256999999971868,1.7988000000173088,2.4055854756029618,(gap/tau_g)^2+(speed/tau_v)^2+(lateral/tau_y)^2,False
severe,1,2.2,3123,False,Proposed,service,1,aware,none,0.65,0.92,5,0.5981078844709842,1.453638261237078,0.16668859469529082,1.5549162601390083,22.43996141858544,0.4940635743553462,350,39,350,74.17553371132604,0.11142857142857143,0.4694999999941274,1.0654999999815118,2.4086910183352392,(gap/tau_g)^2+(speed/tau_v)^2+(lateral/tau_y)^2,False
severe,1,2.2,3124,False,Proposed,service,1,aware,none,0.65,0.92,5,0.6083853312763942,1.438604139945921,0.166082622746722,1.4809654934018932,22.611735353647497,0.4812438451722659,350,35,350,74.28662323095858,0.1,0.44290000001012686,0.9438000000159263,2.4035087665570782,(gap/tau_g)^2+(speed/tau_v)^2+(lateral/tau_y)^2,False
severe,1,2.2,3125,False,Proposed,service,1,aware,none,0.65,0.92,5,0.5874294972069074,1.4466254923459132,0.1656898268775892,1.5355697542750144,22.48943613922561,0.48854136526070235,350,39,350,74.3528845646019,0.11142857142857143,0.457350000004908,1.3533000000052198,2.3675088132174014,(gap/tau_g)^2+(speed/tau_v)^2+(lateral/tau_y)^2,False
severe,1,2.2,3126,False,Proposed,service,1,aware,none,0.65,0.92,5,0.6086073082871468,1.4463532795643246,0.16540475902346785,1.6481123688876491,22.41994897148605,0.38030270760113627,350,37,350,74.40696459660032,0.10571428571428572,0.4746999999980517,2.0562999999924614,2.409777532209947,(gap/tau_g)^2+(speed/tau_v)^2+(lateral/tau_y)^2,False
severe,1,2.2,3127,False,Proposed,service,1,aware,none,0.65,0.92,5,0.6023297002859664,1.4562214961813962,0.16566353309088416,1.4977250591596545,22.48117661672459,0.49724084190266715,350,26,350,74.3667127287634,0.07428571428571429,0.43970000000115306,1.4137999999945805,2.4130189361473926,(gap/tau_g)^2+(speed/tau_v)^2+(lateral/tau_y)^2,False
severe,1,2.2,3128,False,Proposed,service,1,aware,none,0.65,0.92,5,0.596113603883677,1.4553705153934136,0.16528483628606042,1.4704592752167644,22.41150210714384,0.49457703175845236,350,15,350,74.43115461477002,0.04285714285714286,0.4406500000015967,0.7492999999954009,2.3953777688559095,(gap/tau_g)^2+(speed/tau_v)^2+(lateral/tau_y)^2,False
severe,1,2.2,3129,False,Proposed,service,1,aware,none,0.65,0.92,5,0.5965576348359858,1.4475807881827552,0.16615164851302758,1.562442709215064,22.547145820281735,0.4901471387827504,350,27,350,74.27106736280717,0.07714285714285714,0.46054999999967094,1.2581999999952131,2.3919642332793565,(gap/tau_g)^2+(speed/tau_v)^2+(lateral/tau_y)^2,False
severe,1,2.2,3130,False,Proposed,service,1,aware,none,0.65,0.92,5,0.5951091877051737,1.4513658389801463,0.16636282710148725,1.5065569861756836,22.403079927941377,0.4947661653061963,350,33,350,74.2277040490993,0.09428571428571429,0.41209999999125557,1.0022999999819149,2.396249465290537,(gap/tau_g)^2+(speed/tau_v)^2+(lateral/tau_y)^2,False
severe,1,2.2,3131,False,Proposed,service,1,aware,none,0.65,0.92,5,0.5975759490260969,1.46608106126619,0.16687277157065333,1.4563804083868708,22.368419163347845,0.4911699243854062,350,34,350,74.1291042397402,0.09714285714285714,0.4579999999947404,1.372400000008156,2.4276316124655866,(gap/tau_g)^2+(speed/tau_v)^2+(lateral/tau_y)^2,False
severe,1,2.2,3132,False,Proposed,service,1,aware,none,0.65,0.92,5,0.6057562950985098,1.4415633573671567,0.16543545196313547,1.5689422056054674,22.592193736552794,0.48920298384931493,350,38,350,74.40521272616377,0.10857142857142857,0.4376000000121394,0.9604999999908159,2.396818830742749,(gap/tau_g)^2+(speed/tau_v)^2+(lateral/tau_y)^2,False
severe,1,2.2,3133,False,Proposed,service,1,aware,none,0.65,0.92,5,0.5921122281133451,1.4566408875412966,0.1653602222960176,1.5700073172822169,22.473301372610408,0.4861828598130019,350,12,350,74.41686823043054,0.03428571428571429,0.43294999998977346,1.489800000001651,2.3894358244912506,(gap/tau_g)^2+(speed/tau_v)^2+(lateral/tau_y)^2,False
severe,1,2.2,3134,False,Proposed,service,1,aware,none,0.65,0.92,5,0.5975085913935713,1.4639094344484418,0.16608088789661385,1.5090303832384506,22.585558951733333,0.46316017385076524,350,44,350,74.27931704733759,0.12571428571428572,0.45104999999523443,0.8176999999989221,2.417650640647857,(gap/tau_g)^2+(speed/tau_v)^2+(lateral/tau_y)^2,False
severe,1,2.2,3135,False,Proposed,service,1,aware,none,0.65,0.92,5,0.5940873589320853,1.455821547511357,0.16655404644368899,1.4924047443454693,22.581758618650163,0.4928955120818185,350,16,350,74.1991720716646,0.045714285714285714,0.48934999999517004,2.8977999999995063,2.402289662136885,(gap/tau_g)^2+(speed/tau_v)^2+(lateral/tau_y)^2,False
severe,1,2.2,3136,False,Proposed,service,1,aware,none,0.65,0.92,5,0.6006640683440523,1.452235131296087,0.1653302878798098,1.5225045803726023,22.571723789863327,0.49294322362101584,350,23,350,74.42309854821542,0.06571428571428571,0.44164999999907195,1.2263000000132251,2.4007837779069714,(gap/tau_g)^2+(speed/tau_v)^2+(lateral/tau_y)^2,False
severe,1,2.2,3137,False,Proposed,service,1,aware,none,0.65,0.92,5,0.5959107590095746,1.456728005984734,0.16615743494567364,1.514274082769351,22.522753391233152,0.48290856833374196,350,26,350,74.26999182104718,0.07428571428571429,0.45475000000294585,0.9718000000020766,2.4041952226840704,(gap/tau_g)^2+(speed/tau_v)^2+(lateral/tau_y)^2,False
severe,1,2.2,3138,False,Proposed,service,1,aware,none,0.65,0.92,5,0.6023660309395338,1.4569997237414969,0.16617815221196222,1.4898692814616321,22.411059243599368,0.4953216374050543,350,19,350,74.26730173625265,0.054285714285714284,0.4426999999935788,1.2600999999961005,2.4185227554343482,(gap/tau_g)^2+(speed/tau_v)^2+(lateral/tau_y)^2,False
severe,1,2.2,3139,False,Proposed,service,1,aware,none,0.65,0.92,5,0.6042707099477556,1.4371656245821167,0.16534585029255336,1.5208829016502894,22.45791587185107,0.49616278141284764,350,21,350,74.41948939470166,0.06,0.5011500000051683,1.35079999998311,2.3864230138960987,(gap/tau_g)^2+(speed/tau_v)^2+(lateral/tau_y)^2,False
severe,1,2.2,3140,False,Proposed,service,1,aware,none,0.65,0.92,5,0.5974389690202773,1.4431154101626826,0.1652247759391556,1.495069114974486,22.404168387061965,0.48384022580080444,350,18,350,74.44578638564931,0.05142857142857143,0.5220000000036862,1.3553000000001703,2.379570673224856,(gap/tau_g)^2+(speed/tau_v)^2+(lateral/tau_y)^2,False
severe,1,2.2,3141,False,Proposed,service,1,aware,none,0.65,0.92,5,0.602369295512861,1.4591328170482405,0.16634866196529402,1.4808845910024167,22.43030595088402,0.49394592261635706,350,23,350,74.23382118916038,0.06571428571428571,0.5325499999884187,1.352599999989934,2.4231208886624227,(gap/tau_g)^2+(speed/tau_v)^2+(lateral/tau_y)^2,False
severe,1,2.2,3142,False,Proposed,service,1,aware,none,0.65,0.92,5,0.5978992788739393,1.4441441611782406,0.1659737436035132,1.510055053200013,22.601142305462304,0.4890050598792647,350,35,350,74.3000997939582,0.1,0.46499999999127795,1.0618999999962853,2.3882657217727004,(gap/tau_g)^2+(speed/tau_v)^2+(lateral/tau_y)^2,False
severe,1,2.2,3143,False,Proposed,service,1,aware,none,0.65,0.92,5,0.5946095096872234,1.4397682858457124,0.16569157225550868,1.5196255952472246,22.729420701587983,0.49188223062977243,350,34,350,74.34995849227685,0.09714285714285714,0.480350000003682,1.878500000003669,2.3725131059461533,(gap/tau_g)^2+(speed/tau_v)^2+(lateral/tau_y)^2,False
severe,1,2.2,3144,False,Proposed,service,1,aware,none,0.65,0.92,5,0.6018992986630667,1.4502684972645095,0.16615389145775636,1.5177860402630667,22.690144333593487,0.4935037368556361,350,31,350,74.26780717954198,0.08857142857142856,0.45124999999757165,1.0716999999829113,2.4073375261269216,(gap/tau_g)^2+(speed/tau_v)^2+(lateral/tau_y)^2,False
severe,1,2.2,3145,False,Proposed,service,1,aware,none,0.65,0.92,5,0.6035710509810337,1.4681777426579348,0.16629171815151814,1.511190653211677,22.443549306805018,0.4912379363937871,350,29,350,74.24440228058924,0.08285714285714285,0.4852999999940266,1.1509999999930187,2.4387326093615957,(gap/tau_g)^2+(speed/tau_v)^2+(lateral/tau_y)^2,False
severe,1,2.2,3146,False,Proposed,service,1,aware,none,0.65,0.92,5,0.5905864494157069,1.4571336832339974,0.1659676835394215,1.496356662381354,22.511079260984573,0.4510727773953226,350,34,350,74.3007705723115,0.09714285714285714,0.4911499999877833,1.1019999999746233,2.3919920810107964,(gap/tau_g)^2+(speed/tau_v)^2+(lateral/tau_y)^2,False
severe,1,2.2,3147,False,Proposed,service,1,aware,none,0.65,0.92,5,0.5849767390984965,1.4543938481049585,0.16597135584561884,1.4917118318565201,22.57043828531885,0.4977919679845857,350,12,350,74.30415434474243,0.03428571428571429,0.48329999999907614,1.5272999999922376,2.376228925687778,(gap/tau_g)^2+(speed/tau_v)^2+(lateral/tau_y)^2,False
severe,1,2.2,3148,False,Proposed,service,1,aware,none,0.65,0.92,5,0.5941987270753012,1.4437000944639267,0.1658575772353988,1.5107508227900162,22.29262220730387,0.49049694772678665,350,41,350,74.32592650857214,0.11714285714285715,0.4559500000027583,0.9687000000155876,2.3788052221737597,(gap/tau_g)^2+(speed/tau_v)^2+(lateral/tau_y)^2,False
severe,1,2.2,3149,False,Proposed,service,1,aware,none,0.65,0.92,5,0.6130143676068388,1.4484151134754581,0.16564291729038277,1.5376172275116218,22.373117641803212,0.4881360584027533,350,43,350,74.35903435751868,0.12285714285714286,0.5404999999996107,1.1962000000096396,2.424364872386498,(gap/tau_g)^2+(speed/tau_v)^2+(lateral/tau_y)^2,False
severe,1,2.2,3150,False,Proposed,service,1,aware,none,0.65,0.92,5,0.6039905033130013,1.451074451501108,0.16555044852959605,1.4969481299698846,22.435722582782986,0.4998755646175266,350,24,350,74.38204951589144,0.06857142857142857,0.45064999999056,1.0334000000113974,2.4080095787896836,(gap/tau_g)^2+(speed/tau_v)^2+(lateral/tau_y)^2,False
severe,1,2.4,3101,False,Proposed,service,1,aware,none,0.65,0.92,5,0.6031164949410663,1.4925680904988774,0.16508614038844405,1.4556847889520699,28.00258141835367,0.449444480724572,350,14,350,74.47609240469419,0.04,0.4317999999869926,49.70980000001646,2.464613625221202,(gap/tau_g)^2+(speed/tau_v)^2+(lateral/tau_y)^2,False
severe,1,2.4,3102,False,Proposed,service,1,aware,none,0.65,0.92,5,0.6193576584504505,1.5052823226209906,0.16544052699140058,1.5315566894152446,28.043400705506983,0.4448625349545935,350,42,350,74.41041534108327,0.12,0.5077499999970314,1.4041000000020176,2.5222853118616912,(gap/tau_g)^2+(speed/tau_v)^2+(lateral/tau_y)^2,False
severe,1,2.4,3103,False,Proposed,service,1,aware,none,0.65,0.92,5,0.6242110199244026,1.4845159420849097,0.16547416008539578,1.5006335429063908,27.966384279358188,0.46449039193781017,350,34,350,74.39996607195975,0.09714285714285714,0.44680000000596465,1.0333999999829757,2.50161612297783,(gap/tau_g)^2+(speed/tau_v)^2+(lateral/tau_y)^2,False
severe,1,2.4,3104,False,Proposed,service,1,aware,none,0.65,0.92,5,0.6172447887960222,1.497254310481786,0.16552762626179707,1.52270068439697,27.932729938476584,0.4948029534732882,350,42,350,74.39088534693435,0.12,0.47589999999786414,1.3950000000022555,2.506062883597555,(gap/tau_g)^2+(speed/tau_v)^2+(lateral/tau_y)^2,False
severe,1,2.4,3105,False,Proposed,service,1,aware,none,0.65,0.92,5,0.6073531530966065,1.4849186808847512,0.1650251502569462,1.5272255145988274,27.849165861742627,0.4992992828393269,350,49,350,74.48664606399137,0.14,0.4369499999938853,0.6327999999768963,2.461606930396921,(gap/tau_g)^2+(speed/tau_v)^2+(lateral/tau_y)^2,False
severe,1,2.4,3106,False,Proposed,service,1,aware,none,0.65,0.92,5,0.6051478121733569,1.5031412948829495,0.16570610889492512,1.4639665326949014,27.950068426019243,0.4953694359811319,350,22,350,74.35737730535101,0.06285714285714286,0.4102500000016107,0.8913000000063676,2.4902642961327417,(gap/tau_g)^2+(speed/tau_v)^2+(lateral/tau_y)^2,False
severe,1,2.4,3107,False,Proposed,service,1,aware,none,0.65,0.92,5,0.6198968911097961,1.5065038464859675,0.16576574705684097,1.477272945529333,27.89625850833049,0.46569572775970336,350,61,350,74.34614055911153,0.1742857142857143,0.4962499999976444,2.4501000000043405,2.5280432036769853,(gap/tau_g)^2+(speed/tau_v)^2+(lateral/tau_y)^2,False
severe,1,2.4,3108,False,Proposed,service,1,aware,none,0.65,0.92,5,0.603453205610915,1.5072619946542116,0.16594021605807924,1.479000374987443,27.92338399934667,0.4951997458207167,350,16,350,74.31740269596398,0.045714285714285714,0.565749999992704,1.7847000000017488,2.4948933086370944,(gap/tau_g)^2+(speed/tau_v)^2+(lateral/tau_y)^2,False
severe,1,2.4,3109,False,Proposed,service,1,aware,none,0.65,0.92,5,0.6220916135421164,1.5047407740301422,0.16585331926618038,1.4407008800674914,27.96642049230975,0.49417859389643337,350,25,350,74.326979053648,0.07142857142857142,0.4634000000010019,1.470100000005914,2.5309064261866183,(gap/tau_g)^2+(speed/tau_v)^2+(lateral/tau_y)^2,False
severe,1,2.4,3110,False,Proposed,service,1,aware,none,0.65,0.92,5,0.6056349566358284,1.493887659949289,0.16439236699671628,1.5394570079748806,27.8506042864242,0.47873633727617604,350,65,350,74.60150844072561,0.18571428571428572,0.5355499999950553,1.1463999999818952,2.4663215710305932,(gap/tau_g)^2+(speed/tau_v)^2+(lateral/tau_y)^2,False
severe,1,2.4,3111,False,Proposed,service,1,aware,none,0.65,0.92,5,0.6017822098458709,1.5000286631467359,0.16550623532787695,1.453706853642406,27.94570159820111,0.4933335826257427,350,26,350,74.39543446841029,0.07428571428571429,0.5423500000034664,1.404500000006692,2.4766185989430296,(gap/tau_g)^2+(speed/tau_v)^2+(lateral/tau_y)^2,False
severe,1,2.4,3112,False,Proposed,service,1,aware,none,0.65,0.92,5,0.6203450717526335,1.4953688152430131,0.16494229355290355,1.4692459587515156,27.93402786518277,0.4957078083557287,350,33,350,74.4979662276147,0.09428571428571429,0.4234999999965794,1.2715000000014243,2.5051692644041426,(gap/tau_g)^2+(speed/tau_v)^2+(lateral/tau_y)^2,False
severe,1,2.4,3113,False,Proposed,service,1,aware,none,0.65,0.92,5,0.606712813401954,1.5033047571283076,0.16502596090381227,1.5112112455975213,27.71907204902415,0.49580060142560245,350,21,350,74.48222406449419,0.06,0.4500000000007276,1.1722000000133903,2.488263030429902,(gap/tau_g)^2+(speed/tau_v)^2+(lateral/tau_y)^2,False
severe,1,2.4,3114,False,Proposed,service,1,aware,none,0.65,0.92,5,0.6096650485698049,1.4941872901482074,0.1647565297046188,1.497203428465308,27.95860059876214,0.49741795890203067,350,29,350,74.53758807369881,0.08285714285714285,0.5588000000074089,1.2147999999854164,2.4784821075044032,(gap/tau_g)^2+(speed/tau_v)^2+(lateral/tau_y)^2,False
severe,1,2.4,3115,False,Proposed,service,1,aware,none,0.65,0.92,5,0.6173728452570706,1.4958184039624898,0.1651315047826357,1.5045853615979485,28.012613598281227,0.4979653750658234,350,27,350,74.46426571023541,0.07714285714285714,0.547549999978969,1.64179999998737,2.500876680887584,(gap/tau_g)^2+(speed/tau_v)^2+(lateral/tau_y)^2,False
severe,1,2.4,3116,False,Proposed,service,1,aware,none,0.65,0.92,5,0.6045319353343781,1.5069820803423604,0.16576693891046054,1.4493067731217986,27.810011543977126,0.46238657551733864,350,31,350,74.34633475766631,0.08857142857142856,0.4463500000042586,0.9938000000033753,2.49534250589202,(gap/tau_g)^2+(speed/tau_v)^2+(lateral/tau_y)^2,False
severe,1,2.4,3117,False,Proposed,service,1,aware,none,0.65,0.92,5,0.6044651877194402,1.4935039192816202,0.16512139997591863,1.4842468496843346,28.095663352378644,0.45510172397408566,350,28,350,74.46439610401383,0.08,0.4725500000120064,1.267200000000912,2.4692258303267685,(gap/tau_g)^2+(speed/tau_v)^2+(lateral/tau_y)^2,False
severe,1,2.4,3118,False,Proposed,service,1,aware,none,0.65,0.92,5,0.6138570406862301,1.4986602914613245,0.16531615417887,1.4846748643513579,27.89839677735732,0.49673566137098457,350,40,350,74.43032735491241,0.11428571428571428,0.537749999992343,2.747199999987515,2.4990483472937175,(gap/tau_g)^2+(speed/tau_v)^2+(lateral/tau_y)^2,False
severe,1,2.4,3119,False,Proposed,service,1,aware,none,0.65,0.92,5,0.6160020300581707,1.4926663174988937,0.16553268945583718,1.470901547788427,27.79490355028944,0.4958341774235002,350,24,350,74.39145329935384,0.06857142857142857,0.49640000000295004,1.1626000000148906,2.4963812723840424,(gap/tau_g)^2+(speed/tau_v)^2+(lateral/tau_y)^2,False
severe,1,2.4,3120,False,Proposed,service,1,aware,none,0.65,0.92,5,0.5989424626958423,1.4857008967201075,0.16468698685166602,1.4491789276655074,27.88825638480145,0.46910392622256103,350,29,350,74.54677377630917,0.08285714285714285,0.4528499999878477,1.4964000000077249,2.4419681192655585,(gap/tau_g)^2+(speed/tau_v)^2+(lateral/tau_y)^2,False
severe,1,2.4,3121,False,Proposed,service,1,aware,none,0.65,0.92,5,0.6157634637309752,1.5125116407069608,0.16612612474922536,1.5257441185352276,27.939580939452398,0.489231393435576,350,37,350,74.28004138388745,0.10571428571428572,0.4485999999985779,0.7951999999988857,2.5312072321007597,(gap/tau_g)^2+(speed/tau_v)^2+(lateral/tau_y)^2,False
severe,1,2.4,3122,False,Proposed,service,1,aware,none,0.65,0.92,5,0.6080423734963184,1.4997181024765367,0.16540732906968605,1.4688048141665508,28.042204633225865,0.4955218771829515,350,47,350,74.4181490651858,0.13428571428571429,0.5018499999920323,1.1911999999938416,2.488789410884598,(gap/tau_g)^2+(speed/tau_v)^2+(lateral/tau_y)^2,False
severe,1,2.4,3123,False,Proposed,service,1,aware,none,0.65,0.92,5,0.6064301324273141,1.502457965926525,0.16605307653483956,1.520139071305197,27.950378021702626,0.4957273645197715,350,37,350,74.29883712411704,0.10571428571428572,0.44609999999067895,0.9188999999878433,2.4948561854494695,(gap/tau_g)^2+(speed/tau_v)^2+(lateral/tau_y)^2,False
severe,1,2.4,3124,False,Proposed,service,1,aware,none,0.65,0.92,5,0.615644345218094,1.4872495473563834,0.16545984473727066,1.4462054847307113,28.143876985624736,0.4874641331368912,350,34,350,74.40758296200171,0.09714285714285714,0.4730499999965332,1.48809999998889,2.486759842490673,(gap/tau_g)^2+(speed/tau_v)^2+(lateral/tau_y)^2,False
severe,1,2.4,3125,False,Proposed,service,1,aware,none,0.65,0.92,5,0.5953938886606978,1.493646647334483,0.16508089731204637,1.501742124132579,28.020293150255142,0.48969371308276455,350,39,350,74.47189049228153,0.11142857142857143,0.45384999998532294,1.3908999999898697,2.449759172096301,(gap/tau_g)^2+(speed/tau_v)^2+(lateral/tau_y)^2,False
severe,1,2.4,3126,False,Proposed,service,1,aware,none,0.65,0.92,5,0.6173186207438773,1.4933958206713633,0.16481569519378925,1.595589951480535,27.87473415724004,0.35170006892289996,350,38,350,74.52289899426279,0.10857142857142857,0.40715000000091095,0.8550000000013824,2.4944579411565044,(gap/tau_g)^2+(speed/tau_v)^2+(lateral/tau_y)^2,False
severe,1,2.4,3127,False,Proposed,service,1,aware,none,0.65,0.92,5,0.6095436432674397,1.5038704708698634,0.1650487829630459,1.464895344354243,27.851926150715713,0.49724084190266715,350,26,350,74.48603454070172,0.07428571428571429,0.4406000000045651,0.6396999999935815,2.4954402301621474,(gap/tau_g)^2+(speed/tau_v)^2+(lateral/tau_y)^2,False
severe,1,2.4,3128,False,Proposed,service,1,aware,none,0.65,0.92,5,0.6034019995134084,1.5023724529213704,0.1646771153757771,1.4385250267175334,27.74227546654273,0.49803747219314076,350,15,350,74.54974318623026,0.04285714285714286,0.4193500000013728,1.1264999999980319,2.476835343330031,(gap/tau_g)^2+(speed/tau_v)^2+(lateral/tau_y)^2,False
severe,1,2.4,3129,False,Proposed,service,1,aware,none,0.65,0.92,5,0.6041933956338918,1.4954066127047283,0.1655247034946586,1.5299698259504475,28.05923852446928,0.49438073518223824,350,27,350,74.3929992930764,0.07714285714285714,0.4589500000093949,0.8755000000064683,2.4748771125480626,(gap/tau_g)^2+(speed/tau_v)^2+(lateral/tau_y)^2,False
severe,1,2.4,3130,False,Proposed,service,1,aware,none,0.65,0.92,5,0.6027366421794056,1.4990869835069476,0.16573308579948606,1.4752121122908788,27.888217383602566,0.4947661653061963,350,30,350,74.35082153800886,0.08571428571428572,0.4770999999976766,0.8798000000069806,2.4791000121051625,(gap/tau_g)^2+(speed/tau_v)^2+(lateral/tau_y)^2,False
severe,1,2.4,3131,False,Proposed,service,1,aware,none,0.65,0.92,5,0.6032294472670338,1.5145448695877195,0.16623221135931443,1.431097979159255,28.02495285645012,0.4911699243854062,350,41,350,74.25425391813091,0.11714285714285715,0.46304999999335905,2.1044000000074448,2.5080664053556707,(gap/tau_g)^2+(speed/tau_v)^2+(lateral/tau_y)^2,False
severe,1,2.4,3132,False,Proposed,service,1,aware,none,0.65,0.92,5,0.6097242698217051,1.4899967503779217,0.16483211389008667,1.5301726875394008,28.010466159496573,0.49267636134791215,350,37,350,74.52295655361404,0.10571428571428572,0.44270000000778964,1.1485999999933938,2.4728530032733884,(gap/tau_g)^2+(speed/tau_v)^2+(lateral/tau_y)^2,False
severe,1,2.4,3133,False,Proposed,service,1,aware,none,0.65,0.92,5,0.5997709431325087,1.5031221363815936,0.16475773180534634,1.5360222632480833,27.836285365052973,0.4905910957945341,350,12,350,74.53447604793294,0.03428571428571429,0.49889999999663814,1.2954999999976735,2.4708821305490263,(gap/tau_g)^2+(speed/tau_v)^2+(lateral/tau_y)^2,False
severe,1,2.4,3134,False,Proposed,service,1,aware,none,0.65,0.92,5,0.6051427328669715,1.5118042884355798,0.1654625348529822,1.474172520129552,28.01863739503888,0.4713893992720467,350,40,350,74.4005739212377,0.11428571428571428,0.526699999994662,1.3177999999811618,2.5015625071418652,(gap/tau_g)^2+(speed/tau_v)^2+(lateral/tau_y)^2,False
severe,1,2.4,3135,False,Proposed,service,1,aware,none,0.65,0.92,5,0.6017359672060231,1.504521642003403,0.16591214039983765,1.4603505112024608,27.99971117839064,0.4939736655762912,350,15,350,74.32342376829784,0.04285714285714286,0.49939999999537577,1.0448999999823627,2.4867702080260194,(gap/tau_g)^2+(speed/tau_v)^2+(lateral/tau_y)^2,False
severe,1,2.4,3136,False,Proposed,service,1,aware,none,0.65,0.92,5,0.6080024303765555,1.4994758999137854,0.16472810548035782,1.4898188575148712,28.01255926506328,0.4968821655754405,350,23,350,74.54056635424872,0.06571428571428571,0.4554000000069891,1.4040000000079544,2.4827265465749457,(gap/tau_g)^2+(speed/tau_v)^2+(lateral/tau_y)^2,False
severe,1,2.4,3137,False,Proposed,service,1,aware,none,0.65,0.92,5,0.6045523948283145,1.5044881087744801,0.16552897326422314,1.4811414375834442,27.91873772917281,0.48614063157153853,350,27,350,74.39208057149116,0.07714285714285714,0.7134500000063326,1.3224999999863485,2.4895836586014286,(gap/tau_g)^2+(speed/tau_v)^2+(lateral/tau_y)^2,False
severe,1,2.4,3138,False,Proposed,service,1,aware,none,0.65,0.92,5,0.6066363728883076,1.5061676105708697,0.1655591279200403,1.4475762334243196,27.868780579317708,0.4953216374050543,350,17,350,74.38786858808638,0.04857142857142857,0.48080000000538803,1.2797999999918375,2.4969003241410155,(gap/tau_g)^2+(speed/tau_v)^2+(lateral/tau_y)^2,False
severe,1,2.4,3139,False,Proposed,service,1,aware,none,0.65,0.92,5,0.6119809004015254,1.484060222855261,0.1647416900930187,1.4881459426730645,27.84329754816858,0.4990497650910961,350,21,350,74.53733741324717,0.06,0.44875000000388354,1.4146999999979926,2.4680012477496485,(gap/tau_g)^2+(speed/tau_v)^2+(lateral/tau_y)^2,False
severe,1,2.4,3140,False,Proposed,service,1,aware,none,0.65,0.92,5,0.6044528699994589,1.4900199843944182,0.16462934549014394,1.4610307570471375,27.762570232704583,0.4875360921909546,350,18,350,74.56181267881642,0.05142857142857143,0.475900000012075,0.8666999999888958,2.45983970705336,(gap/tau_g)^2+(speed/tau_v)^2+(lateral/tau_y)^2,False
severe,1,2.4,3141,False,Proposed,service,1,aware,none,0.65,0.92,5,0.609816066844579,1.5077881471735044,0.16571483879042778,1.44950524111531,27.864275605918408,0.49394592261635706,350,23,350,74.35704700890237,0.06571428571428571,0.45800000000895125,1.1557999999922686,2.5075581992136624,(gap/tau_g)^2+(speed/tau_v)^2+(lateral/tau_y)^2,False
severe,1,2.4,3142,False,Proposed,service,1,aware,none,0.65,0.92,5,0.6059890281044725,1.4914312010494952,0.16535666852322953,1.4780228287634098,27.973762909701243,0.49270566241468805,350,35,350,74.4204963973873,0.1,0.46714999999153406,0.9001999999895816,2.4712921915251744,(gap/tau_g)^2+(speed/tau_v)^2+(lateral/tau_y)^2,False
severe,1,2.4,3143,False,Proposed,service,1,aware,none,0.65,0.92,5,0.6024594258978705,1.486756120627444,0.16507200754506568,1.4867248402553304,28.15395519287135,0.49628765070359415,350,34,350,74.4711661185433,0.09714285714285714,0.49949999998943895,1.3407999999799358,2.4542541502075492,(gap/tau_g)^2+(speed/tau_v)^2+(lateral/tau_y)^2,False
severe,1,2.4,3144,False,Proposed,service,1,aware,none,0.65,0.92,5,0.6094411150369776,1.4984443275717727,0.16552697293366853,1.4838143411660316,28.135968657569975,0.4957429872471567,350,30,350,74.38994537591576,0.08571428571428572,0.5095999999866763,0.909800000016503,2.4908582633915843,(gap/tau_g)^2+(speed/tau_v)^2+(lateral/tau_y)^2,False
severe,1,2.4,3145,False,Proposed,service,1,aware,none,0.65,0.92,5,0.613828538951623,1.516337295529852,0.16565573189811764,1.486265119115818,27.85334691482855,0.49358578370126693,350,28,350,74.36767512330022,0.08,0.46469999999487754,1.2347999999917647,2.5289878080392043,(gap/tau_g)^2+(speed/tau_v)^2+(lateral/tau_y)^2,False
severe,1,2.4,3146,False,Proposed,service,1,aware,none,0.65,0.92,5,0.5978961810507613,1.5048744344863703,0.1653512448013753,1.463091679598946,27.922570985027825,0.4547504125249453,350,34,350,74.42116347193966,0.09714285714285714,0.4598499999985961,7.467700000006516,2.474477750674308,(gap/tau_g)^2+(speed/tau_v)^2+(lateral/tau_y)^2,False
severe,1,2.4,3147,False,Proposed,service,1,aware,none,0.65,0.92,5,0.5933029347002683,1.504293725186848,0.16532733969584068,1.4599737210855352,28.096402339998996,0.4977919679845857,350,11,350,74.42446936934192,0.03142857142857143,0.45085000000710806,0.8664000000067063,2.4636615113637435,(gap/tau_g)^2+(speed/tau_v)^2+(lateral/tau_y)^2,False
severe,1,2.4,3148,False,Proposed,service,1,aware,none,0.65,0.92,5,0.6019978164189078,1.4909779862840367,0.16523645678836157,1.479002442577161,27.610731865909422,0.49655288552149957,350,41,350,74.44703162918988,0.11714285714285715,0.4585999999875412,1.2016000000016902,2.4610377782023556,(gap/tau_g)^2+(speed/tau_v)^2+(lateral/tau_y)^2,False
severe,1,2.4,3149,False,Proposed,service,1,aware,none,0.65,0.92,5,0.6164794848396824,1.4988042503406072,0.1650395830315908,1.4975621534275767,27.85094755948358,0.4923172369670701,350,36,350,74.47767408309497,0.10285714285714286,0.4722000000043636,0.895900000017491,2.5027203147994004,(gap/tau_g)^2+(speed/tau_v)^2+(lateral/tau_y)^2,False
severe,1,2.4,3150,False,Proposed,service,1,aware,none,0.65,0.92,5,0.6115422436316774,1.4986202272835607,0.16494581232428085,1.4637089695387244,27.83757669823055,0.4998755646175266,350,24,350,74.49991196186888,0.06857142857142857,0.4792499999979327,1.2406000000169115,2.490886577713733,(gap/tau_g)^2+(speed/tau_v)^2+(lateral/tau_y)^2,False
severe,1,2.6,3101,False,Proposed,service,1,aware,none,0.65,0.92,5,0.6066316605377639,1.5341871016645408,0.16448510709596625,1.4261989075879453,33.43357434000994,0.45312103279685856,350,14,350,74.59348254960537,0.04,0.4313499999994974,0.8182000000260814,2.5314921737992866,(gap/tau_g)^2+(speed/tau_v)^2+(lateral/tau_y)^2,False
severe,1,2.6,3102,False,Proposed,service,1,aware,none,0.65,0.92,5,0.6253619473481611,1.5457858717503417,0.1648311127251433,1.4965873682044437,33.328380421273835,0.447557192371717,350,40,350,74.52913298155609,0.11428571428571428,0.4385499999983722,0.8827999999994063,2.5935905617694557,(gap/tau_g)^2+(speed/tau_v)^2+(lateral/tau_y)^2,False
severe,1,2.6,3103,False,Proposed,service,1,aware,none,0.65,0.92,5,0.6282955977658208,1.5277643154976448,0.1648689680963195,1.469800554754406,33.424361721832085,0.46692335807233254,350,33,350,74.51831336731622,0.09428571428571429,0.690400000010527,2.050400000001673,2.57218059888821,(gap/tau_g)^2+(speed/tau_v)^2+(lateral/tau_y)^2,False
severe,1,2.6,3104,False,Proposed,service,1,aware,none,0.65,0.92,5,0.61949877979481,1.5404107784358527,0.16491892931276783,1.493040231757988,33.36049527020641,0.48248986717088604,350,41,350,74.50984572699369,0.11714285714285715,0.4619999999988522,1.2296999999819036,2.5728752385010045,(gap/tau_g)^2+(speed/tau_v)^2+(lateral/tau_y)^2,False
severe,1,2.6,3105,False,Proposed,service,1,aware,none,0.65,0.92,5,0.6073814302384644,1.529121259824171,0.16443395697243204,1.484754525313408,33.367442090479734,0.4992992828393269,350,48,350,74.60267267712078,0.13714285714285715,0.5134499999996933,0.9745999999779542,2.5247722874315612,(gap/tau_g)^2+(speed/tau_v)^2+(lateral/tau_y)^2,False
severe,1,2.6,3106,False,Proposed,service,1,aware,none,0.65,0.92,5,0.6089198184017206,1.545712455800284,0.1650889269216924,1.4342680917268829,33.3337478140291,0.4953694359811319,350,22,350,74.47783809438047,0.06285714285714286,0.5633999999901107,1.3447999999982585,2.559522601660274,(gap/tau_g)^2+(speed/tau_v)^2+(lateral/tau_y)^2,False
severe,1,2.6,3107,False,Proposed,service,1,aware,none,0.65,0.92,5,0.6237679946246746,1.5506346744773936,0.16515402452382996,1.4445103246422522,33.348514484311664,0.4681564611578851,350,48,350,74.46556905729055,0.13714285714285715,0.46025000000327054,2.2605000000055497,2.6003749820253974,(gap/tau_g)^2+(speed/tau_v)^2+(lateral/tau_y)^2,False
severe,1,2.6,3108,False,Proposed,service,1,aware,none,0.65,0.92,5,0.6053397031408354,1.549254391208374,0.1653203278197002,1.4332732583808072,33.37622633722575,0.4951997458207167,350,14,350,74.43822356074087,0.04,0.43470000001377684,1.1762999999973545,2.5592986357747876,(gap/tau_g)^2+(speed/tau_v)^2+(lateral/tau_y)^2,False
severe,1,2.6,3109,False,Proposed,service,1,aware,none,0.65,0.92,5,0.6264480552229231,1.546944422758222,0.16524049697066379,1.4076268849675309,33.338506332635745,0.49417859389643337,350,27,350,74.44777769113654,0.07714285714285714,0.41404999998917447,0.8648999999820717,2.6012138876057076,(gap/tau_g)^2+(speed/tau_v)^2+(lateral/tau_y)^2,False
severe,1,2.6,3110,False,Proposed,service,1,aware,none,0.65,0.92,5,0.6083997453698939,1.5348105487731871,0.1638063721488336,1.5085913925163743,33.2241653755805,0.48311021939664456,350,64,350,74.71637252856188,0.18285714285714286,0.5865499999941903,1.7488999999955013,2.530716966172534,(gap/tau_g)^2+(speed/tau_v)^2+(lateral/tau_y)^2,False
severe,1,2.6,3111,False,Proposed,service,1,aware,none,0.65,0.92,5,0.6054752459424232,1.5422507605738194,0.16489583739028044,1.4235126584791418,33.287913389264354,0.4964567137754131,350,26,350,74.5145659869375,0.07428571428571429,0.5711999999959971,1.6361000000131298,2.5450392433088203,(gap/tau_g)^2+(speed/tau_v)^2+(lateral/tau_y)^2,False
severe,1,2.6,3112,False,Proposed,service,1,aware,none,0.65,0.92,5,0.6267397973390529,1.5368239665274464,0.16436447261141707,1.4518426526545507,33.45664944015355,0.49808396968089097,350,36,350,74.61156457375708,0.10285714285714286,0.4320499999863614,1.1651000000085787,2.578722275102681,(gap/tau_g)^2+(speed/tau_v)^2+(lateral/tau_y)^2,False
severe,1,2.6,3113,False,Proposed,service,1,aware,none,0.65,0.92,5,0.6108263099793215,1.5447402549817337,0.1644301449845093,1.4818011338891206,33.07520705409944,0.49869041473256703,350,21,350,74.59894505097844,0.06,0.5177500000002055,1.3275999999962096,2.5566967503890545,(gap/tau_g)^2+(speed/tau_v)^2+(lateral/tau_y)^2,False
severe,1,2.6,3114,False,Proposed,service,1,aware,none,0.65,0.92,5,0.6130548928439888,1.5351940953954062,0.16416452841142273,1.4655012774691893,33.36299163014964,0.49857031526181284,350,25,350,74.65328950750072,0.07142857142857142,0.45574999998621024,1.9976999999755662,2.54436288308444,(gap/tau_g)^2+(speed/tau_v)^2+(lateral/tau_y)^2,False
severe,1,2.6,3115,False,Proposed,service,1,aware,none,0.65,0.92,5,0.6210678056060802,1.5373960775456754,0.1645320555483699,1.4756979630635847,33.38737142773648,0.4983425252785161,350,28,350,74.58152682933526,0.08,0.45440000000951386,1.432199999982231,2.568415236777476,(gap/tau_g)^2+(speed/tau_v)^2+(lateral/tau_y)^2,False
severe,1,2.6,3116,False,Proposed,service,1,aware,none,0.65,0.92,5,0.6084576095620335,1.5494830425890476,0.1651487437315452,1.4202283798556965,33.22582880388644,0.46714354641972855,350,31,350,74.46690959700521,0.08857142857142856,0.46474999999190914,1.377500000018017,2.564970561557996,(gap/tau_g)^2+(speed/tau_v)^2+(lateral/tau_y)^2,False
severe,1,2.6,3117,False,Proposed,service,1,aware,none,0.65,0.92,5,0.6070384113547108,1.5334846144416194,0.1645201338244214,1.450796422732406,33.56971074529919,0.4579344685563318,350,30,350,74.58259700793475,0.08571428571428572,0.4474499999815862,0.8170000000120581,2.5315584034168763,(gap/tau_g)^2+(speed/tau_v)^2+(lateral/tau_y)^2,False
severe,1,2.6,3118,False,Proposed,service,1,aware,none,0.65,0.92,5,0.6173168379543936,1.5409027082843219,0.16471066795330255,1.4532895778744885,33.401182051730075,0.49673566137098457,350,40,350,74.54867223559195,0.11428571428571428,0.504499999991026,1.1841000000174517,2.567134755758939,(gap/tau_g)^2+(speed/tau_v)^2+(lateral/tau_y)^2,False
severe,1,2.6,3119,False,Proposed,service,1,aware,none,0.65,0.92,5,0.6232698753617774,1.5341855613056077,0.16492561985620552,1.4446609832491994,33.345294529731504,0.4977211797179445,350,24,350,74.50992171434422,0.06857142857142857,0.46439999999847714,1.8886000000009062,2.571496820361795,(gap/tau_g)^2+(speed/tau_v)^2+(lateral/tau_y)^2,False
severe,1,2.6,3120,False,Proposed,service,1,aware,none,0.65,0.92,5,0.6023644155413761,1.5264819107908678,0.16410531043872487,1.4213081971723263,33.25210719359199,0.4717646175881829,350,28,350,74.66087548145818,0.08,0.44959999999605316,1.0843000000022585,2.5071683703746572,(gap/tau_g)^2+(speed/tau_v)^2+(lateral/tau_y)^2,False
severe,1,2.6,3121,False,Proposed,service,1,aware,none,0.65,0.92,5,0.6198405498309171,1.5556920174103854,0.16549856924682638,1.4944687808474468,33.3262245193875,0.49256275861630405,350,37,350,74.40238723320373,0.10571428571428572,0.4530499999901849,1.0970000000156688,2.602555251360181,(gap/tau_g)^2+(speed/tau_v)^2+(lateral/tau_y)^2,False
severe,1,2.6,3122,False,Proposed,service,1,aware,none,0.65,0.92,5,0.6132450542108472,1.542156325793927,0.16480726854685424,1.436367613308059,33.437090506128285,0.4955218771829515,350,49,350,74.5349641749244,0.14,0.4442999999980657,0.9474000000011529,2.5609947722283417,(gap/tau_g)^2+(speed/tau_v)^2+(lateral/tau_y)^2,False
severe,1,2.6,3123,False,Proposed,service,1,aware,none,0.65,0.92,5,0.6110406891399867,1.5453560368916983,0.16542966423248415,1.488258512275223,33.39893096215464,0.4957273645197715,350,34,350,74.42020822325715,0.09714285714285714,0.4436000000112017,1.3117000000022472,2.5663757865116628,(gap/tau_g)^2+(speed/tau_v)^2+(lateral/tau_y)^2,False
severe,1,2.6,3124,False,Proposed,service,1,aware,none,0.65,0.92,5,0.6203347813933878,1.5297817479623936,0.16484994534947545,1.4192440062877072,33.47239470553089,0.49342626431602754,350,40,350,74.52660914377033,0.11428571428571428,0.446199999998953,1.8167000000062217,2.5574996146253275,(gap/tau_g)^2+(speed/tau_v)^2+(lateral/tau_y)^2,False
severe,1,2.6,3125,False,Proposed,service,1,aware,none,0.65,0.92,5,0.5994114488523159,1.5349094193755006,0.16448272249427,1.471184804548884,33.37248967200976,0.4908948602242612,350,38,350,74.58915159126204,0.10857142857142857,0.4617499999994834,1.0287000000062108,2.517122927600989,(gap/tau_g)^2+(speed/tau_v)^2+(lateral/tau_y)^2,False
severe,1,2.6,3126,False,Proposed,service,1,aware,none,0.65,0.92,5,0.6113298504282123,1.5369396032316534,0.1642237511193227,1.4481589570789268,33.24541631795385,0.45521840516818324,350,24,350,74.63834549995919,0.06857142857142857,0.5105500000013308,1.1524999999892316,2.5438301473893388,(gap/tau_g)^2+(speed/tau_v)^2+(lateral/tau_y)^2,False
severe,1,2.6,3127,False,Proposed,service,1,aware,none,0.65,0.92,5,0.613719807702031,1.545254756955379,0.164447858927893,1.4359729152171041,33.29294507613181,0.49724084190266715,350,26,350,74.60311548220291,0.07428571428571429,0.5011000000081367,1.5140000000144482,2.563952580621489,(gap/tau_g)^2+(speed/tau_v)^2+(lateral/tau_y)^2,False
severe,1,2.6,3128,False,Proposed,service,1,aware,none,0.65,0.92,5,0.6069724426266531,1.5434440863442034,0.16408339824659962,1.4097897690094858,33.14139788202203,0.4980958640893719,350,15,350,74.66602109473197,0.04285714285714286,0.4238499999900114,0.9536000000025524,2.543463197949957,(gap/tau_g)^2+(speed/tau_v)^2+(lateral/tau_y)^2,False
severe,1,2.6,3129,False,Proposed,service,1,aware,none,0.65,0.92,5,0.6079474473740888,1.5375386238970474,0.1649116122596311,1.5006780355311689,33.513841687740076,0.4958303808650488,350,27,350,74.5126772266038,0.07714285714285714,0.4701000000153499,1.3367999999900348,2.543098052980262,(gap/tau_g)^2+(speed/tau_v)^2+(lateral/tau_y)^2,False
severe,1,2.6,3130,False,Proposed,service,1,aware,none,0.65,0.92,5,0.606961780900709,1.5412542803279645,0.16511567847390884,1.4426245279328873,33.41359054619821,0.4947661653061963,350,31,350,74.47161012920009,0.08857142857142856,0.4463500000042586,1.4903000000003885,2.5484894582860935,(gap/tau_g)^2+(speed/tau_v)^2+(lateral/tau_y)^2,False
severe,1,2.6,3131,False,Proposed,service,1,aware,none,0.65,0.92,5,0.6078842918906344,1.5568487624116436,0.16559254733646012,1.3939107728959252,33.33243767800362,0.4911699243854062,350,40,350,74.37922925300842,0.11428571428571428,0.47454999999274605,1.1902999999904296,2.5790740901479694,(gap/tau_g)^2+(speed/tau_v)^2+(lateral/tau_y)^2,False
severe,1,2.6,3132,False,Proposed,service,1,aware,none,0.65,0.92,5,0.612144026521709,1.532336115994575,0.16424125761836783,1.4997689136706889,33.37380682494062,0.4959472354817759,350,38,350,74.6385440973391,0.10857142857142857,0.4871499999836715,1.8293999999912103,2.53853592679312,(gap/tau_g)^2+(speed/tau_v)^2+(lateral/tau_y)^2,False
severe,1,2.6,3133,False,Proposed,service,1,aware,none,0.65,0.92,5,0.6035083454236204,1.5437890143620734,0.16416859939392114,1.5052359631344678,33.26822757271924,0.49471719256238167,350,12,350,74.6498898803182,0.03428571428571429,0.6189000000063061,1.3583999999866592,2.5372510679041107,(gap/tau_g)^2+(speed/tau_v)^2+(lateral/tau_y)^2,False
severe,1,2.6,3134,False,Proposed,service,1,aware,none,0.65,0.92,5,0.6206730111234475,1.5493219062403967,0.16486698252356558,1.4582884740461728,33.419690780163144,0.458138501984802,350,45,350,74.51878654427323,0.12857142857142856,0.45674999999789634,2.3040000000094096,2.5890832922922287,(gap/tau_g)^2+(speed/tau_v)^2+(lateral/tau_y)^2,False
severe,1,2.6,3135,False,Proposed,service,1,aware,none,0.65,0.92,5,0.6112017320463732,1.5438053025894825,0.1652961916395623,1.426011470897789,33.42543568614263,0.4939736655762912,350,17,350,74.44412426528199,0.04857142857142857,0.5337000000054104,1.7603999999948883,2.5631780251872716,(gap/tau_g)^2+(speed/tau_v)^2+(lateral/tau_y)^2,False
severe,1,2.6,3136,False,Proposed,service,1,aware,none,0.65,0.92,5,0.6116660229113922,1.5407728718800164,0.16413917885378013,1.4604940134555788,33.315001841199624,0.49973057014654343,350,23,350,74.65587210929007,0.06571428571428571,0.46679999999810207,1.6439999999988686,2.549886032734587,(gap/tau_g)^2+(speed/tau_v)^2+(lateral/tau_y)^2,False
severe,1,2.6,3137,False,Proposed,service,1,aware,none,0.65,0.92,5,0.6095541407328283,1.5454970814799598,0.16491708739375668,1.4558676719614068,33.389886150098015,0.4892575660246178,350,27,350,74.51203511123036,0.07714285714285714,0.4649500000084572,1.2013000000195007,2.5591392763622878,(gap/tau_g)^2+(speed/tau_v)^2+(lateral/tau_y)^2,False
severe,1,2.6,3138,False,Proposed,service,1,aware,none,0.65,0.92,5,0.6103972452252686,1.5485067043274456,0.16494261813379846,1.4179346233174273,33.392150868826164,0.4953216374050543,350,17,350,74.50805500094069,0.04857142857142857,0.4705000000058135,1.2791999999990367,2.5659292529736484,(gap/tau_g)^2+(speed/tau_v)^2+(lateral/tau_y)^2,False
severe,1,2.6,3139,False,Proposed,service,1,aware,none,0.65,0.92,5,0.6156959267678718,1.525229392093302,0.16415100692260332,1.460305712694079,33.261714867206734,0.4990497650910961,350,21,350,74.65299898580022,0.06,0.4859000000010383,1.9246999999893433,2.5344618040914018,(gap/tau_g)^2+(speed/tau_v)^2+(lateral/tau_y)^2,False
severe,1,2.6,3140,False,Proposed,service,1,aware,none,0.65,0.92,5,0.6080094141214394,1.5312056407878984,0.16404497884980632,1.4285555948998363,33.12095469443512,0.4910586816157104,350,17,350,74.67578102606689,0.04857142857142857,0.4978999999991629,0.8492999999987205,2.5261894252214017,(gap/tau_g)^2+(speed/tau_v)^2+(lateral/tau_y)^2,False
severe,1,2.6,3141,False,Proposed,service,1,aware,none,0.65,0.92,5,0.6135466435967379,1.5505785646864692,0.16509530203177258,1.4213017225417457,33.306068479244836,0.49394592261635706,350,23,350,74.47793317182467,0.06571428571428571,0.5105500000013308,0.9204000000124779,2.577317771630894,(gap/tau_g)^2+(speed/tau_v)^2+(lateral/tau_y)^2,False
severe,1,2.6,3142,False,Proposed,service,1,aware,none,0.65,0.92,5,0.6102270327754692,1.533041842725119,0.16475263172135485,1.4491611213731694,33.41077960746084,0.49620118771699684,350,35,350,74.53875259864267,0.1,0.44314999998107396,2.2849000000064734,2.5396798079570386,(gap/tau_g)^2+(speed/tau_v)^2+(lateral/tau_y)^2,False
severe,1,2.6,3143,False,Proposed,service,1,aware,none,0.65,0.92,5,0.6079312614151093,1.527481142600406,0.16446789671521247,1.4602507722376183,33.52602499626288,0.49691199118955576,350,34,350,74.58972945431765,0.09714285714285714,0.4453499999925725,0.9517000000016651,2.523681551445163,(gap/tau_g)^2+(speed/tau_v)^2+(lateral/tau_y)^2,False
severe,1,2.6,3144,False,Proposed,service,1,aware,none,0.65,0.92,5,0.6132598752039795,1.5408263680636194,0.16491384610774404,1.4532441752055747,33.18359834139177,0.4957429872471567,350,30,350,74.50981034473641,0.08571428571428572,0.5428999999850248,1.3307000000111202,2.559813653032,(gap/tau_g)^2+(speed/tau_v)^2+(lateral/tau_y)^2,False
severe,1,2.6,3145,False,Proposed,service,1,aware,none,0.65,0.92,5,0.6089250068197714,1.5606631819814651,0.16504210315789442,1.4541511303447194,33.242719790006944,0.49358578370126693,350,25,350,74.4891458709768,0.07142857142857142,0.43080000001793906,0.8215000000006967,2.582842575028925,(gap/tau_g)^2+(speed/tau_v)^2+(lateral/tau_y)^2,False
severe,1,2.6,3146,False,Proposed,service,1,aware,none,0.65,0.92,5,0.6016203672840308,1.5469913466813963,0.16474586563729002,1.4332214991655514,33.3006115386049,0.45831131568303596,350,33,350,74.53934154549883,0.09428571428571429,0.4710000000045511,2.377300000006244,2.543002797526256,(gap/tau_g)^2+(speed/tau_v)^2+(lateral/tau_y)^2,False
severe,1,2.6,3147,False,Proposed,service,1,aware,none,0.65,0.92,5,0.5968131784195954,1.5458058339326917,0.16472451827525067,1.4314042482304847,33.41226341209989,0.4977919679845857,350,11,350,74.5426011177013,0.03142857142857143,0.44984999999542197,0.9603000000026896,2.5307143262653633,(gap/tau_g)^2+(speed/tau_v)^2+(lateral/tau_y)^2,False
severe,1,2.6,3148,False,Proposed,service,1,aware,none,0.65,0.92,5,0.6060407429904842,1.5325605200068324,0.16462906741180391,1.4504235655720426,32.986339850955616,0.4965724233478914,350,41,350,74.56585268956852,0.11714285714285715,0.44880000000091513,1.0560999999995602,2.5288576627037482,(gap/tau_g)^2+(speed/tau_v)^2+(lateral/tau_y)^2,False
severe,1,2.6,3149,False,Proposed,service,1,aware,none,0.65,0.92,5,0.6247030742977232,1.5391975468558816,0.16444800557067202,1.4703568425963967,33.29563403080488,0.490135013109829,350,37,350,74.5938735252186,0.10571428571428572,0.5276499999951056,1.9898999999838907,2.578602760430691,(gap/tau_g)^2+(speed/tau_v)^2+(lateral/tau_y)^2,False
severe,1,2.6,3150,False,Proposed,service,1,aware,none,0.65,0.92,5,0.615298130992386,1.540238589535084,0.16435437151969898,1.4337810614998048,33.308235402158516,0.4998755646175266,350,24,350,74.61562964942921,0.06857142857142857,0.5725000000040836,1.1738000000036664,2.5587360125124583,(gap/tau_g)^2+(speed/tau_v)^2+(lateral/tau_y)^2,False
severe,2,1.8,3101,True,Proposed,service,2,aware,none,0.65,0.92,5,0.574874353039172,1.3219229062512794,0.16695557715242304,1.5957736065457038,11.470981504655775,0.4376822986437767,700,51,700,148.22451116074672,0.07285714285714286,0.446300000007227,1.4542000000119515,2.1759465615130487,(gap/tau_g)^2+(speed/tau_v)^2+(lateral/tau_y)^2,False
severe,2,1.8,3102,True,Proposed,service,2,aware,none,0.65,0.92,5,0.5946300809842989,1.3325839357377323,0.16734722607183045,1.6744720244454565,11.699988748292988,0.43604012060260133,700,87,700,148.07491349737123,0.12428571428571429,0.4570499999800859,1.3490000000047075,2.2347329650902275,(gap/tau_g)^2+(speed/tau_v)^2+(lateral/tau_y)^2,False
severe,2,1.8,3103,True,Proposed,service,2,aware,none,0.65,0.92,5,0.5913224853081829,1.3167758084882284,0.16731160045131308,1.7213127720108479,11.57227797211818,0.3796482934629628,700,108,700,148.06449398678808,0.15428571428571428,0.4407999999926915,0.9755999999754295,2.2060932322011766,(gap/tau_g)^2+(speed/tau_v)^2+(lateral/tau_y)^2,False
severe,2,1.8,3104,True,Proposed,service,2,aware,none,0.65,0.92,5,0.5960314395115727,1.3203569020641452,0.16743930990143377,1.670703866873884,11.721852450557385,0.4472680724732153,700,61,700,148.0388222010831,0.08714285714285715,0.4433999999946536,1.1927000000184762,2.2219201812486737,(gap/tau_g)^2+(speed/tau_v)^2+(lateral/tau_y)^2,False
severe,2,1.8,3105,True,Proposed,service,2,aware,none,0.65,0.92,5,0.5731915399235341,1.3172276733083057,0.16688535656745174,1.6666287955289267,11.646904999055522,0.4769611277228023,700,65,700,148.2502269073351,0.09285714285714286,0.44064999998738585,0.9281999999757318,2.1656037106507506,(gap/tau_g)^2+(speed/tau_v)^2+(lateral/tau_y)^2,False
severe,2,1.8,3106,True,Proposed,service,2,aware,none,0.65,0.92,5,0.5688453244411954,1.331510292607623,0.16764290269218002,1.5883161621389204,11.480161397973731,0.4734190935279393,700,67,700,147.96519979351248,0.09571428571428571,0.5271999999933996,1.1336000000028434,2.182416644970321,(gap/tau_g)^2+(speed/tau_v)^2+(lateral/tau_y)^2,False
severe,2,1.8,3107,True,Proposed,service,2,aware,none,0.65,0.92,5,0.5923323325326879,1.3342766022973116,0.1676475333317479,1.663516436292724,11.705411404106435,0.4582924262573792,700,111,700,147.9463543896373,0.15857142857142856,0.5754499999852669,1.769199999984039,2.2347025078686107,(gap/tau_g)^2+(speed/tau_v)^2+(lateral/tau_y)^2,False
severe,2,1.8,3108,True,Proposed,service,2,aware,none,0.65,0.92,5,0.5802460623336424,1.3306859865206049,0.1678472174890627,1.6093540619055728,11.565201233150354,0.4916112827194242,700,77,700,147.88522960029786,0.11,0.4483999999962407,1.5297999999859258,2.206300419563079,(gap/tau_g)^2+(speed/tau_v)^2+(lateral/tau_y)^2,False
severe,2,1.8,3109,True,Proposed,service,2,aware,none,0.65,0.92,5,0.5954221810714357,1.324699386647295,0.1677978203531675,1.5895369495768894,11.656941564643425,0.483451279880142,700,50,700,147.8993375352909,0.07142857142857142,0.508249999995769,1.4022999999951935,2.229494600436132,(gap/tau_g)^2+(speed/tau_v)^2+(lateral/tau_y)^2,False
severe,2,1.8,3110,True,Proposed,service,2,aware,none,0.65,0.92,5,0.5840109387354887,1.322949086590305,0.16610244067719782,1.6956681936897244,11.994298574383343,0.45369668213568726,700,135,700,148.5144945933086,0.19285714285714287,0.48189999999692645,1.3136999999971977,2.189051279859535,(gap/tau_g)^2+(speed/tau_v)^2+(lateral/tau_y)^2,False
severe,2,1.8,3111,True,Proposed,service,2,aware,none,0.65,0.92,5,0.5641943870315353,1.331041479598283,0.16743293459493364,1.5794773224450676,11.657614797576883,0.4814980499774255,700,51,700,148.0513686782024,0.07285714285714286,0.4535500000031334,0.9267000000079406,2.1706525576520725,(gap/tau_g)^2+(speed/tau_v)^2+(lateral/tau_y)^2,False
severe,2,1.8,3112,True,Proposed,service,2,aware,none,0.65,0.92,5,0.5985141382306493,1.3185549523006266,0.1668060656069997,1.6093276112352832,11.644005236317128,0.4731915181314573,700,96,700,148.27134150771863,0.13714285714285715,0.44974999998714793,1.0479000000032102,2.219474941039546,(gap/tau_g)^2+(speed/tau_v)^2+(lateral/tau_y)^2,False
severe,2,1.8,3113,True,Proposed,service,2,aware,none,0.65,0.92,5,0.5786578744353807,1.3342825451149316,0.16687757603808476,1.6418780012024736,11.553108989433156,0.4607113905376006,700,42,700,148.23609477640628,0.06,0.45324999999252213,1.3962000000162789,2.1998044029559627,(gap/tau_g)^2+(speed/tau_v)^2+(lateral/tau_y)^2,False
severe,2,1.8,3114,True,Proposed,service,2,aware,none,0.65,0.92,5,0.5764025314187636,1.3263858609071242,0.16663079558432078,1.6361686528511399,11.601498939179166,0.48685188144733427,700,69,700,148.34867848174733,0.09857142857142857,0.47779999999875145,1.2043000000119264,2.1823959845600998,(gap/tau_g)^2+(speed/tau_v)^2+(lateral/tau_y)^2,False
severe,2,1.8,3115,True,Proposed,service,2,aware,none,0.65,0.92,5,0.5778649989801865,1.3303313464908113,0.1669826159712804,1.6200955601922804,11.485452900670822,0.4799618759224572,700,60,700,148.20472145708942,0.08571428571428572,0.4737500000118189,1.890000000003056,2.193679292869877,(gap/tau_g)^2+(speed/tau_v)^2+(lateral/tau_y)^2,False
severe,2,1.8,3116,True,Proposed,service,2,aware,none,0.65,0.92,5,0.5672671236030955,1.3375742965923925,0.1676855967626483,1.5790145240238953,11.255349799229805,0.4742538029834116,700,42,700,147.94466723456992,0.06,0.4538000000025022,1.1057000000107564,2.187844804988873,(gap/tau_g)^2+(speed/tau_v)^2+(lateral/tau_y)^2,False
severe,2,1.8,3117,True,Proposed,service,2,aware,none,0.65,0.92,5,0.5662272928014751,1.3274391651450062,0.16701352229973504,1.596671887587444,11.602117443977136,0.446559176486498,700,65,700,148.19656295913686,0.09285714285714286,0.4463500000042586,0.8680999999910455,2.166345126653951,(gap/tau_g)^2+(speed/tau_v)^2+(lateral/tau_y)^2,False
severe,2,1.8,3118,True,Proposed,service,2,aware,none,0.65,0.92,5,0.5878622400522693,1.3263075542512552,0.16718752048850366,1.614799675878408,11.619854370680002,0.48404026519943,700,63,700,148.12647292756117,0.09,0.43655000001763256,0.849700000003395,2.2106554786134844,(gap/tau_g)^2+(speed/tau_v)^2+(lateral/tau_y)^2,False
severe,2,1.8,3119,True,Proposed,service,2,aware,none,0.65,0.92,5,0.5819095129944605,1.3218471050988774,0.16745517008314936,1.6112368403407946,11.395066061246688,0.48569549261865785,700,60,700,148.03773575719154,0.08571428571428572,0.4734500000012076,1.304799999985562,2.1944888864986147,(gap/tau_g)^2+(speed/tau_v)^2+(lateral/tau_y)^2,False
severe,2,1.8,3120,True,Proposed,service,2,aware,none,0.65,0.92,5,0.5730603911852935,1.3174485510343656,0.16650431025815712,1.5589588680373248,11.428287980500798,0.4608231253315652,700,54,700,148.38315866703618,0.07714285714285714,0.4449499999878981,1.0111999999935506,2.162457444486745,(gap/tau_g)^2+(speed/tau_v)^2+(lateral/tau_y)^2,False
severe,2,1.8,3121,True,Proposed,service,2,aware,none,0.65,0.92,5,0.6032915270006296,1.3258342669230845,0.1680898983552981,1.7065644875504118,11.507378622429641,0.4786451435249821,700,90,700,147.79151081582793,0.12857142857142856,0.4436000000112017,1.0538999999880616,2.2502518920572268,(gap/tau_g)^2+(speed/tau_v)^2+(lateral/tau_y)^2,False
severe,2,1.8,3122,True,Proposed,service,2,aware,none,0.65,0.92,5,0.5670874696728982,1.3341478796736317,0.1673496854794074,1.5909200377748827,11.508718561488578,0.4880011413711932,700,61,700,148.08881644950648,0.08714285714285715,0.46265000000289547,0.9131999999851814,2.179998326498169,(gap/tau_g)^2+(speed/tau_v)^2+(lateral/tau_y)^2,False
severe,2,1.8,3123,True,Proposed,service,2,aware,none,0.65,0.92,5,0.5727571477871201,1.3311694525834123,0.16796099738164763,1.6528546875650731,11.479946118572151,0.48683076003648673,700,60,700,147.84935000618606,0.08571428571428572,0.47399999999697684,1.089800000016794,2.1925615619612397,(gap/tau_g)^2+(speed/tau_v)^2+(lateral/tau_y)^2,False
severe,2,1.8,3124,True,Proposed,service,2,aware,none,0.65,0.92,5,0.5771876029065142,1.3191825299240192,0.1673486154823885,1.555862074477846,11.602422853151204,0.4844238166638477,700,52,700,148.08000958941264,0.07428571428571429,0.4164500000172211,0.7949999999823376,2.180276546369498,(gap/tau_g)^2+(speed/tau_v)^2+(lateral/tau_y)^2,False
severe,2,1.8,3125,True,Proposed,service,2,aware,none,0.65,0.92,5,0.5716667218235301,1.320683871455613,0.1669545154893703,1.6359598504538828,11.423377583986436,0.4704252671119117,700,90,700,148.2161932882321,0.12857142857142856,0.4411999999973659,1.2767999999994117,2.1677290476481748,(gap/tau_g)^2+(speed/tau_v)^2+(lateral/tau_y)^2,False
severe,2,1.8,3126,True,Proposed,service,2,aware,none,0.65,0.92,5,0.5732545283738825,1.3289253129976988,0.16664484601012264,1.6105130839083077,11.517874496439582,0.43397937304610146,700,63,700,148.3303278110714,0.09,0.5069500000018934,1.2518999999997504,2.17951937732908,(gap/tau_g)^2+(speed/tau_v)^2+(lateral/tau_y)^2,False
severe,2,1.8,3127,True,Proposed,service,2,aware,none,0.65,0.92,5,0.5718061963333391,1.3386134464663029,0.1668799859370896,1.5970782080659582,11.495035035285483,0.49585498405584727,700,44,700,148.2639900332998,0.06285714285714286,0.47124999998970907,1.332899999994197,2.1917171304189584,(gap/tau_g)^2+(speed/tau_v)^2+(lateral/tau_y)^2,False
severe,2,1.8,3128,True,Proposed,service,2,aware,none,0.65,0.92,5,0.5795229950307155,1.3309357002503854,0.16653927184905337,1.5744249373092252,11.407430265053002,0.43150283127772493,700,52,700,148.37569327204116,0.07428571428571429,0.5350999999933492,1.7014000000017404,2.1942147110141725,(gap/tau_g)^2+(speed/tau_v)^2+(lateral/tau_y)^2,False
severe,2,1.8,3129,True,Proposed,service,2,aware,none,0.65,0.92,5,0.5761411226394388,1.324021044887763,0.16743374883160436,1.6526016358042372,11.447000338419521,0.4818427469829757,700,40,700,148.03827534839252,0.05714285714285714,0.5299000000036358,1.0893999999836979,2.1853685032690997,(gap/tau_g)^2+(speed/tau_v)^2+(lateral/tau_y)^2,False
severe,2,1.8,3130,True,Proposed,service,2,aware,none,0.65,0.92,5,0.5762792875392363,1.3273718650923885,0.16762592762539413,1.6083815081065964,11.691246631089378,0.4947661653061963,700,68,700,147.95821524732062,0.09714285714285714,0.43399999999849115,1.050999999989699,2.191794179366204,(gap/tau_g)^2+(speed/tau_v)^2+(lateral/tau_y)^2,False
severe,2,1.8,3131,True,Proposed,service,2,aware,none,0.65,0.92,5,0.5751881772858102,1.3441282891273363,0.16820736423282434,1.5515573577227824,11.935532933441877,0.48595070595558865,699,53,699,147.52004229021665,0.07582260371959942,0.4642000000103508,1.7053999999916414,2.217281441062136,(gap/tau_g)^2+(speed/tau_v)^2+(lateral/tau_y)^2,False
severe,2,1.8,3132,True,Proposed,service,2,aware,none,0.65,0.92,5,0.5802795967379932,1.3234841459456004,0.16668167240746426,1.6637539886567392,11.181978429652446,0.4632723468111476,700,77,700,148.31937219756404,0.11,0.5224499999911814,1.6363999999953194,2.186869388558141,(gap/tau_g)^2+(speed/tau_v)^2+(lateral/tau_y)^2,False
severe,2,1.8,3133,True,Proposed,service,2,aware,none,0.65,0.92,5,0.5642523866829369,1.33773578522179,0.1665887538244059,1.662372363833379,11.479401803188921,0.4774411684009988,700,43,700,148.35442796100742,0.06142857142857143,0.4419500000096832,0.767499999994925,2.1728346526712308,(gap/tau_g)^2+(speed/tau_v)^2+(lateral/tau_y)^2,False
severe,2,1.8,3134,True,Proposed,service,2,aware,none,0.65,0.92,5,0.5844345705417759,1.3346619639275992,0.16733960178410956,1.6284443486175735,11.239172147286418,0.4606570060555587,700,89,700,148.06151447452194,0.12714285714285714,0.5078500000053054,1.4879999999948268,2.216126073005674,(gap/tau_g)^2+(speed/tau_v)^2+(lateral/tau_y)^2,False
severe,2,1.8,3135,True,Proposed,service,2,aware,none,0.65,0.92,5,0.5644068071088613,1.3363441323618042,0.1678763649348041,1.567832431686458,11.467846841312635,0.4308491309314314,700,40,700,147.885526761288,0.05714285714285714,0.4272500000013224,0.834900000000971,2.1820123542781054,(gap/tau_g)^2+(speed/tau_v)^2+(lateral/tau_y)^2,False
severe,2,1.8,3136,True,Proposed,service,2,aware,none,0.65,0.92,5,0.5790414699480755,1.3285484287360978,0.16659446481854165,1.6493808281332203,11.437870502797217,0.4521029812867995,700,66,700,148.35635079253655,0.09428571428571429,0.5018000000092115,1.2438999999915268,2.1904433540192563,(gap/tau_g)^2+(speed/tau_v)^2+(lateral/tau_y)^2,False
severe,2,1.8,3137,True,Proposed,service,2,aware,none,0.65,0.92,5,0.5699172942835048,1.3353574605422942,0.167451170522747,1.597704229904881,11.587588711957906,0.4759867533033736,699,46,699,147.826711666701,0.06580829756795423,0.45344999999485935,1.0918000000117445,2.1882152413582014,(gap/tau_g)^2+(speed/tau_v)^2+(lateral/tau_y)^2,False
severe,2,1.8,3138,True,Proposed,service,2,aware,none,0.65,0.92,5,0.580436182611979,1.3309367907978147,0.16750044169664563,1.567127080870347,11.519482099258376,0.48978324120307737,700,49,700,148.021038352016,0.07,0.44900000000325235,0.8307000000229436,2.20412604404895,(gap/tau_g)^2+(speed/tau_v)^2+(lateral/tau_y)^2,False
severe,2,1.8,3139,True,Proposed,service,2,aware,none,0.65,0.92,5,0.5760491695473341,1.318069104847801,0.16658857515475878,1.6220522845753325,11.673352410005982,0.46927383865749206,700,48,700,148.35395170830014,0.06857142857142857,0.4600500000009333,0.7490999999788528,2.1700992343405803,(gap/tau_g)^2+(speed/tau_v)^2+(lateral/tau_y)^2,False
severe,2,1.8,3140,True,Proposed,service,2,aware,none,0.65,0.92,5,0.5845784261047736,1.316198790549182,0.1664713076758605,1.6107493960942794,11.364263652900057,0.4704824189217931,700,47,700,148.4076247096232,0.06714285714285714,0.453600000000165,1.1180999999851338,2.184207816706443,(gap/tau_g)^2+(speed/tau_v)^2+(lateral/tau_y)^2,False
severe,2,1.8,3141,True,Proposed,service,2,aware,none,0.65,0.92,5,0.5768291422860522,1.3389649335585039,0.1676273287205963,1.5747193231484762,11.369297059754565,0.4879408424132762,700,41,700,147.96795206225534,0.05857142857142857,0.5184500000012804,1.1839999999949669,2.208704039596039,(gap/tau_g)^2+(speed/tau_v)^2+(lateral/tau_y)^2,False
severe,2,1.8,3142,True,Proposed,service,2,aware,none,0.65,0.92,5,0.5833983681262475,1.3159883569348367,0.16724446622810502,1.5976840992414347,11.4213004979636,0.44117626681527167,700,49,700,148.10274203356,0.07,0.4297999999920421,0.8617000000015196,2.187925318296027,(gap/tau_g)^2+(speed/tau_v)^2+(lateral/tau_y)^2,False
severe,2,1.8,3143,True,Proposed,service,2,aware,none,0.65,0.92,5,0.5752549266270691,1.3181953082825235,0.16687689828032864,1.6086262782684466,11.87490138763566,0.4823205240805679,700,82,700,148.21590303936668,0.11714285714285715,0.43954999999584743,0.9548000000165757,2.1710470004038127,(gap/tau_g)^2+(speed/tau_v)^2+(lateral/tau_y)^2,False
severe,2,1.8,3144,True,Proposed,service,2,aware,none,0.65,0.92,5,0.5786663741536177,1.326191293275365,0.16742497969917736,1.6195964263857545,11.534678694483226,0.48174819316452,700,74,700,148.04387365340415,0.10571428571428572,0.8635500000053753,2.3796000000118056,2.193413911170456,(gap/tau_g)^2+(speed/tau_v)^2+(lateral/tau_y)^2,False
severe,2,1.8,3145,True,Proposed,service,2,aware,none,0.65,0.92,5,0.5802294625748317,1.3477954999587272,0.1675644003523063,1.6220569769104367,11.625075187197325,0.4797552787465006,700,52,700,147.98620679831114,0.07428571428571429,0.47159999998314106,1.9767999999942276,2.227276054500979,(gap/tau_g)^2+(speed/tau_v)^2+(lateral/tau_y)^2,False
severe,2,1.8,3146,True,Proposed,service,2,aware,none,0.65,0.92,5,0.5747678019749987,1.3323700586360534,0.16720445594717684,1.5810283391719449,11.339701757274533,0.4435491558490935,700,80,700,148.1066379105393,0.11428571428571428,0.4609000000073138,1.7411999999978889,2.1919557839369084,(gap/tau_g)^2+(speed/tau_v)^2+(lateral/tau_y)^2,False
severe,2,1.8,3147,True,Proposed,service,2,aware,none,0.65,0.92,5,0.5816496499859001,1.3251412010961556,0.16723024990911628,1.6263203946756757,11.638247053498219,0.48943059391885413,700,79,700,148.10885870766285,0.11285714285714285,0.44264999998233634,1.2166999999863037,2.1965181000016556,(gap/tau_g)^2+(speed/tau_v)^2+(lateral/tau_y)^2,False
severe,2,1.8,3148,True,Proposed,service,2,aware,none,0.65,0.92,5,0.584742552297337,1.3165024485285115,0.1671611888685398,1.6256184667725613,11.589001415318137,0.44639939648172833,700,68,700,148.1412183806263,0.09714285714285714,0.488550000000032,1.2734000000023116,2.1907110486057118,(gap/tau_g)^2+(speed/tau_v)^2+(lateral/tau_y)^2,False
severe,2,1.8,3149,True,Proposed,service,2,aware,none,0.65,0.92,5,0.5924034669768586,1.3291512659988913,0.1668802467095042,1.6392099028301046,11.4157139807903,0.47557527567886215,700,95,700,148.2220602889792,0.1357142857142857,0.4608000000132506,1.1676000000022668,2.221470586447971,(gap/tau_g)^2+(speed/tau_v)^2+(lateral/tau_y)^2,False
severe,2,1.8,3150,True,Proposed,service,2,aware,none,0.65,0.92,5,0.5842480039800865,1.3255874532297296,0.166797434205141,1.5860832384984638,11.519072457474238,0.48872895065864375,700,56,700,148.2801472447222,0.08,0.4546499999946718,1.082999999994172,2.198892932676535,(gap/tau_g)^2+(speed/tau_v)^2+(lateral/tau_y)^2,False
severe,2,2.0,3101,True,Proposed,service,2,aware,none,0.65,0.92,5,0.5926200447033455,1.3853707047334223,0.1663174157520578,1.5536200248315815,17.08023303049965,0.4417300451970545,700,51,700,148.47095819409444,0.07285714285714286,0.6271000000026561,1.7535000000066248,2.295100188096818,(gap/tau_g)^2+(speed/tau_v)^2+(lateral/tau_y)^2,False
severe,2,2.0,3102,True,Proposed,service,2,aware,none,0.65,0.92,5,0.6197883621408925,1.3931513974799525,0.16670231052457815,1.663385580751837,17.12885819071009,0.435402278836421,700,97,700,148.3238927195837,0.13857142857142857,0.5460500000111779,1.7899999999997362,2.367893034256695,(gap/tau_g)^2+(speed/tau_v)^2+(lateral/tau_y)^2,False
severe,2,2.0,3103,True,Proposed,service,2,aware,none,0.65,0.92,5,0.6074538685973518,1.3824252132355992,0.1666845001127438,1.6233275090355217,16.968534965111196,0.4597144798641978,700,108,700,148.3084283216835,0.15428571428571428,0.5065000000001874,1.682200000004741,2.3256441744961416,(gap/tau_g)^2+(speed/tau_v)^2+(lateral/tau_y)^2,False
severe,2,2.0,3104,True,Proposed,service,2,aware,none,0.65,0.92,5,0.6132802595197604,1.385767133748477,0.16678804881897963,1.6328389521710924,17.038397521588408,0.4508979810259798,700,62,700,148.29025657443606,0.08857142857142856,0.5067499999853453,1.6546999999889067,2.3438717775822018,(gap/tau_g)^2+(speed/tau_v)^2+(lateral/tau_y)^2,False
severe,2,2.0,3105,True,Proposed,service,2,aware,none,0.65,0.92,5,0.5927933892670121,1.3814273229183607,0.1662579113702604,1.6256433288116405,17.002353193927725,0.4793223488990461,700,65,700,148.49328070661284,0.09285714285714286,0.4472500000076707,0.9202000000243515,2.289404149921668,(gap/tau_g)^2+(speed/tau_v)^2+(lateral/tau_y)^2,False
severe,2,2.0,3106,True,Proposed,service,2,aware,none,0.65,0.92,5,0.5870733879611023,1.3954308661478205,0.16697987550443802,1.5444803814294756,17.179357108664682,0.49335371678362305,700,67,700,148.22061243295988,0.09571428571428571,0.5069000000048618,1.4932999999928143,2.303260577549821,(gap/tau_g)^2+(speed/tau_v)^2+(lateral/tau_y)^2,False
severe,2,2.0,3107,True,Proposed,service,2,aware,none,0.65,0.92,5,0.6113441677035569,1.398792615862145,0.16699667675111518,1.5853890117573877,17.19180125984346,0.4608949840383145,700,112,700,148.1997582361882,0.16,0.46679999999810207,1.3767999999743097,2.359902834002368,(gap/tau_g)^2+(speed/tau_v)^2+(lateral/tau_y)^2,False
severe,2,2.0,3108,True,Proposed,service,2,aware,none,0.65,0.92,5,0.5984010946066648,1.3954003032899247,0.16719158522391778,1.5691339727540727,17.01038377626255,0.49502818592854214,700,77,700,148.13841945620086,0.11,0.4087999999882186,0.7310000000018135,2.328859000150562,(gap/tau_g)^2+(speed/tau_v)^2+(lateral/tau_y)^2,False
severe,2,2.0,3109,True,Proposed,service,2,aware,none,0.65,0.92,5,0.6135304804321228,1.3905788196964421,0.1671405819128487,1.5371728481037517,17.13548531368921,0.4884679354831438,700,49,700,148.1536581538177,0.07,0.48325000000204454,1.2748999999985244,2.3541762987028667,(gap/tau_g)^2+(speed/tau_v)^2+(lateral/tau_y)^2,False
severe,2,2.0,3110,True,Proposed,service,2,aware,none,0.65,0.92,5,0.6050095242255135,1.3837463665065768,0.16547050488375573,1.6448649975478795,17.207814011793694,0.45522794544592415,700,140,700,148.75529698786755,0.2,0.4945499999990943,1.4894999999910397,2.3121591082039465,(gap/tau_g)^2+(speed/tau_v)^2+(lateral/tau_y)^2,False
severe,2,2.0,3111,True,Proposed,service,2,aware,none,0.65,0.92,5,0.5839320474287122,1.3953509462083225,0.1667769663577547,1.540242531266776,17.193945471506836,0.48570454281720854,700,51,700,148.29772675960547,0.07285714285714286,0.4600999999979649,1.1562999999910062,2.2949141209168813,(gap/tau_g)^2+(speed/tau_v)^2+(lateral/tau_y)^2,False
severe,2,2.0,3112,True,Proposed,service,2,aware,none,0.65,0.92,5,0.6170648297608358,1.3822143523605124,0.16617290449629477,1.5665590728860832,16.8640699988021,0.48171777739146326,700,90,700,148.51630386696164,0.12857142857142856,0.4577499999953716,1.0958999999957086,2.3420118531474694,(gap/tau_g)^2+(speed/tau_v)^2+(lateral/tau_y)^2,False
severe,2,2.0,3113,True,Proposed,service,2,aware,none,0.65,0.92,5,0.5977188954949434,1.396227035399526,0.166245948325428,1.601336340741203,17.073797434396326,0.4643985633552661,700,42,700,148.48289518613055,0.06,0.4198500000001104,0.9714999999914653,2.320703091103555,(gap/tau_g)^2+(speed/tau_v)^2+(lateral/tau_y)^2,False
severe,2,2.0,3114,True,Proposed,service,2,aware,none,0.65,0.92,5,0.5951095343105958,1.3892553317795013,0.16599484373760995,1.5932986513467142,16.994079598584932,0.490568344384785,700,69,700,148.5936677251862,0.09857142857142857,0.42534999998622425,1.3362999999912972,2.3031761046713286,(gap/tau_g)^2+(speed/tau_v)^2+(lateral/tau_y)^2,False
severe,2,2.0,3115,True,Proposed,service,2,aware,none,0.65,0.92,5,0.6010493174787515,1.3913129727505205,0.1663388997219075,1.5910984602959504,17.20869318559688,0.4836426434463661,700,62,700,148.452910973978,0.08857142857142856,0.4346500000025344,0.8608999999921707,2.321584703763508,(gap/tau_g)^2+(speed/tau_v)^2+(lateral/tau_y)^2,False
severe,2,2.0,3116,False,Proposed,service,2,aware,none,0.65,0.92,5,0.583207146201867,1.403079763970121,0.16701311762815055,1.5299957934299715,16.861592932426788,0.47981409370702166,700,39,700,148.1994083479198,0.055714285714285716,0.4253500000004351,1.5633000000150332,2.3064156170245194,(gap/tau_g)^2+(speed/tau_v)^2+(lateral/tau_y)^2,False
severe,2,2.0,3117,True,Proposed,service,2,aware,none,0.65,0.92,5,0.5853835723397887,1.3900611991737044,0.16636587217009097,1.5553628876388566,17.15035428147275,0.4494636974094365,700,66,700,148.4455508966503,0.09428571428571429,0.4599499999926593,1.1673000000200773,2.2869902885430413,(gap/tau_g)^2+(speed/tau_v)^2+(lateral/tau_y)^2,False
severe,2,2.0,3118,True,Proposed,service,2,aware,none,0.65,0.92,5,0.6066080008873483,1.3907292203919743,0.1665429118034277,1.5852634875576537,17.03353032196815,0.4893172226024839,700,64,700,148.37504279283945,0.09142857142857143,0.4497999999983904,1.4636999999879663,2.3343881130492274,(gap/tau_g)^2+(speed/tau_v)^2+(lateral/tau_y)^2,False
severe,2,2.0,3119,True,Proposed,service,2,aware,none,0.65,0.92,5,0.5992178970636648,1.3876681801864754,0.16678203688277604,1.5763791050322764,16.878345431301206,0.4898331081490338,700,62,700,148.29644028781485,0.08857142857142856,0.4073000000062166,0.7338000000061129,2.3161995000603444,(gap/tau_g)^2+(speed/tau_v)^2+(lateral/tau_y)^2,False
severe,2,2.0,3120,True,Proposed,service,2,aware,none,0.65,0.92,5,0.5912046581938444,1.3797882240263988,0.16588493945838295,1.5190367206131192,17.003821336682556,0.4637061998918246,700,54,700,148.62313448520405,0.07714285714285714,0.48080000000538803,1.3120000000128584,2.280653918821529,(gap/tau_g)^2+(speed/tau_v)^2+(lateral/tau_y)^2,False
severe,2,2.0,3121,True,Proposed,service,2,aware,none,0.65,0.92,5,0.6114231040937415,1.3972890459211387,0.16740270889908673,1.6308628861028667,17.081749183082984,0.48250008983268566,700,88,700,148.05584070390267,0.12571428571428572,0.44219999999484116,1.294999999998936,2.361323897924384,(gap/tau_g)^2+(speed/tau_v)^2+(lateral/tau_y)^2,False
severe,2,2.0,3122,True,Proposed,service,2,aware,none,0.65,0.92,5,0.5873083862049526,1.3969277758986494,0.1666870024313197,1.5516004518783615,17.09848431186451,0.49103032260989754,700,61,700,148.34322037478162,0.08714285714285715,0.4687500000102318,0.8409000000142441,2.303440759963717,(gap/tau_g)^2+(speed/tau_v)^2+(lateral/tau_y)^2,False
severe,2,2.0,3123,True,Proposed,service,2,aware,none,0.65,0.92,5,0.5911442163531484,1.3961900388915411,0.16730130970817977,1.6102910733720914,16.94352392451796,0.4905577885104664,700,60,700,148.10432852554285,0.08571428571428572,0.4582999999911408,1.0010999999963133,2.315554893795502,(gap/tau_g)^2+(speed/tau_v)^2+(lateral/tau_y)^2,False
severe,2,2.0,3124,True,Proposed,service,2,aware,none,0.65,0.92,5,0.5964960271718224,1.3835212542560593,0.1666892211107826,1.5124692155896655,16.978648580673315,0.4882016655917961,700,48,700,148.33101952774658,0.06857142857142857,0.5455000000011978,1.4840000000049258,2.303776576165964,(gap/tau_g)^2+(speed/tau_v)^2+(lateral/tau_y)^2,False
severe,2,2.0,3125,True,Proposed,service,2,aware,none,0.65,0.92,5,0.5910303321543806,1.3829784103232912,0.16630996064806441,1.595606991392334,16.888433895987788,0.47865889426117225,700,93,700,148.46411581284343,0.13285714285714287,0.45564999999214706,1.0833999999988464,2.288314081922909,(gap/tau_g)^2+(speed/tau_v)^2+(lateral/tau_y)^2,False
severe,2,2.0,3126,True,Proposed,service,2,aware,none,0.65,0.92,5,0.5918424749960222,1.3926824835621763,0.16600784283889136,1.5698368564398897,17.05321758983102,0.4396956707307679,700,62,700,148.57343652038855,0.08857142857142856,0.6021000000089316,1.9746000000111508,2.301254404195536,(gap/tau_g)^2+(speed/tau_v)^2+(lateral/tau_y)^2,False
severe,2,2.0,3127,False,Proposed,service,2,aware,none,0.65,0.92,5,0.5910373704292514,1.400868725538127,0.16624344003439653,1.5563559415586525,17.083116947488634,0.49724084190266715,700,57,700,148.50948819231573,0.08142857142857143,0.439249999999447,1.0072999999977128,2.3131859855990973,(gap/tau_g)^2+(speed/tau_v)^2+(lateral/tau_y)^2,False
severe,2,2.0,3128,True,Proposed,service,2,aware,none,0.65,0.92,5,0.5937991316674627,1.3963448688641307,0.16590114630274083,1.5355670891548787,17.055845443256224,0.4366803969218763,700,50,700,148.62108770983005,0.07142857142857142,0.6318500000048743,1.6520000000070922,2.3097047968354882,(gap/tau_g)^2+(speed/tau_v)^2+(lateral/tau_y)^2,False
severe,2,2.0,3129,True,Proposed,service,2,aware,none,0.65,0.92,5,0.5938749400943807,1.3877543804981685,0.1667800453069621,1.611099585783733,17.048894315942142,0.48680536565845456,700,40,700,148.29059242148196,0.05714285714285714,0.4498500000096328,0.7393000000206484,2.3049722547066387,(gap/tau_g)^2+(speed/tau_v)^2+(lateral/tau_y)^2,False
severe,2,2.0,3130,True,Proposed,service,2,aware,none,0.65,0.92,5,0.5936005450016606,1.392244320011597,0.16696760036764358,1.5607243462526585,17.02157978274485,0.4947661653061963,700,66,700,148.2121727259054,0.09428571428571429,0.46960000000240143,1.1944000000028154,2.3123262702534078,(gap/tau_g)^2+(speed/tau_v)^2+(lateral/tau_y)^2,False
severe,2,2.0,3131,False,Proposed,service,2,aware,none,0.65,0.92,5,0.5939245914895253,1.4109519238595618,0.16753178657771167,1.5426170791498026,16.9137809010995,0.4896152987935092,699,76,699,147.78019956954194,0.10872675250357654,0.4504999999994652,1.6004999999950087,2.34448403693974,(gap/tau_g)^2+(speed/tau_v)^2+(lateral/tau_y)^2,False
severe,2,2.0,3132,True,Proposed,service,2,aware,none,0.65,0.92,5,0.5985147150207015,1.3865631044175049,0.16605041913201415,1.6214453875967731,16.77877324030772,0.4711152035541115,700,76,700,148.563592433463,0.10857142857142857,0.43834999999603497,1.612500000021555,2.3070504086091357,(gap/tau_g)^2+(speed/tau_v)^2+(lateral/tau_y)^2,False
severe,2,2.0,3133,False,Proposed,service,2,aware,none,0.65,0.92,5,0.5827897524302674,1.4001252158949968,0.16595959535805963,1.619945888103445,16.882511158151267,0.4822637850780115,700,43,700,148.5979026313624,0.06142857142857143,0.7908500000013419,1.6608999999903062,2.2925549399796252,(gap/tau_g)^2+(speed/tau_v)^2+(lateral/tau_y)^2,False
severe,2,2.0,3134,True,Proposed,service,2,aware,none,0.65,0.92,5,0.6034832671259571,1.3981013002087812,0.1666924733396033,1.5874428269396619,16.79603464905481,0.46684593642485506,700,89,700,148.3131850111655,0.12714285714285714,0.9409500000003845,2.2139999999808424,2.339401467658397,(gap/tau_g)^2+(speed/tau_v)^2+(lateral/tau_y)^2,False
severe,2,2.0,3135,False,Proposed,service,2,aware,none,0.65,0.92,5,0.5833365861669778,1.4004735176094234,0.16719970067087955,1.5278236276017485,17.072874269810384,0.4431206389151392,700,42,700,148.14300078527236,0.06,0.9886000000136619,1.3290999999924225,2.3045150839776305,(gap/tau_g)^2+(speed/tau_v)^2+(lateral/tau_y)^2,False
severe,2,2.0,3136,True,Proposed,service,2,aware,none,0.65,0.92,5,0.6010081733977224,1.3912000797841535,0.16595941773718087,1.6053793420078817,17.101311625951716,0.4376866039234528,700,63,700,148.60095011814755,0.09,0.6064999999892962,3.617999999988797,2.318183980157844,(gap/tau_g)^2+(speed/tau_v)^2+(lateral/tau_y)^2,False
severe,2,2.0,3137,True,Proposed,service,2,aware,none,0.65,0.92,5,0.5881075594712999,1.3989873315233545,0.1667949637260039,1.5570055948792014,17.213879301354197,0.4794793572035506,699,46,699,148.07927501164315,0.06580829756795423,0.5744000000049709,1.5770999999915603,2.3089487436381178,(gap/tau_g)^2+(speed/tau_v)^2+(lateral/tau_y)^2,False
severe,2,2.0,3138,True,Proposed,service,2,aware,none,0.65,0.92,5,0.6009042331966038,1.396664334445362,0.16681669170071797,1.5413186762020556,17.068249426431237,0.4920608882849552,700,45,700,148.2833306944923,0.06428571428571428,0.4382500000019718,2.0408000000031734,2.3328661405099336,(gap/tau_g)^2+(speed/tau_v)^2+(lateral/tau_y)^2,False
severe,2,2.0,3139,True,Proposed,service,2,aware,none,0.65,0.92,5,0.5944983633964357,1.3809822874270308,0.16595926052595011,1.5783798201779404,17.077495718311624,0.4800607936836734,700,47,700,148.5979019019826,0.06714285714285714,0.5111499999941316,1.4065000000016425,2.289895255313004,(gap/tau_g)^2+(speed/tau_v)^2+(lateral/tau_y)^2,False
severe,2,2.0,3140,True,Proposed,service,2,aware,none,0.65,0.92,5,0.6017850184568447,1.380004975845911,0.1658481990209932,1.5673287023020746,16.954707602096754,0.4735273986280456,700,47,700,148.6481079165532,0.06714285714285714,0.47069999999393985,2.2036000000014155,2.3030939917316986,(gap/tau_g)^2+(speed/tau_v)^2+(lateral/tau_y)^2,False
severe,2,2.0,3141,False,Proposed,service,2,aware,none,0.65,0.92,5,0.593922368806658,1.403307786632572,0.16696480347257237,1.5341976031604054,17.03448674701545,0.4938832017218914,700,41,700,148.22348959826462,0.05857142857142857,0.6768500000049471,1.0343000000148095,2.3287621854482694,(gap/tau_g)^2+(speed/tau_v)^2+(lateral/tau_y)^2,False
severe,2,2.0,3142,True,Proposed,service,2,aware,none,0.65,0.92,5,0.5984596598423433,1.3814363786381727,0.1666032588887595,1.557508379793942,17.260034470571604,0.44742791252872516,700,50,700,148.3516466352111,0.07142857142857142,0.48490000000356304,1.3193999999998596,2.3042906671856698,(gap/tau_g)^2+(speed/tau_v)^2+(lateral/tau_y)^2,False
severe,2,2.0,3143,True,Proposed,service,2,aware,none,0.65,0.92,5,0.5931198943799113,1.3807049318618263,0.16623700771553207,1.5663630788137193,17.305527214742916,0.4872148081356553,700,82,700,148.46614977261737,0.11714285714285715,0.4660000000171749,1.390399999991132,2.2889007280760842,(gap/tau_g)^2+(speed/tau_v)^2+(lateral/tau_y)^2,False
severe,2,2.0,3144,True,Proposed,service,2,aware,none,0.65,0.92,5,0.5967525159896097,1.3903478803577147,0.16677131985290977,1.5767350489262362,17.22460454518273,0.4857964965890984,700,74,700,148.29598301906768,0.10571428571428572,0.47479999999211486,1.642599999996719,2.31466640097133,(gap/tau_g)^2+(speed/tau_v)^2+(lateral/tau_y)^2,False
severe,2,2.0,3145,False,Proposed,service,2,aware,none,0.65,0.92,5,0.5971668902522633,1.4096806939194317,0.16691906439611687,1.5794157867751897,17.027087291870203,0.48311750550532684,700,51,700,148.24125751200688,0.07285714285714286,0.4267999999996164,0.8478000000025077,2.3443970303061006,(gap/tau_g)^2+(speed/tau_v)^2+(lateral/tau_y)^2,False
severe,2,2.0,3146,True,Proposed,service,2,aware,none,0.65,0.92,5,0.5923676673291352,1.3956385057714396,0.16656283776903105,1.541466860650662,17.072063567441496,0.44747556909837005,700,78,700,148.35636143607388,0.11142857142857143,0.48359999999547654,0.925199999983306,2.3111797228311635,(gap/tau_g)^2+(speed/tau_v)^2+(lateral/tau_y)^2,False
severe,2,2.0,3147,True,Proposed,service,2,aware,none,0.65,0.92,5,0.5994254689085701,1.389475162158774,0.16658779851038844,1.5841606352902866,17.05460199541332,0.49559874365124534,700,79,700,148.35763440080638,0.11285714285714285,0.47990000000197597,1.1430999999788582,2.3175833196087305,(gap/tau_g)^2+(speed/tau_v)^2+(lateral/tau_y)^2,False
severe,2,2.0,3148,True,Proposed,service,2,aware,none,0.65,0.92,5,0.6000016022917865,1.3815168151549937,0.16650757560344176,1.5743205607935895,16.938774167204627,0.46999811958160065,700,66,700,148.3941492096129,0.09428571428571429,0.5372000000107846,1.2495999999941887,2.3068924868441107,(gap/tau_g)^2+(speed/tau_v)^2+(lateral/tau_y)^2,False
severe,2,2.0,3149,True,Proposed,service,2,aware,none,0.65,0.92,5,0.6106713102918963,1.3907648327039124,0.1662487670499885,1.573697425947357,16.870428542240916,0.48411687286716754,700,101,700,148.47013025996654,0.1442857142857143,0.48535000000526907,1.0199999999827014,2.340784641663292,(gap/tau_g)^2+(speed/tau_v)^2+(lateral/tau_y)^2,False
severe,2,2.0,3150,True,Proposed,service,2,aware,none,0.65,0.92,5,0.6008655720328657,1.3897774407969747,0.16615901118684284,1.5415929943058564,17.088678193695415,0.49173206356689914,700,55,700,148.52689135309856,0.07857142857142857,0.49690000000168766,1.107599999983222,2.3175179712603775,(gap/tau_g)^2+(speed/tau_v)^2+(lateral/tau_y)^2,False
severe,2,2.2,3101,False,Proposed,service,2,aware,none,0.65,0.92,5,0.6068189677311918,1.4396226388130133,0.16567055488465302,1.518390168930506,22.50347940657474,0.4456490931432303,700,56,700,148.7219687052133,0.08,0.48629999999150186,1.99269999998819,2.3982028801561,(gap/tau_g)^2+(speed/tau_v)^2+(lateral/tau_y)^2,False
severe,2,2.2,3102,False,Proposed,service,2,aware,none,0.65,0.92,5,0.6258506584813707,1.4505114683030287,0.16605660485501272,1.6006996783239698,22.54518914735413,0.4414446771308024,700,94,700,148.5744904944752,0.13428571428571429,0.492999999991639,1.0070000000155233,2.4591669628877675,(gap/tau_g)^2+(speed/tau_v)^2+(lateral/tau_y)^2,False
severe,2,2.2,3103,False,Proposed,service,2,aware,none,0.65,0.92,5,0.6196693970225281,1.4381559863856852,0.16605308989444442,1.5852933536941995,22.218504066601554,0.45201505404373654,700,110,700,148.55531151294304,0.15714285714285714,0.5373500000018794,1.3386999999909222,2.4272412403155013,(gap/tau_g)^2+(speed/tau_v)^2+(lateral/tau_y)^2,False
severe,2,2.2,3104,False,Proposed,service,2,aware,none,0.65,0.92,5,0.6269930397173759,1.4411007275177175,0.16615771720865838,1.5887894909206421,22.443018769639302,0.45471459652526347,700,65,700,148.53502639309468,0.09285714285714286,0.5017999999950007,1.41770000001884,2.448667355369392,(gap/tau_g)^2+(speed/tau_v)^2+(lateral/tau_y)^2,False
severe,2,2.2,3105,False,Proposed,service,2,aware,none,0.65,0.92,5,0.6028298550932027,1.438239135186493,0.16563501633287114,1.5690048744655358,22.393301936955865,0.48159304387939683,700,65,700,148.73563001130265,0.09285714285714286,0.5759000000011838,1.4189000000044416,2.3872985991147835,(gap/tau_g)^2+(speed/tau_v)^2+(lateral/tau_y)^2,False
severe,2,2.2,3106,False,Proposed,service,2,aware,none,0.65,0.92,5,0.599568988473737,1.4512813897181598,0.166339937098757,1.5049224542909987,22.594176150310034,0.4953694359811319,700,70,700,148.46919678016886,0.1,0.48524999999699503,1.3175999999930355,2.4054060589876873,(gap/tau_g)^2+(speed/tau_v)^2+(lateral/tau_y)^2,False
severe,2,2.2,3107,False,Proposed,service,2,aware,none,0.65,0.92,5,0.6174133780493664,1.4572294414337899,0.16633752628293974,1.5389547705888413,22.512623260166805,0.4840314237307862,700,103,700,148.45216727548356,0.14714285714285713,0.5415499999941176,1.336199999997234,2.452819293948821,(gap/tau_g)^2+(speed/tau_v)^2+(lateral/tau_y)^2,False
severe,2,2.2,3108,False,Proposed,service,2,aware,none,0.65,0.92,5,0.6075403682233781,1.4531166111219092,0.1665446246274625,1.5432239256677913,22.38202236948368,0.4951997458207167,700,79,700,148.38938896614823,0.11285714285714285,0.5927500000098007,1.9685000000038144,2.4269353478214084,(gap/tau_g)^2+(speed/tau_v)^2+(lateral/tau_y)^2,False
severe,2,2.2,3109,False,Proposed,service,2,aware,none,0.65,0.92,5,0.6268972689022759,1.4466642005880153,0.16649472682126437,1.5014898440161684,22.63745106570463,0.4932010846387208,700,49,700,148.40416711053123,0.07,0.5977999999942085,2.310899999997673,2.4594534857628174,(gap/tau_g)^2+(speed/tau_v)^2+(lateral/tau_y)^2,False
severe,2,2.2,3110,False,Proposed,service,2,aware,none,0.65,0.92,5,0.61655852351096,1.4381143943498584,0.16487226713917771,1.6046320433268553,22.545092268300905,0.46564875807641315,700,141,700,148.99037718213572,0.20142857142857143,0.6086000000067315,1.1425999999801206,2.4105742132704595,(gap/tau_g)^2+(speed/tau_v)^2+(lateral/tau_y)^2,False
severe,2,2.2,3111,False,Proposed,service,2,aware,none,0.65,0.92,5,0.596070779390557,1.4505713136818736,0.1661399574301991,1.5046949022489013,22.636051096191224,0.4896445159894055,700,52,700,148.54446019976788,0.07428571428571429,0.5182000000161224,1.2148000000138381,2.395256805005795,(gap/tau_g)^2+(speed/tau_v)^2+(lateral/tau_y)^2,False
severe,2,2.2,3112,False,Proposed,service,2,aware,none,0.65,0.92,5,0.631993080608394,1.4369438297405537,0.16555199673136933,1.5334259349506316,22.374506715334604,0.48982457285099823,700,94,700,148.75730116093249,0.13428571428571429,0.5693500000063523,1.268799999991188,2.448731403011035,(gap/tau_g)^2+(speed/tau_v)^2+(lateral/tau_y)^2,False
severe,2,2.2,3113,False,Proposed,service,2,aware,none,0.65,0.92,5,0.6105994976153026,1.4508510851900547,0.16562352096018582,1.5647324223525407,22.448975675971745,0.4679511554603316,700,42,700,148.72529106359957,0.06,0.45640000000446435,0.9228000000121028,2.422554471034289,(gap/tau_g)^2+(speed/tau_v)^2+(lateral/tau_y)^2,False
severe,2,2.2,3114,False,Proposed,service,2,aware,none,0.65,0.92,5,0.6075161836921524,1.4436636484945635,0.16537422780831298,1.5540280112517095,22.442040220649808,0.4940109192003955,700,68,700,148.8343975654771,0.09714285714285714,0.5579500000010285,1.237399999979516,2.403200189853542,(gap/tau_g)^2+(speed/tau_v)^2+(lateral/tau_y)^2,False
severe,2,2.2,3115,False,Proposed,service,2,aware,none,0.65,0.92,5,0.6128066845191035,1.4467346272404813,0.16571434306318752,1.5423593508738243,22.61239908998877,0.48716318684673987,700,58,700,148.6958441478098,0.08285714285714285,0.47705000001485587,1.4878000000067004,2.4220216926921694,(gap/tau_g)^2+(speed/tau_v)^2+(lateral/tau_y)^2,False
severe,2,2.2,3116,False,Proposed,service,2,aware,none,0.65,0.92,5,0.5955269710903768,1.4586029062932573,0.16637068607869657,1.4946294952964811,22.41956308860742,0.4829946451019633,700,39,700,148.44948460908824,0.055714285714285716,0.47594999999489573,0.9590000000230248,2.4079438694980655,(gap/tau_g)^2+(speed/tau_v)^2+(lateral/tau_y)^2,False
severe,2,2.2,3117,False,Proposed,service,2,aware,none,0.65,0.92,5,0.5983988642250426,1.4443663110303784,0.16573684782135134,1.5183599216451118,22.677851516504496,0.4523301799828734,700,66,700,148.69027964783504,0.09428571428571429,0.4770999999976766,1.0187000000030366,2.3876910839086882,(gap/tau_g)^2+(speed/tau_v)^2+(lateral/tau_y)^2,False
severe,2,2.2,3118,False,Proposed,service,2,aware,none,0.65,0.92,5,0.6261940582421877,1.4417390767834002,0.16591036580811372,1.5586206651922365,22.45267116833852,0.4777156133927548,700,67,700,148.62051288850847,0.09571428571428571,0.5848499999956402,1.4507999999864296,2.4457727838399896,(gap/tau_g)^2+(speed/tau_v)^2+(lateral/tau_y)^2,False
severe,2,2.2,3119,False,Proposed,service,2,aware,none,0.65,0.92,5,0.6109972470914364,1.4442341813444484,0.1661492975518046,1.5348576308628226,22.2979267089678,0.4937748493535171,700,59,700,148.54174003522303,0.08428571428571428,0.48725000000615637,1.0374999999953616,2.418005509155752,(gap/tau_g)^2+(speed/tau_v)^2+(lateral/tau_y)^2,False
severe,2,2.2,3120,False,Proposed,service,2,aware,none,0.65,0.92,5,0.594618135376563,1.4374541721168017,0.1652818474707095,1.4716365408747434,22.531801173755625,0.4663965600443103,700,46,700,148.85932687608954,0.06571428571428571,0.45985000001280696,0.9585999999899286,2.3657440908822776,(gap/tau_g)^2+(speed/tau_v)^2+(lateral/tau_y)^2,False
severe,2,2.2,3121,False,Proposed,service,2,aware,none,0.65,0.92,5,0.6257672248971845,1.4524772359789158,0.16674940592879997,1.6023955908284544,22.410623821473237,0.48611733017398673,700,89,700,148.30953477954117,0.12714285714285714,0.47019999999520223,1.3908000000242282,2.4676570552942616,(gap/tau_g)^2+(speed/tau_v)^2+(lateral/tau_y)^2,False
severe,2,2.2,3122,False,Proposed,service,2,aware,none,0.65,0.92,5,0.6004521432108015,1.452358840223166,0.16605362968958085,1.5127330956899983,22.53905279274835,0.49394305099238955,700,61,700,148.58817215648364,0.08714285714285715,0.458049999991772,1.1803999999813186,2.4065071751588762,(gap/tau_g)^2+(speed/tau_v)^2+(lateral/tau_y)^2,False
severe,2,2.2,3123,False,Proposed,service,2,aware,none,0.65,0.92,5,0.6079103709845124,1.4492499324648385,0.1666530454977001,1.5987264711430227,22.523422131802455,0.4522278180504622,700,68,700,148.35550135809694,0.09714285714285714,0.4872000000091248,0.8689999999944575,2.4229122149256233,(gap/tau_g)^2+(speed/tau_v)^2+(lateral/tau_y)^2,False
severe,2,2.2,3124,False,Proposed,service,2,aware,none,0.65,0.92,5,0.6081055862490221,1.439670922390151,0.16605788147112718,1.4789097398864497,22.630054917573666,0.4916964181192095,700,49,700,148.575753258271,0.07,0.6451999999939062,1.2399000000016258,2.4042649145518067,(gap/tau_g)^2+(speed/tau_v)^2+(lateral/tau_y)^2,False
severe,2,2.2,3125,False,Proposed,service,2,aware,none,0.65,0.92,5,0.6021134094698766,1.4381258566053305,0.16569120616583094,1.5558762931702643,22.53313800110041,0.48610444829712374,700,93,700,148.70504296551917,0.13285714285714287,0.45504999999934626,1.8551999999942836,2.3860630746957003,(gap/tau_g)^2+(speed/tau_v)^2+(lateral/tau_y)^2,False
severe,2,2.2,3126,False,Proposed,service,2,aware,none,0.65,0.92,5,0.6019133328114891,1.448359809833423,0.16539004764775364,1.5503485941906834,22.418351568909685,0.4451372461746862,700,63,700,148.81627240214974,0.09,0.4715500000003203,0.8171000000061213,2.3982136235666642,(gap/tau_g)^2+(speed/tau_v)^2+(lateral/tau_y)^2,False
severe,2,2.2,3127,False,Proposed,service,2,aware,none,0.65,0.92,5,0.6030517158195455,1.4557896792066876,0.16561636244378303,1.517615467157983,22.360153060661453,0.49724084190266715,700,57,700,148.75161207337896,0.08142857142857143,0.4497999999983904,2.1511000000202785,2.4135339171611676,(gap/tau_g)^2+(speed/tau_v)^2+(lateral/tau_y)^2,False
severe,2,2.2,3128,False,Proposed,service,2,aware,none,0.65,0.92,5,0.6062645751383838,1.450621577775308,0.1652797945134973,1.5000646185628685,22.408248081493326,0.4415814609151866,700,50,700,148.86266397522456,0.07142857142857142,0.4404499999992595,1.8276000000128079,2.409993417693351,(gap/tau_g)^2+(speed/tau_v)^2+(lateral/tau_y)^2,False
severe,2,2.2,3129,False,Proposed,service,2,aware,none,0.65,0.92,5,0.6075834153298358,1.442478071971106,0.1661359144214665,1.576592950749425,22.550880835970894,0.4918743900530733,700,42,700,148.5397221461004,0.06,0.6389500000096859,1.516100000003462,2.407912306364913,(gap/tau_g)^2+(speed/tau_v)^2+(lateral/tau_y)^2,False
severe,2,2.2,3130,False,Proposed,service,2,aware,none,0.65,0.92,5,0.6058342516572731,1.4474772159731748,0.1663248871528232,1.5254735078062984,22.43066842822836,0.4947661653061963,700,67,700,148.46254990488148,0.09571428571428571,1.0083999999892512,1.769300000006524,2.4130807567144767,(gap/tau_g)^2+(speed/tau_v)^2+(lateral/tau_y)^2,False
severe,2,2.2,3131,False,Proposed,service,2,aware,none,0.65,0.92,5,0.6050454990182763,1.4661043748621332,0.1668693098906203,1.5006775326058184,22.391948020756963,0.4911699243854062,699,76,699,148.0389329920945,0.10872675250357654,0.7463000000029751,1.9742000000064763,2.443607457916333,(gap/tau_g)^2+(speed/tau_v)^2+(lateral/tau_y)^2,False
severe,2,2.2,3132,False,Proposed,service,2,aware,none,0.65,0.92,5,0.6040026287803066,1.4436850866708886,0.1654288646292883,1.5631574816413079,22.637036395377336,0.47836672096003774,700,64,700,148.80664287203965,0.09142857142857143,0.5570000000005848,1.3282999999830736,2.3961160879612873,(gap/tau_g)^2+(speed/tau_v)^2+(lateral/tau_y)^2,False
severe,2,2.2,3133,False,Proposed,service,2,aware,none,0.65,0.92,5,0.5959507398224723,1.4537665037302474,0.16534903229125134,1.5830911234338518,22.166846640401964,0.48675134878256676,700,43,700,148.8356109929781,0.06142857142857143,0.5832999999881849,1.538299999992887,2.393182497467653,(gap/tau_g)^2+(speed/tau_v)^2+(lateral/tau_y)^2,False
severe,2,2.2,3134,False,Proposed,service,2,aware,none,0.65,0.92,5,0.6138143689910344,1.4549391372832825,0.16606120844997516,1.5772409800052751,22.39054295587797,0.4675550289564101,700,92,700,148.55962464729043,0.13142857142857142,0.4641999999961399,0.7776999999862255,2.4392424783551596,(gap/tau_g)^2+(speed/tau_v)^2+(lateral/tau_y)^2,False
severe,2,2.2,3135,False,Proposed,service,2,aware,none,0.65,0.92,5,0.6005502409089791,1.4523936112050835,0.1665329817977042,1.4952294727018591,22.6169762118555,0.45417804417398033,700,44,700,148.39980803574014,0.06285714285714286,0.4749999999944521,0.9757999999919775,2.4107538085646607,(gap/tau_g)^2+(speed/tau_v)^2+(lateral/tau_y)^2,False
severe,2,2.2,3136,False,Proposed,service,2,aware,none,0.65,0.92,5,0.6135064695701002,1.4468978383756108,0.1653481286146625,1.5710430264916788,22.658796347655645,0.448340391181669,700,69,700,148.83830477730072,0.09857142857142857,0.47994999999900756,1.2867000000085227,2.420757261790971,(gap/tau_g)^2+(speed/tau_v)^2+(lateral/tau_y)^2,False
severe,2,2.2,3137,False,Proposed,service,2,aware,none,0.65,0.92,5,0.5991688742443895,1.454715155845578,0.16614130677982067,1.528225069977965,22.539017496434994,0.4828981168485337,699,46,699,148.32720890538218,0.06580829756795423,0.5956499999939524,1.0401000000115346,2.407993436161878,(gap/tau_g)^2+(speed/tau_v)^2+(lateral/tau_y)^2,False
severe,2,2.2,3138,False,Proposed,service,2,aware,none,0.65,0.92,5,0.613415013614123,1.4523131460839545,0.166171924519326,1.504824546901549,22.45562065503347,0.4953216374050543,700,44,700,148.5329751313946,0.06285714285714286,0.5373000000048478,1.1500999999896067,2.435395665281818,(gap/tau_g)^2+(speed/tau_v)^2+(lateral/tau_y)^2,False
severe,2,2.2,3139,False,Proposed,service,2,aware,none,0.65,0.92,5,0.6066796242492026,1.4351715937850362,0.1653419378186791,1.5488481885751921,22.463781028416825,0.47700454626531097,700,47,700,148.8377546187091,0.06714285714285714,0.45699999999726515,0.9785999999962769,2.388654372243483,(gap/tau_g)^2+(speed/tau_v)^2+(lateral/tau_y)^2,False
severe,2,2.2,3140,False,Proposed,service,2,aware,none,0.65,0.92,5,0.612895028358588,1.435156041415627,0.16523888633734218,1.528229031227646,22.474333724948977,0.47645640352658913,700,47,700,148.88467144125156,0.06714285714285714,0.55799999999806,1.3075999999898613,2.4012557464317634,(gap/tau_g)^2+(speed/tau_v)^2+(lateral/tau_y)^2,False
severe,2,2.2,3141,False,Proposed,service,2,aware,none,0.65,0.92,5,0.6049157224477973,1.459195306066207,0.16631770162139622,1.4979313814526591,22.441787577963247,0.49394592261635706,700,41,700,148.47446120813734,0.05857142857142857,0.4643000000186248,0.8329000000060205,2.4284218012184775,(gap/tau_g)^2+(speed/tau_v)^2+(lateral/tau_y)^2,False
severe,2,2.2,3142,False,Proposed,service,2,aware,none,0.65,0.92,5,0.610221070262594,1.4373159605100303,0.16597134263874344,1.523813697324557,22.629051014246528,0.45329607560589347,700,48,700,148.59615886076796,0.06857142857142857,0.4692499999947586,1.0189999999852262,2.4046718037212456,(gap/tau_g)^2+(speed/tau_v)^2+(lateral/tau_y)^2,False
severe,2,2.2,3143,False,Proposed,service,2,aware,none,0.65,0.92,5,0.6034193568400565,1.4340599462276997,0.16562536450657375,1.5331452456443522,22.767377572930755,0.49185910531140586,700,84,700,148.71254600342752,0.12,0.5151000000012118,1.2645000000190976,2.382358391462216,(gap/tau_g)^2+(speed/tau_v)^2+(lateral/tau_y)^2,False
severe,2,2.2,3144,False,Proposed,service,2,aware,none,0.65,0.92,5,0.608155271880807,1.4465790723365128,0.16613267823137384,1.538788331078446,22.455391550058415,0.4901313364646799,700,73,700,148.54371097613472,0.10428571428571429,0.546150000005241,2.9846000000190998,2.415166295791709,(gap/tau_g)^2+(speed/tau_v)^2+(lateral/tau_y)^2,False
severe,2,2.2,3145,False,Proposed,service,2,aware,none,0.65,0.92,5,0.609072787406703,1.465195468626723,0.16627271302413404,1.5404089996150767,22.44381888645742,0.4867545439697101,700,50,700,148.4918326249254,0.07142857142857142,0.5033000000054244,1.0455999999976484,2.4459719760738934,(gap/tau_g)^2+(speed/tau_v)^2+(lateral/tau_y)^2,False
severe,2,2.2,3146,False,Proposed,service,2,aware,none,0.65,0.92,5,0.6075487377284644,1.448520895636843,0.16592885439858643,1.5037809153281279,22.501969652450704,0.45131949582621544,700,88,700,148.60350026856233,0.12571428571428572,0.4915500000066686,0.9507000000041899,2.4150316228571214,(gap/tau_g)^2+(speed/tau_v)^2+(lateral/tau_y)^2,False
severe,2,2.2,3147,False,Proposed,service,2,aware,none,0.65,0.92,5,0.6121142042075861,1.4447313001980404,0.16595867266717526,1.5410504760001502,22.561028713290185,0.4977919679845857,700,78,700,148.60255102672167,0.11142857142857143,0.4858500000040067,1.7150000000185628,2.419584276650207,(gap/tau_g)^2+(speed/tau_v)^2+(lateral/tau_y)^2,False
severe,2,2.2,3148,False,Proposed,service,2,aware,none,0.65,0.92,5,0.6127535364336704,1.4363318400804077,0.16587494875093703,1.5416679250034961,22.38338879435966,0.4731785421190099,700,66,700,148.64025597115887,0.09428571428571429,0.5391500000087035,1.3816999999960444,2.4079352697129734,(gap/tau_g)^2+(speed/tau_v)^2+(lateral/tau_y)^2,False
severe,2,2.2,3149,False,Proposed,service,2,aware,none,0.65,0.92,5,0.6234880372390336,1.445539679246853,0.16562756078984142,1.5397600206991517,22.451470828864757,0.48853258022319135,700,104,700,148.7135800122719,0.14857142857142858,0.5222000000060234,1.3414000000011583,2.443015591275868,(gap/tau_g)^2+(speed/tau_v)^2+(lateral/tau_y)^2,False
severe,2,2.2,3150,False,Proposed,service,2,aware,none,0.65,0.92,5,0.6157146839493298,1.4446747474968598,0.16554295492977764,1.5057240793542492,22.435470508892607,0.4945847443535071,700,55,700,148.76512676764403,0.07857142857142857,0.5289500000031921,1.679800000005116,2.4239147818105318,(gap/tau_g)^2+(speed/tau_v)^2+(lateral/tau_y)^2,False
severe,2,2.4,3101,False,Proposed,service,2,aware,none,0.65,0.92,5,0.6199869416147983,1.4855486798169377,0.16509532739612925,1.4854091313360143,28.002273736043513,0.449444480724572,700,60,700,148.94625358483293,0.08571428571428572,0.5054999999885013,1.616399999988971,2.4907070371980353,(gap/tau_g)^2+(speed/tau_v)^2+(lateral/tau_y)^2,False
severe,2,2.4,3102,False,Proposed,service,2,aware,none,0.65,0.92,5,0.633039117571551,1.4993467983525812,0.16543997253725096,1.5475088948865066,28.028402339384,0.44484688065539324,700,90,700,148.8151793228524,0.12857142857142856,0.45990000000983855,1.1805000000038035,2.543643259086396,(gap/tau_g)^2+(speed/tau_v)^2+(lateral/tau_y)^2,False
severe,2,2.4,3103,False,Proposed,service,2,aware,none,0.65,0.92,5,0.6267872056022422,1.485632854386095,0.1654218721897898,1.541394766023551,27.495415404359704,0.4648395714171256,700,109,700,148.80313394586906,0.15571428571428572,0.4780000000152995,1.3288999999758744,2.5086055542090318,(gap/tau_g)^2+(speed/tau_v)^2+(lateral/tau_y)^2,False
severe,2,2.4,3104,False,Proposed,service,2,aware,none,0.65,0.92,5,0.632617942407367,1.4908659601569927,0.16553702157177697,1.5530685606567174,27.8915503739479,0.45872907147875397,700,64,700,148.77710510335913,0.09142857142857143,0.5878500000022768,1.7517999999938638,2.5305600901013743,(gap/tau_g)^2+(speed/tau_v)^2+(lateral/tau_y)^2,False
severe,2,2.4,3105,False,Proposed,service,2,aware,none,0.65,0.92,5,0.6094072907383803,1.4862633807274215,0.1650308349915991,1.5741092134564296,27.856033316875646,0.4294514973811867,700,65,700,148.9719831055221,0.09285714285714286,0.6716000000039912,1.4703999999881034,2.468135646392869,(gap/tau_g)^2+(speed/tau_v)^2+(lateral/tau_y)^2,False
severe,2,2.4,3106,False,Proposed,service,2,aware,none,0.65,0.92,5,0.6069541005936167,1.5000488749379874,0.1657093344688934,1.4716524553813504,28.000461971268564,0.4953694359811319,700,70,700,148.71461098529042,0.1,0.5067999999965878,1.0890000000074451,2.4894449687948104,(gap/tau_g)^2+(speed/tau_v)^2+(lateral/tau_y)^2,False
severe,2,2.4,3107,False,Proposed,service,2,aware,none,0.65,0.92,5,0.6249588321932806,1.5074198081620154,0.16573247821985482,1.5477333959755526,27.896135017918816,0.4893111679071317,699,116,699,148.48252724014623,0.1659513590844063,0.4613500000090198,1.017999999987751,2.5403784433134113,(gap/tau_g)^2+(speed/tau_v)^2+(lateral/tau_y)^2,False
severe,2,2.4,3108,False,Proposed,service,2,aware,none,0.65,0.92,5,0.6173845010081025,1.5013380405649026,0.16591968870120638,1.5003718721290673,27.816480478828034,0.4951997458207167,700,77,700,148.63213875942992,0.11,0.6838000000044531,1.226900000006026,2.515865912899133,(gap/tau_g)^2+(speed/tau_v)^2+(lateral/tau_y)^2,False
severe,2,2.4,3109,False,Proposed,service,2,aware,none,0.65,0.92,5,0.6253394152002645,1.5006442926211403,0.16587280466921142,1.4567851378554881,27.962989794710893,0.49417859389643337,700,52,700,148.65025199344714,0.07428571428571429,0.46589999999469,1.1603000000093289,2.531989146111574,(gap/tau_g)^2+(speed/tau_v)^2+(lateral/tau_y)^2,False
severe,2,2.4,3110,False,Proposed,service,2,aware,none,0.65,0.92,5,0.6186183917769045,1.4888239834836237,0.16429182381731264,1.5863099770927398,27.828639387831046,0.47509736607879005,700,142,700,149.2194263465062,0.20285714285714285,0.4789999999985639,1.0283999999955995,2.4860473391729005,(gap/tau_g)^2+(speed/tau_v)^2+(lateral/tau_y)^2,False
severe,2,2.4,3111,False,Proposed,service,2,aware,none,0.65,0.92,5,0.604101722539291,1.4981110604551147,0.16550950504182826,1.4772956916166906,27.94296526283997,0.49333591468299,700,52,700,148.7906481842932,0.07428571428571429,0.5446499999948173,1.7225999999936903,2.478684927589049,(gap/tau_g)^2+(speed/tau_v)^2+(lateral/tau_y)^2,False
severe,2,2.4,3112,False,Proposed,service,2,aware,none,0.65,0.92,5,0.6379671702906504,1.4864368568024597,0.1649461381741093,1.5033884959751582,27.854137449873,0.49470401755508475,700,93,700,148.99386843593552,0.13285714285714287,0.46089999999310294,0.9584000000018023,2.531033146959736,(gap/tau_g)^2+(speed/tau_v)^2+(lateral/tau_y)^2,False
severe,2,2.4,3113,False,Proposed,service,2,aware,none,0.65,0.92,5,0.6186451285858708,1.498667382858462,0.16501285770651236,1.5317675661230834,27.744507876549925,0.4713758527688725,700,42,700,148.96320679301255,0.06,0.5146999999965374,1.5937000000008084,2.5070457522668823,(gap/tau_g)^2+(speed/tau_v)^2+(lateral/tau_y)^2,False
severe,2,2.4,3114,False,Proposed,service,2,aware,none,0.65,0.92,5,0.6149233287685244,1.49084689890082,0.16476946012377067,1.5193245418857746,27.830630316908064,0.49731987900908603,700,67,700,149.07081943638136,0.09571428571428571,0.5390499999862186,1.8499999999903594,2.484948810333985,(gap/tau_g)^2+(speed/tau_v)^2+(lateral/tau_y)^2,False
severe,2,2.4,3115,False,Proposed,service,2,aware,none,0.65,0.92,5,0.6201541000200894,1.4948165519735725,0.16510343051220214,1.5062593758201543,27.969651068545573,0.49053382393285216,700,57,700,148.93456656970054,0.08142857142857143,0.5160000000046239,1.493199999998751,2.505235136984729,(gap/tau_g)^2+(speed/tau_v)^2+(lateral/tau_y)^2,False
severe,2,2.4,3116,False,Proposed,service,2,aware,none,0.65,0.92,5,0.6029174875790528,1.5067911968863092,0.16574208586799075,1.4603465514731069,27.878275812791188,0.4860700881585499,700,38,700,148.69505504551535,0.054285714285714284,0.4784999999998263,1.0096999999973377,2.491377484748554,(gap/tau_g)^2+(speed/tau_v)^2+(lateral/tau_y)^2,False
severe,2,2.4,3117,False,Proposed,service,2,aware,none,0.65,0.92,5,0.606518703633497,1.4916983496824758,0.16512168186487466,1.485158402066923,28.094520364629624,0.4551549083832461,700,66,700,148.93058534928227,0.09428571428571429,0.4935000000045875,2.1923000000185766,2.470899095275716,(gap/tau_g)^2+(speed/tau_v)^2+(lateral/tau_y)^2,False
severe,2,2.4,3118,False,Proposed,service,2,aware,none,0.65,0.92,5,0.6341784054787739,1.4898847135060376,0.16529289525947052,1.5220206522869815,27.934274527297397,0.4878556574671925,700,66,700,148.8614590352261,0.09428571428571429,0.506200000003787,1.1527000000057797,2.5305630030919746,(gap/tau_g)^2+(speed/tau_v)^2+(lateral/tau_y)^2,False
severe,2,2.4,3119,False,Proposed,service,2,aware,none,0.65,0.92,5,0.6189638553908416,1.492986938862368,0.16552914177563438,1.498997345750842,27.795579691101658,0.4958280027946753,700,59,700,148.78307448605992,0.08428571428571428,0.7147999999972399,2.201299999995854,2.5033429823922897,(gap/tau_g)^2+(speed/tau_v)^2+(lateral/tau_y)^2,False
severe,2,2.4,3120,False,Proposed,service,2,aware,none,0.65,0.92,5,0.6024173760888817,1.4838072987844935,0.1646882123778259,1.4445791054390653,27.842761094601727,0.4691276705601829,700,46,700,149.09146299629063,0.06571428571428571,0.5431000000015729,1.1823000000106276,2.4465308544554603,(gap/tau_g)^2+(speed/tau_v)^2+(lateral/tau_y)^2,False
severe,2,2.4,3121,False,Proposed,service,2,aware,none,0.65,0.92,5,0.6312783971268485,1.5043566285787358,0.16611089612711086,1.5625893610566575,27.781174470879705,0.4896010399237434,700,89,700,148.5584753771087,0.12714285714285714,0.4521000000039521,1.662500000009004,2.5529244367932407,(gap/tau_g)^2+(speed/tau_v)^2+(lateral/tau_y)^2,False
severe,2,2.4,3122,False,Proposed,service,2,aware,none,0.65,0.92,5,0.6081665113814464,1.5004437406801632,0.1654288231307618,1.4788777343787705,28.042601398571975,0.4955218771829515,700,61,700,148.83052369599002,0.08714285714285715,0.44619999998474213,0.9345000000280379,2.490346321454287,(gap/tau_g)^2+(speed/tau_v)^2+(lateral/tau_y)^2,False
severe,2,2.4,3123,False,Proposed,service,2,aware,none,0.65,0.92,5,0.6141712341077887,1.500021810604692,0.16602011297667427,1.5475466752752114,27.99588511198727,0.4594921549590699,700,61,700,148.60242024339618,0.08714285714285715,0.4609500000043454,1.213200000023562,2.5076485016353383,(gap/tau_g)^2+(speed/tau_v)^2+(lateral/tau_y)^2,False
severe,2,2.4,3124,False,Proposed,service,2,aware,none,0.65,0.92,5,0.6146913944877354,1.4881515431138235,0.16543879940187967,1.4429397560144417,28.165149596957875,0.49498416346733665,700,50,700,148.81711660374074,0.07142857142857142,0.4392999999964786,1.079499999974587,2.4858706765675613,(gap/tau_g)^2+(speed/tau_v)^2+(lateral/tau_y)^2,False
severe,2,2.4,3125,False,Proposed,service,2,aware,none,0.65,0.92,5,0.6093458688689566,1.4846156246667546,0.16504886313208417,1.546853601601373,27.942343053044453,0.48977957010105055,700,88,700,148.9559200017843,0.12571428571428572,0.8021000000013601,1.834099999996397,2.465653739590281,(gap/tau_g)^2+(speed/tau_v)^2+(lateral/tau_y)^2,False
severe,2,2.4,3126,False,Proposed,service,2,aware,none,0.65,0.92,5,0.6122086290659751,1.4924488942974685,0.1648050858393603,1.5183635291678836,27.882034531496927,0.4503094672840312,700,62,700,149.0501245417447,0.08857142857142856,1.1048000000073444,2.1990000000187138,2.4817584224401106,(gap/tau_g)^2+(speed/tau_v)^2+(lateral/tau_y)^2,False
severe,2,2.4,3127,False,Proposed,service,2,aware,none,0.65,0.92,5,0.6104547468810315,1.5030586773343668,0.16499617677049616,1.4889416795393675,27.659593307736785,0.49724084190266715,700,57,700,148.99215523844217,0.08142857142857143,0.5816500000008773,1.7163999999922908,2.495736838798244,(gap/tau_g)^2+(speed/tau_v)^2+(lateral/tau_y)^2,False
severe,2,2.4,3128,False,Proposed,service,2,aware,none,0.65,0.92,5,0.6142493091657026,1.4980718404595652,0.1646732279924997,1.467366053346834,27.74253479574869,0.44621403708553,700,51,700,149.10016757068712,0.07285714285714286,0.7236499999834223,2.141399999999294,2.493701107562584,(gap/tau_g)^2+(speed/tau_v)^2+(lateral/tau_y)^2,False
severe,2,2.4,3129,False,Proposed,service,2,aware,none,0.65,0.92,5,0.6144180746668986,1.4908815857356277,0.16551214231314054,1.543459527351042,28.06276412253603,0.4958303808650488,700,42,700,148.78322686869137,0.06,0.46744999998793446,0.8100999999953729,2.490029704929219,(gap/tau_g)^2+(speed/tau_v)^2+(lateral/tau_y)^2,False
severe,2,2.4,3130,False,Proposed,service,2,aware,none,0.65,0.92,5,0.6149542901297139,1.4946959378995812,0.16569731313315073,1.49328905231213,27.919501480780234,0.4947661653061963,700,66,700,148.7084469183872,0.09428571428571429,0.5300000000119098,1.2805000000071232,2.498545115837861,(gap/tau_g)^2+(speed/tau_v)^2+(lateral/tau_y)^2,False
severe,2,2.4,3131,False,Proposed,service,2,aware,none,0.65,0.92,5,0.6111752757065952,1.5133109232743291,0.1662375079457643,1.439635979460968,28.046108197494128,0.4911699243854062,699,56,699,148.28717304667438,0.08011444921316166,0.47394999999994525,1.781700000009323,2.523358779462767,(gap/tau_g)^2+(speed/tau_v)^2+(lateral/tau_y)^2,False
severe,2,2.4,3132,False,Proposed,service,2,aware,none,0.65,0.92,5,0.6109239825483503,1.491055903264211,0.1648251387040513,1.529094085357333,28.05317107893468,0.4850405746673081,700,64,700,149.04244223972898,0.09142857142857143,0.5260500000048296,1.3876000000152544,2.477009857498549,(gap/tau_g)^2+(speed/tau_v)^2+(lateral/tau_y)^2,False
severe,2,2.4,3133,False,Proposed,service,2,aware,none,0.65,0.92,5,0.6034090921376416,1.5006099896163891,0.164748190884555,1.5486975947347486,27.530388362015316,0.49094158268670607,700,43,700,149.0704141207022,0.06142857142857143,0.492649999998207,1.165999999983569,2.4747355821489467,(gap/tau_g)^2+(speed/tau_v)^2+(lateral/tau_y)^2,False
severe,2,2.4,3134,False,Proposed,service,2,aware,none,0.65,0.92,5,0.6204413083223532,1.5036231797639223,0.16544331782216692,1.5308843067764661,28.0806741688206,0.47540664235529273,700,86,700,148.80319755468653,0.12285714285714286,0.5864999999971587,1.9436000000041531,2.5221498136398384,(gap/tau_g)^2+(speed/tau_v)^2+(lateral/tau_y)^2,False
severe,2,2.4,3135,False,Proposed,service,2,aware,none,0.65,0.92,5,0.6029004200861959,1.5040349350125457,0.1658825375311472,1.4608699829330463,28.01586739439832,0.4939736655762912,700,43,700,148.65242987163595,0.06142857142857143,0.5529000000024098,1.2689999999793145,2.488271335828758,(gap/tau_g)^2+(speed/tau_v)^2+(lateral/tau_y)^2,False
severe,2,2.4,3136,False,Proposed,service,2,aware,none,0.65,0.92,5,0.6187387026524215,1.495212824671442,0.1647327413667824,1.5239189737900425,28.1059060801743,0.45819144765115094,700,61,700,149.0784487583732,0.08714285714285715,0.4483499999992091,0.7675999999889882,2.499665614885949,(gap/tau_g)^2+(speed/tau_v)^2+(lateral/tau_y)^2,False
severe,2,2.4,3137,False,Proposed,service,2,aware,none,0.65,0.92,5,0.6074728954503389,1.5026516087039186,0.16552287408116487,1.4883739239836324,27.94539531029144,0.4861278975535399,700,46,700,148.78342676169333,0.06571428571428571,0.4948999999925263,1.7377000000067255,2.493008357264933,(gap/tau_g)^2+(speed/tau_v)^2+(lateral/tau_y)^2,False
severe,2,2.4,3138,False,Proposed,service,2,aware,none,0.65,0.92,5,0.6209630794259399,1.500906849264654,0.1655423068056187,1.4711856690733163,27.918431008686262,0.4953216374050543,700,44,700,148.77787089401588,0.06285714285714286,0.5210999999860633,1.3208000000020093,2.519956503200563,(gap/tau_g)^2+(speed/tau_v)^2+(lateral/tau_y)^2,False
severe,2,2.4,3139,False,Proposed,service,2,aware,none,0.65,0.92,5,0.6135148867265906,1.4831474344651767,0.16473941047202362,1.5114517206542206,27.846884937724262,0.48785843846216315,700,46,700,149.07328216891963,0.06571428571428571,0.45640000000446435,0.8181000000035965,2.4699426504148057,(gap/tau_g)^2+(speed/tau_v)^2+(lateral/tau_y)^2,False
severe,2,2.4,3140,False,Proposed,service,2,aware,none,0.65,0.92,5,0.6196023337553749,1.4823404629201398,0.16464353651938185,1.5006127189598535,27.74056265972603,0.47257790390586907,700,51,700,149.11740492869174,0.07285714285714286,0.5810999999908972,2.1476000000006934,2.4812771705512917,(gap/tau_g)^2+(speed/tau_v)^2+(lateral/tau_y)^2,False
severe,2,2.4,3141,False,Proposed,service,2,aware,none,0.65,0.92,5,0.611243645887095,1.5080732930801237,0.16568477877223384,1.4654103555335716,27.87864162496053,0.49394592261635706,700,41,700,148.72073083137886,0.05857142857142857,0.5443500000126278,1.4566000000115764,2.5108468574178913,(gap/tau_g)^2+(speed/tau_v)^2+(lateral/tau_y)^2,False
severe,2,2.4,3142,False,Proposed,service,2,aware,none,0.65,0.92,5,0.6181918917922632,1.4852818811267787,0.16535525451629923,1.4987594899250776,28.01189382120726,0.4587901916984398,700,49,700,148.8369267585358,0.07,0.5528500000053782,1.6053999999883217,2.4884986932522843,(gap/tau_g)^2+(speed/tau_v)^2+(lateral/tau_y)^2,False
severe,2,2.4,3143,False,Proposed,service,2,aware,none,0.65,0.92,5,0.6110026777720585,1.4809988924049156,0.16501053600377683,1.5059775043628805,28.195799904867144,0.49626134705316294,700,84,700,148.95407966269622,0.12,0.4886999999911268,1.4436000000159765,2.463459580777587,(gap/tau_g)^2+(speed/tau_v)^2+(lateral/tau_y)^2,False
severe,2,2.4,3144,False,Proposed,service,2,aware,none,0.65,0.92,5,0.6153429298245573,1.49520861180955,0.16550778859661314,1.5039709542692357,27.923083082422934,0.4946594990306574,700,73,700,148.78713993511948,0.10428571428571429,0.49850000000617456,1.3990999999862197,2.4986079236367935,(gap/tau_g)^2+(speed/tau_v)^2+(lateral/tau_y)^2,False
severe,2,2.4,3145,False,Proposed,service,2,aware,none,0.65,0.92,5,0.6234747809275482,1.5111431327247848,0.1656529999252071,1.540685760472305,27.82424404547146,0.49358578370126693,700,61,700,148.73341037908574,0.08714285714285715,0.5632000000019843,0.9929999999940264,2.542160464772565,(gap/tau_g)^2+(speed/tau_v)^2+(lateral/tau_y)^2,False
severe,2,2.4,3146,False,Proposed,service,2,aware,none,0.65,0.92,5,0.6127929680910565,1.4974651706548694,0.16531225121372467,1.465534061811176,27.87155610481748,0.45504935534858426,700,83,700,148.8421785146106,0.11857142857142858,0.4967999999934136,0.8745999999746346,2.494868747547576,(gap/tau_g)^2+(speed/tau_v)^2+(lateral/tau_y)^2,False
severe,2,2.4,3147,False,Proposed,service,2,aware,none,0.65,0.92,5,0.6133387202484639,1.495961403792856,0.16534717514781463,1.507504133298027,28.147679945020194,0.4972371009771206,700,83,700,148.84193535073297,0.11857142857142858,0.5169500000050675,0.8942000000047301,2.49405043000559,(gap/tau_g)^2+(speed/tau_v)^2+(lateral/tau_y)^2,False
severe,2,2.4,3148,False,Proposed,service,2,aware,none,0.65,0.92,5,0.6176374881285475,1.486873405676862,0.16524606709672576,1.515941077851736,27.300178960567976,0.4762678694990431,700,64,700,148.88409171531757,0.09142857142857143,0.4982499999925949,1.1153999999748976,2.488791611128436,(gap/tau_g)^2+(speed/tau_v)^2+(lateral/tau_y)^2,False
severe,2,2.4,3149,False,Proposed,service,2,aware,none,0.65,0.92,5,0.6314833190015566,1.491210313565292,0.16501729127662348,1.50808814496767,27.869833200148697,0.4929036365136862,700,102,700,148.9531305593215,0.1457142857142857,0.5888000000027205,2.0084999999880893,2.524239206234126,(gap/tau_g)^2+(speed/tau_v)^2+(lateral/tau_y)^2,False
severe,2,2.4,3150,False,Proposed,service,2,aware,none,0.65,0.92,5,0.6161738211170447,1.4954618894068488,0.1649452321466896,1.4654617017652112,27.81669030174016,0.4998755646175266,700,53,700,148.999617648129,0.07571428571428572,0.5837500000041018,1.2742000000116604,2.4961660486314035,(gap/tau_g)^2+(speed/tau_v)^2+(lateral/tau_y)^2,False
severe,2,2.6,3101,False,Proposed,service,2,aware,none,0.65,0.92,5,0.6191000631649654,1.5297354427670202,0.16447106852402021,1.4500256417814095,33.43357434000994,0.45312103279685856,700,56,700,149.1899343494591,0.08,0.4856499999874586,1.2870999999847754,2.551587403527389,(gap/tau_g)^2+(speed/tau_v)^2+(lateral/tau_y)^2,False
severe,2,2.6,3102,False,Proposed,service,2,aware,none,0.65,0.92,5,0.6306218552191283,1.544919067902418,0.16483138245212905,1.5056618284235876,33.328380421273835,0.4474819557028602,700,86,700,149.05376856296627,0.12285714285714286,0.4979999999932261,1.6725000000121781,2.6039705685631436,(gap/tau_g)^2+(speed/tau_v)^2+(lateral/tau_y)^2,False
severe,2,2.6,3103,False,Proposed,service,2,aware,none,0.65,0.92,5,0.6299583445190736,1.5302303223405163,0.1648430626261176,1.4997455147582035,33.3706140229199,0.46726983143309564,700,97,700,149.03097114870312,0.13857142857142857,0.5428500000164149,1.6205999999954201,2.57953392384438,(gap/tau_g)^2+(speed/tau_v)^2+(lateral/tau_y)^2,False
severe,2,2.6,3104,False,Proposed,service,2,aware,none,0.65,0.92,5,0.6351400098808679,1.5348656006685029,0.16492796652844222,1.5114526620460282,33.39507524825373,0.4770701667671514,700,67,700,149.01526179663836,0.09571428571428571,0.5472999999938111,1.543999999995549,2.59913655229386,(gap/tau_g)^2+(speed/tau_v)^2+(lateral/tau_y)^2,False
severe,2,2.6,3105,False,Proposed,service,2,aware,none,0.65,0.92,5,0.613611080019096,1.5286036368888454,0.16443159754145237,1.5451488938220899,33.384191681096716,0.4297585622796225,700,66,700,149.2043183532469,0.09428571428571429,0.4515500000081829,0.9440999999981159,2.537467774454056,(gap/tau_g)^2+(speed/tau_v)^2+(lateral/tau_y)^2,False
severe,2,2.6,3106,False,Proposed,service,2,aware,none,0.65,0.92,5,0.6107759559385533,1.5429433278622127,0.16509258156732332,1.4417819161080343,33.39725137575073,0.4953694359811319,700,70,700,148.95547039442482,0.1,0.5803500000070017,1.4850999999964642,2.559213805439133,(gap/tau_g)^2+(speed/tau_v)^2+(lateral/tau_y)^2,False
severe,2,2.6,3107,False,Proposed,service,2,aware,none,0.65,0.92,5,0.6281700231985172,1.550163619588352,0.16512170072413773,1.5015508102151633,33.23339748064456,0.49394411452637754,699,113,699,148.7220669663782,0.16165951359084407,0.5488000000042348,1.5652000000159205,2.6091603125294567,(gap/tau_g)^2+(speed/tau_v)^2+(lateral/tau_y)^2,False
severe,2,2.6,3108,False,Proposed,service,2,aware,none,0.65,0.92,5,0.6198915089333785,1.5426685405436544,0.1653190946425931,1.4708398629979171,33.27335133210674,0.4951997458207167,700,75,700,148.87272473353715,0.10714285714285714,0.4800500000072816,1.0696999999879608,2.580595766582861,(gap/tau_g)^2+(speed/tau_v)^2+(lateral/tau_y)^2,False
severe,2,2.6,3109,False,Proposed,service,2,aware,none,0.65,0.92,5,0.6292846948013955,1.5441426858613092,0.1652523242331394,1.4253472127214966,33.33402037601602,0.49417859389643337,700,43,700,148.89499631893892,0.06142857142857143,0.6339000000110673,1.500600000014174,2.603225583555851,(gap/tau_g)^2+(speed/tau_v)^2+(lateral/tau_y)^2,False
severe,2,2.6,3110,False,Proposed,service,2,aware,none,0.65,0.92,5,0.6204456332204564,1.5303069185096017,0.1637167656088545,1.5556809000128466,33.15376269289383,0.4728418999866476,700,141,700,149.44741350967968,0.20142857142857143,0.45624999998494786,1.319599999987986,2.54925593948568,(gap/tau_g)^2+(speed/tau_v)^2+(lateral/tau_y)^2,False
severe,2,2.6,3111,False,Proposed,service,2,aware,none,0.65,0.92,5,0.6079365871872912,1.5405843004058581,0.1649001612852881,1.4465815143341811,33.31590677600809,0.4964567137754131,700,51,700,149.0284239340371,0.07285714285714286,0.484799999995289,1.5090999999927135,2.5477633075210173,(gap/tau_g)^2+(speed/tau_v)^2+(lateral/tau_y)^2,False
severe,2,2.6,3112,False,Proposed,service,2,aware,none,0.65,0.92,5,0.6410693033312872,1.5292342510624846,0.16434976419540345,1.4702881459856434,33.37643083121297,0.4971445884361161,700,94,700,149.22635732831318,0.13428571428571429,0.4556500000063579,1.419099999992568,2.5990257222878768,(gap/tau_g)^2+(speed/tau_v)^2+(lateral/tau_y)^2,False
severe,2,2.6,3113,False,Proposed,service,2,aware,none,0.65,0.92,5,0.6227022579221778,1.540352359442461,0.1644180714443923,1.5020410459650588,33.102668363515846,0.47467846129969005,700,41,700,149.1966777019202,0.05857142857142857,0.5312000000117223,1.8614999999897464,2.575734063405022,(gap/tau_g)^2+(speed/tau_v)^2+(lateral/tau_y)^2,False
severe,2,2.6,3114,False,Proposed,service,2,aware,none,0.65,0.92,5,0.6184504952353624,1.531915275020807,0.16418119585937893,1.4880060045342138,33.28552800289977,0.49857031526181284,700,68,700,149.3028945348244,0.09714285714285714,0.4622999999952526,1.1056000000166932,2.551181656367046,(gap/tau_g)^2+(speed/tau_v)^2+(lateral/tau_y)^2,False
severe,2,2.6,3115,False,Proposed,service,2,aware,none,0.65,0.92,5,0.6211247378127855,1.537923815673324,0.16450663182371195,1.4925669526259762,33.25585778794066,0.49376432457348496,700,61,700,149.16867482228156,0.08714285714285715,0.6752999999974918,1.8508999999937714,2.569159870486865,(gap/tau_g)^2+(speed/tau_v)^2+(lateral/tau_y)^2,False
severe,2,2.6,3116,False,Proposed,service,2,aware,none,0.65,0.92,5,0.612847073854496,1.5479726534355447,0.16514275523638494,1.4360800097802455,33.25776335573146,0.48904938612821414,700,39,700,148.93058273379876,0.055714285714285716,0.47594999999489573,1.5858000000150696,2.5720646341044264,(gap/tau_g)^2+(speed/tau_v)^2+(lateral/tau_y)^2,False
severe,2,2.6,3117,False,Proposed,service,2,aware,none,0.65,0.92,5,0.6108053320305925,1.5332757365922798,0.16451977326984288,1.4552997370731129,33.573357441757004,0.4579344685563318,700,66,700,149.16646497135437,0.09428571428571429,0.4564999999843167,1.196399999997766,2.5393842043214945,(gap/tau_g)^2+(speed/tau_v)^2+(lateral/tau_y)^2,False
severe,2,2.6,3118,False,Proposed,service,2,aware,none,0.65,0.92,5,0.6380136028905204,1.5320474341954151,0.16469840853580067,1.4898200027684703,33.42892401861561,0.49669678141451734,700,61,700,149.0980934169016,0.08714285714285715,0.44710000000236505,1.243099999982178,2.599339157733575,(gap/tau_g)^2+(speed/tau_v)^2+(lateral/tau_y)^2,False
severe,2,2.6,3119,False,Proposed,service,2,aware,none,0.65,0.92,5,0.6266459319523674,1.5330541763304475,0.16493436781111667,1.4616139522480716,33.356004566683616,0.4977148185501249,700,61,700,149.0160708149015,0.08714285714285715,0.4801000000043132,2.0562999999924614,2.577300278057378,(gap/tau_g)^2+(speed/tau_v)^2+(lateral/tau_y)^2,False
severe,2,2.6,3120,False,Proposed,service,2,aware,none,0.65,0.92,5,0.6059784596871575,1.5247627112909572,0.16410697092263113,1.416449474701477,33.21170697716005,0.47178883969179286,700,46,700,149.31955334676854,0.06571428571428571,0.4409499999979971,1.107599999983222,2.5122691820532475,(gap/tau_g)^2+(speed/tau_v)^2+(lateral/tau_y)^2,False
severe,2,2.6,3121,False,Proposed,service,2,aware,none,0.65,0.92,5,0.6376739286465696,1.5469895624834216,0.16548560482370592,1.5319338903480582,33.16233041274048,0.4929221054464531,700,88,700,148.80289469838377,0.12571428571428572,0.9562000000045145,1.7971000000045478,2.628539950832243,(gap/tau_g)^2+(speed/tau_v)^2+(lateral/tau_y)^2,False
severe,2,2.6,3122,False,Proposed,service,2,aware,none,0.65,0.92,5,0.612085771453939,1.542671602721833,0.1648177327406406,1.4485611122054454,33.43679015582131,0.4955218771829515,700,61,700,149.06850321955227,0.08714285714285715,0.9692999999941776,3.819399999997586,2.5593666518169376,(gap/tau_g)^2+(speed/tau_v)^2+(lateral/tau_y)^2,False
severe,2,2.6,3123,False,Proposed,service,2,aware,none,0.65,0.92,5,0.6185801959696442,1.5432790943971044,0.16540020354603968,1.5160190760743282,33.417641527220276,0.46644050336286735,700,61,700,148.84470417798983,0.08714285714285715,0.5324999999913871,1.9472999999834428,2.5793405142924284,(gap/tau_g)^2+(speed/tau_v)^2+(lateral/tau_y)^2,False
severe,2,2.6,3124,False,Proposed,service,2,aware,none,0.65,0.92,5,0.6182398502829286,1.5308326716625213,0.16483295581155225,1.4128735147406126,33.43660199731046,0.49784703399010866,700,50,700,149.05411647372262,0.07142857142857142,0.7185999999990145,2.0623999999997977,2.5543877921646314,(gap/tau_g)^2+(speed/tau_v)^2+(lateral/tau_y)^2,False
severe,2,2.6,3125,False,Proposed,service,2,aware,none,0.65,0.92,5,0.61228445577499,1.5276721415744685,0.16446147620581694,1.5157018245346783,33.365637348469384,0.49098024647849425,700,88,700,149.1849068960297,0.12571428571428572,0.4415000000079772,1.1262000000158423,2.533369738379072,(gap/tau_g)^2+(speed/tau_v)^2+(lateral/tau_y)^2,False
severe,2,2.6,3126,False,Proposed,service,2,aware,none,0.65,0.92,5,0.6159464803040036,1.5338467743216264,0.16421976170465782,1.4888604503898684,33.40068166210694,0.45521851599136565,700,62,700,149.27991499976935,0.08857142857142856,0.5924000000021579,1.5060000000062246,2.549024445672023,(gap/tau_g)^2+(speed/tau_v)^2+(lateral/tau_y)^2,False
severe,2,2.6,3127,False,Proposed,service,2,aware,none,0.65,0.92,5,0.6131392402115784,1.5451470596612025,0.16441789861665912,1.4536200975147096,33.019089841677534,0.49724084190266715,700,56,700,149.21852492381944,0.08,0.48199999999098964,0.9957000000042626,2.5622701817105416,(gap/tau_g)^2+(speed/tau_v)^2+(lateral/tau_y)^2,False
severe,2,2.6,3128,False,Proposed,service,2,aware,none,0.65,0.92,5,0.6179677418094507,1.5395974645502106,0.1640797169425981,1.4380710368231764,33.14441183816741,0.45058545613562606,700,50,700,149.33283879894276,0.07142857142857142,0.49319999999397623,0.8332000000166317,2.5613264846156483,(gap/tau_g)^2+(speed/tau_v)^2+(lateral/tau_y)^2,False
severe,2,2.6,3129,False,Proposed,service,2,aware,none,0.65,0.92,5,0.6176321532998734,1.5335270639689913,0.16490116395509558,1.5136759811622598,33.51564140591187,0.4958303808650488,700,42,700,149.0222995162107,0.06,0.47295000000247,1.1435999999775959,2.5578274259512024,(gap/tau_g)^2+(speed/tau_v)^2+(lateral/tau_y)^2,False
severe,2,2.6,3130,False,Proposed,service,2,aware,none,0.65,0.92,5,0.6187040197249931,1.537266969985677,0.16508166666055002,1.462755318223979,33.44332395529189,0.4947661653061963,700,66,700,148.94988372483854,0.09428571428571429,0.4865499999908707,1.0810999999932847,2.5675318133335203,(gap/tau_g)^2+(speed/tau_v)^2+(lateral/tau_y)^2,False
severe,2,2.6,3131,False,Proposed,service,2,aware,none,0.65,0.92,5,0.6127534546667536,1.5571102811308788,0.16560301433783245,1.4021867163761794,33.33243767800362,0.4911699243854062,699,55,699,148.53613066750583,0.07868383404864092,0.49880000000257496,1.415799999989531,2.5901424383918465,(gap/tau_g)^2+(speed/tau_v)^2+(lateral/tau_y)^2,False
severe,2,2.6,3132,False,Proposed,service,2,aware,none,0.65,0.92,5,0.6141619375497505,1.5325723192419132,0.16423422933556436,1.4983981313041619,33.41947056930438,0.491075408512625,700,63,700,149.27404337500644,0.09,0.45599999998557905,0.9311999999965792,2.543246815953184,(gap/tau_g)^2+(speed/tau_v)^2+(lateral/tau_y)^2,False
severe,2,2.6,3133,False,Proposed,service,2,aware,none,0.65,0.92,5,0.6070420498270073,1.5415835809284635,0.16416041634629278,1.517587021187721,32.96289594287143,0.4948678876774918,700,43,700,149.30090511975575,0.06142857142857143,0.503599999987614,1.388800000000856,2.5413170216031844,(gap/tau_g)^2+(speed/tau_v)^2+(lateral/tau_y)^2,False
severe,2,2.6,3134,False,Proposed,service,2,aware,none,0.65,0.92,5,0.6240636627750805,1.546496519777217,0.16483650316237405,1.4986990893005288,33.43546607215804,0.4826157762977612,700,88,700,149.0415437727143,0.12571428571428572,0.533649999994168,1.3780999999823962,2.591872422890493,(gap/tau_g)^2+(speed/tau_v)^2+(lateral/tau_y)^2,False
severe,2,2.6,3135,False,Proposed,service,2,aware,none,0.65,0.92,5,0.6073149999013426,1.5469768192363789,0.16526624361033854,1.4305768970479016,33.42270360027691,0.4939736655762912,700,44,700,148.8930991999534,0.06285714285714286,0.46790000000385135,1.5420999999946616,2.5595121503412157,(gap/tau_g)^2+(speed/tau_v)^2+(lateral/tau_y)^2,False
severe,2,2.6,3136,False,Proposed,service,2,aware,none,0.65,0.92,5,0.6228814782839164,1.5366479357617682,0.16414843022063044,1.4919032730198956,33.49683590794526,0.46730462103078396,700,61,700,149.30746122641543,0.08714285714285715,0.5179000000055112,1.507300000014311,2.5681004792180695,(gap/tau_g)^2+(speed/tau_v)^2+(lateral/tau_y)^2,False
severe,2,2.6,3137,False,Proposed,service,2,aware,none,0.65,0.92,5,0.6122184393269584,1.5447795120939418,0.1649049352932262,1.4614868636841858,33.39766345049922,0.4893132174822594,700,49,700,149.02265635506572,0.07,0.4977499999938573,1.2107999999955155,2.563694667734203,(gap/tau_g)^2+(speed/tau_v)^2+(lateral/tau_y)^2,False
severe,2,2.6,3138,False,Proposed,service,2,aware,none,0.65,0.92,5,0.6246974364419217,1.5436496249903882,0.16492706070626964,1.4429419072176835,33.41292686050423,0.4953216374050543,700,45,700,149.01805616116988,0.06428571428571428,0.4824500000069065,1.9039000000020678,2.589537548340558,(gap/tau_g)^2+(speed/tau_v)^2+(lateral/tau_y)^2,False
severe,2,2.6,3139,False,Proposed,service,2,aware,none,0.65,0.92,5,0.6170300154307216,1.5245982806740201,0.16415223166790835,1.4644657913666228,33.26134088022092,0.4990497650910961,700,47,700,149.304352662682,0.06714285714285714,0.4718499999967207,1.2756999999794516,2.536413497491384,(gap/tau_g)^2+(speed/tau_v)^2+(lateral/tau_y)^2,False
severe,2,2.6,3140,False,Proposed,service,2,aware,none,0.65,0.92,5,0.6233218727329048,1.524160801333688,0.16406451380811024,1.4686353601454245,33.108136176405516,0.48199408014668577,700,52,700,149.34432396102864,0.07428571428571429,0.4789999999985639,1.693700000004128,2.548887227213463,(gap/tau_g)^2+(speed/tau_v)^2+(lateral/tau_y)^2,False
severe,2,2.6,3141,False,Proposed,service,2,aware,none,0.65,0.92,5,0.6184071411869402,1.550049421334078,0.1650822085685222,1.437800311265042,33.31252665974039,0.49394592261635706,700,44,700,148.9575537630309,0.06285714285714286,0.5352000000016233,1.2411999999812906,2.5870177830037653,(gap/tau_g)^2+(speed/tau_v)^2+(lateral/tau_y)^2,False
severe,2,2.6,3142,False,Proposed,service,2,aware,none,0.65,0.92,5,0.6224222546111516,1.527379635634185,0.1647519554111879,1.4695180961978855,33.45062498474619,0.46392298274857524,700,50,700,149.0734565022571,0.07142857142857142,0.48515000000293185,1.484099999998989,2.5575573654729684,(gap/tau_g)^2+(speed/tau_v)^2+(lateral/tau_y)^2,False
severe,2,2.6,3143,False,Proposed,service,2,aware,none,0.65,0.92,5,0.6146750568464499,1.5234280268005134,0.1644097464469749,1.4710185932093667,33.54281864740738,0.49691199118955576,700,84,700,149.19082781040527,0.12,0.6168000000030815,1.1057000000107564,2.5315522088458255,(gap/tau_g)^2+(speed/tau_v)^2+(lateral/tau_y)^2,False
severe,2,2.6,3144,False,Proposed,service,2,aware,none,0.65,0.92,5,0.6200016939010288,1.536990140595174,0.16489416124715744,1.472939764705895,33.28173467927823,0.4957429872471567,700,74,700,149.02703216408247,0.10571428571428572,0.5210000000062109,1.3005000000134714,2.5684084652321357,(gap/tau_g)^2+(speed/tau_v)^2+(lateral/tau_y)^2,False
severe,2,2.6,3145,False,Proposed,service,2,aware,none,0.65,0.92,5,0.624443706707443,1.5527047633837865,0.16504620548748158,1.4973530357655227,33.21537388243836,0.49358578370126693,700,59,700,148.9766453503122,0.08428571428571428,0.6231500000097867,1.9821999999862783,2.604262016660112,(gap/tau_g)^2+(speed/tau_v)^2+(lateral/tau_y)^2,False
severe,2,2.6,3146,False,Proposed,service,2,aware,none,0.65,0.92,5,0.6142073912053714,1.5397202062534747,0.1647215822079234,1.4358661525144252,33.29355194091442,0.45850589143638243,700,80,700,149.0808994051181,0.11428571428571428,0.6096499999870275,2.3820000000114305,2.5585583008008403,(gap/tau_g)^2+(speed/tau_v)^2+(lateral/tau_y)^2,False
severe,2,2.6,3147,False,Proposed,service,2,aware,none,0.65,0.92,5,0.6228641215332034,1.5340907350727113,0.16473996997373525,1.4792964805007311,33.51631855428896,0.4977919679845857,700,85,700,149.07976670475077,0.12142857142857143,0.48540000000230066,1.797400000015159,2.5689194289899033,(gap/tau_g)^2+(speed/tau_v)^2+(lateral/tau_y)^2,False
severe,2,2.6,3148,False,Proposed,service,2,aware,none,0.65,0.92,5,0.6214956784776063,1.5288004902725898,0.16463992978024225,1.486854433301491,32.673988556736774,0.4792814230825091,700,64,700,149.12176170538174,0.09142857142857143,0.5085500000063803,1.1942999999803305,2.5568013216499343,(gap/tau_g)^2+(speed/tau_v)^2+(lateral/tau_y)^2,False
severe,2,2.6,3149,False,Proposed,service,2,aware,none,0.65,0.92,5,0.6355752596022619,1.5335068823509779,0.1644265606072386,1.4967220345932402,33.39811897130067,0.4968535689884017,700,99,700,149.18720594656537,0.14142857142857143,0.5986999999976206,1.3505999999949836,2.593864226834721,(gap/tau_g)^2+(speed/tau_v)^2+(lateral/tau_y)^2,False
severe,2,2.6,3150,False,Proposed,service,2,aware,none,0.65,0.92,5,0.6308002331093511,1.5330837848588164,0.16435272174423476,1.4367332112029871,33.32550525248386,0.4878441310017352,700,57,700,149.23031177602866,0.08142857142857143,0.4836999999895397,0.9057999999981803,2.581845156263637,(gap/tau_g)^2+(speed/tau_v)^2+(lateral/tau_y)^2,False
severe,3,1.8,3101,True,Proposed,service,3,aware,none,0.65,0.92,5,0.6082826550195904,1.3056616367386347,0.16690899380371566,1.6580645032278234,11.434362857452143,0.43781034248989925,1050,139,1050,222.3527521948668,0.13238095238095238,0.5031000000030872,1.5897000000109074,2.224028515688959,(gap/tau_g)^2+(speed/tau_v)^2+(lateral/tau_y)^2,False
severe,3,1.8,3102,True,Proposed,service,3,aware,none,0.65,0.92,5,0.6233258633507335,1.3127078875764813,0.16734829082352154,1.712129360893089,11.57583596168412,0.43563624355700614,1049,191,1049,221.90168706634387,0.18207816968541468,0.5058499999961441,1.4812000000006265,2.2700500773665997,(gap/tau_g)^2+(speed/tau_v)^2+(lateral/tau_y)^2,False
severe,3,1.8,3103,True,Proposed,service,3,aware,none,0.65,0.92,5,0.6121820312661534,1.3044190497954409,0.1672610590622948,1.7316117472361505,11.543042833607565,0.4499751138034007,1050,216,1050,222.10834457962673,0.2057142857142857,0.4681499999890093,1.5794999999911852,2.2337755719642423,(gap/tau_g)^2+(speed/tau_v)^2+(lateral/tau_y)^2,False
severe,3,1.8,3104,True,Proposed,service,3,aware,none,0.65,0.92,5,0.6119100056205778,1.3120136847753687,0.1674296350305684,1.649846387669367,11.971044240453551,0.4711861021994188,1049,123,1049,221.84254333201932,0.11725452812202097,0.4781000000093627,0.9732999999982894,2.2447323094218636,(gap/tau_g)^2+(speed/tau_v)^2+(lateral/tau_y)^2,False
severe,3,1.8,3105,True,Proposed,service,3,aware,none,0.65,0.92,5,0.5828235833722974,1.3129853116909136,0.16687887158320444,1.690504707667553,11.651441515946964,0.4769611277228023,1050,110,1050,222.37454192826965,0.10476190476190476,0.6566999999932932,1.9524999999873671,2.179651760076968,(gap/tau_g)^2+(speed/tau_v)^2+(lateral/tau_y)^2,False
severe,3,1.8,3106,True,Proposed,service,3,aware,none,0.65,0.92,5,0.5910484687435951,1.3208086522017493,0.16758725185705514,1.6637256135900096,11.73705760752339,0.47402287309780855,1050,160,1050,221.97195942155602,0.1523809523809524,0.4775999999964142,1.2555999999790401,2.2132521582629323,(gap/tau_g)^2+(speed/tau_v)^2+(lateral/tau_y)^2,False
severe,3,1.8,3107,True,Proposed,service,3,aware,none,0.65,0.92,5,0.6260794771180185,1.3171819785528605,0.167657217668182,1.687786157566409,11.679014554395806,0.41281928291677217,1049,264,1049,221.69090660215315,0.25166825548141086,0.4640999999878659,1.3557999999989079,2.284756861117921,(gap/tau_g)^2+(speed/tau_v)^2+(lateral/tau_y)^2,False
severe,3,1.8,3108,True,Proposed,service,3,aware,none,0.65,0.92,5,0.5913299822241317,1.3198704358882676,0.16788050622479198,1.6428292391547683,11.578405996045795,0.4855755854389532,1050,159,1050,221.82118326851207,0.15142857142857144,0.44760000000110267,0.8966999999984182,2.2150392909588814,(gap/tau_g)^2+(speed/tau_v)^2+(lateral/tau_y)^2,False
severe,3,1.8,3109,True,Proposed,service,3,aware,none,0.65,0.92,5,0.6062996147243516,1.3192827138898429,0.16779843191149985,1.604035713516629,11.61350547807686,0.483455551768351,1050,107,1050,221.861648493206,0.1019047619047619,0.48565000000166947,0.8318000000144821,2.2454312871091666,(gap/tau_g)^2+(speed/tau_v)^2+(lateral/tau_y)^2,False
severe,3,1.8,3110,True,Proposed,service,3,aware,none,0.65,0.92,5,0.609725229177897,1.310350393198439,0.166077211348804,1.8102643322676066,11.777041371266336,0.44289128524102783,1050,251,1050,222.76759528266473,0.23904761904761904,0.46410000000207674,1.4390999999989162,2.2264859710585516,(gap/tau_g)^2+(speed/tau_v)^2+(lateral/tau_y)^2,False
severe,3,1.8,3111,True,Proposed,service,3,aware,none,0.65,0.92,5,0.5901009863995269,1.317063872105721,0.167412580708848,1.6818522724049383,11.731590321575133,0.3133924481855368,1050,120,1050,222.0780105326922,0.11428571428571428,0.6575000000026421,2.179500000011103,2.204759819806777,(gap/tau_g)^2+(speed/tau_v)^2+(lateral/tau_y)^2,False
severe,3,1.8,3112,True,Proposed,service,3,aware,none,0.65,0.92,5,0.6116728420058202,1.3136878901935631,0.16675906896282502,1.658925952232571,11.617013961175537,0.47499898565525434,1050,190,1050,222.4185599353318,0.18095238095238095,0.4755499999902213,0.9974000000170236,2.2408568658248518,(gap/tau_g)^2+(speed/tau_v)^2+(lateral/tau_y)^2,False
severe,3,1.8,3113,True,Proposed,service,3,aware,none,0.65,0.92,5,0.5903499814951956,1.3275033767233058,0.1668425726246193,1.6678789866388983,11.563642543800185,0.4606637967304108,1050,86,1050,222.36399653051555,0.08190476190476191,0.5043999999969628,1.3342999999963467,2.214604852322779,(gap/tau_g)^2+(speed/tau_v)^2+(lateral/tau_y)^2,False
severe,3,1.8,3114,True,Proposed,service,3,aware,none,0.65,0.92,5,0.5911628069094812,1.3169652229237614,0.1666504171678793,1.6604157169315732,11.61953124461742,0.49049472940916083,1050,102,1050,222.51493245243853,0.09714285714285714,0.43870000001788867,1.0455999999976484,2.2004918290953874,(gap/tau_g)^2+(speed/tau_v)^2+(lateral/tau_y)^2,False
severe,3,1.8,3115,True,Proposed,service,3,aware,none,0.65,0.92,5,0.5944880920009509,1.3217057583964482,0.16697050990451837,1.6248068846874566,11.834007665575214,0.49145675991476334,1050,127,1050,222.30864095272887,0.12095238095238095,0.44414999999276006,2.076399999992873,2.21655268173547,(gap/tau_g)^2+(speed/tau_v)^2+(lateral/tau_y)^2,False
severe,3,1.8,3116,True,Proposed,service,3,aware,none,0.65,0.92,5,0.5893550057400267,1.3275516995091556,0.16770896847616915,1.6112068402155213,11.477915290680691,0.4743692691682524,1050,102,1050,221.9001988943087,0.09714285714285714,0.5797999999970216,2.213100000005852,2.219829946818844,(gap/tau_g)^2+(speed/tau_v)^2+(lateral/tau_y)^2,False
severe,3,1.8,3117,True,Proposed,service,3,aware,none,0.65,0.92,5,0.586573116234025,1.316168146798862,0.16699039125947396,1.626440887875821,11.616898680151834,0.4465382149182323,1050,109,1050,222.30635158302158,0.10380952380952381,0.8244499999960908,2.145600000005743,2.192647062103873,(gap/tau_g)^2+(speed/tau_v)^2+(lateral/tau_y)^2,False
severe,3,1.8,3118,True,Proposed,service,3,aware,none,0.65,0.92,5,0.612631405273598,1.3122060170284442,0.1671741252908514,1.7215662592534444,11.186451194362967,0.407651154746437,1050,166,1050,222.19532704196956,0.1580952380952381,0.9614000000084388,1.6153000000258544,2.244422917696549,(gap/tau_g)^2+(speed/tau_v)^2+(lateral/tau_y)^2,False
severe,3,1.8,3119,True,Proposed,service,3,aware,none,0.65,0.92,5,0.5891910973063145,1.3129130368446977,0.1673991228706025,1.6495535432315178,11.3368470296057,0.4822686787686371,1050,127,1050,222.08326583426825,0.12095238095238095,0.5236500000052047,1.3932000000238531,2.197169879423427,(gap/tau_g)^2+(speed/tau_v)^2+(lateral/tau_y)^2,False
severe,3,1.8,3120,True,Proposed,service,3,aware,none,0.65,0.92,5,0.5836295541456914,1.3097549476583403,0.16647165687555962,1.6442062676807774,11.549426100867272,0.42372241029686597,1049,122,1049,222.38689257822733,0.11630123927550047,0.6898000000035154,1.6018000000030952,2.1736068102396304,(gap/tau_g)^2+(speed/tau_v)^2+(lateral/tau_y)^2,False
severe,3,1.8,3121,True,Proposed,service,3,aware,none,0.65,0.92,5,0.6024428752451607,1.3280934038902878,0.1680137921272943,1.751869698667903,11.19672785017677,0.47865088060195593,1050,176,1050,221.72047959903193,0.1676190476190476,0.44379999999932807,1.5802000000064709,2.2508522663068984,(gap/tau_g)^2+(speed/tau_v)^2+(lateral/tau_y)^2,False
severe,3,1.8,3122,True,Proposed,service,3,aware,none,0.65,0.92,5,0.5948527214575191,1.318674315501501,0.16733696432262452,1.6782593943073827,11.720934002574502,0.4432716627940049,1050,122,1050,222.13977370772275,0.11619047619047619,0.5873000000065076,1.4406999999891923,2.216302603752887,(gap/tau_g)^2+(speed/tau_v)^2+(lateral/tau_y)^2,False
severe,3,1.8,3123,True,Proposed,service,3,aware,none,0.65,0.92,5,0.5770196348923842,1.3272945905503557,0.16791326990560307,1.7025984902570066,11.685512652438824,0.4367809002092201,1050,96,1050,221.8008049272876,0.09142857142857143,0.4617000000024518,1.2144000000091637,2.195617822991553,(gap/tau_g)^2+(speed/tau_v)^2+(lateral/tau_y)^2,False
severe,3,1.8,3124,True,Proposed,service,3,aware,none,0.65,0.92,5,0.5942942802157337,1.3087704278146293,0.16732389690608204,1.6349662182349505,11.67052698163112,0.43574510093362095,1050,110,1050,222.13365519064763,0.10476190476190476,0.4913000000072998,1.2499000000048,2.2017362197104986,(gap/tau_g)^2+(speed/tau_v)^2+(lateral/tau_y)^2,False
severe,3,1.8,3125,True,Proposed,service,3,aware,none,0.65,0.92,5,0.5848592162308888,1.3156954392027569,0.16692617755987635,1.6868959621308024,11.475823256948274,0.4414741028126372,1050,172,1050,222.33272921752226,0.16380952380952382,0.4967000000135613,1.1582999999859567,2.1879069895478422,(gap/tau_g)^2+(speed/tau_v)^2+(lateral/tau_y)^2,False
severe,3,1.8,3126,True,Proposed,service,3,aware,none,0.65,0.92,5,0.5753491765044807,1.3267175301459437,0.16661796177280225,1.6280539014714541,11.499224418240537,0.43397937304610146,1050,97,1050,222.51179058713765,0.09238095238095238,0.4592500000057953,0.999400000011974,2.180581212862693,(gap/tau_g)^2+(speed/tau_v)^2+(lateral/tau_y)^2,False
severe,3,1.8,3127,True,Proposed,service,3,aware,none,0.65,0.92,5,0.5731219574711893,1.33988195164502,0.16687713631260856,1.6492049711777077,10.92680018807173,0.4815349851394888,1050,104,1050,222.39136697223032,0.09904761904761905,0.5067499999853453,1.0831000000166568,2.1961050030934137,(gap/tau_g)^2+(speed/tau_v)^2+(lateral/tau_y)^2,False
severe,3,1.8,3128,True,Proposed,service,3,aware,none,0.65,0.92,5,0.6052021022485108,1.3143615995572835,0.16652085170079678,1.6143765303974489,11.482304545075586,0.4315004620025885,1050,111,1050,222.56029542708882,0.10571428571428572,0.4680499999949461,1.1738999999977295,2.2257770112283635,(gap/tau_g)^2+(speed/tau_v)^2+(lateral/tau_y)^2,False
severe,3,1.8,3129,True,Proposed,service,3,aware,none,0.65,0.92,5,0.5844325015597203,1.3197635518050084,0.16742771145347451,1.6692305043191613,11.44735147767107,0.480755640810979,1050,74,1050,222.06718125849883,0.07047619047619047,0.4826999999920645,2.0000000000095497,2.196682278968076,(gap/tau_g)^2+(speed/tau_v)^2+(lateral/tau_y)^2,False
severe,3,1.8,3130,True,Proposed,service,3,aware,none,0.65,0.92,5,0.5817115559966316,1.326147880176553,0.16762577811222812,1.6152209223099836,11.702944502244499,0.4947661653061963,1050,112,1050,221.93701312542711,0.10666666666666667,0.511200000005374,1.1197999999978947,2.2013189922402088,(gap/tau_g)^2+(speed/tau_v)^2+(lateral/tau_y)^2,False
severe,3,1.8,3131,True,Proposed,service,3,aware,none,0.65,0.92,5,0.5884298492521786,1.3339974421711374,0.1681588250754046,1.6508388428619851,11.534170816949029,0.42662699869647625,1048,140,1048,221.20620124570328,0.13358778625954199,0.4576500000013084,2.311600000012959,2.230423014170336,(gap/tau_g)^2+(speed/tau_v)^2+(lateral/tau_y)^2,False
severe,3,1.8,3132,True,Proposed,service,3,aware,none,0.65,0.92,5,0.5928561559416484,1.3157376857377971,0.1666346551965223,1.6787336599567448,11.346695431407198,0.4647845381955248,1049,135,1049,222.28671922250322,0.12869399428026693,0.4760000000061382,1.072600000014745,2.2022760196937217,(gap/tau_g)^2+(speed/tau_v)^2+(lateral/tau_y)^2,False
severe,3,1.8,3133,True,Proposed,service,3,aware,none,0.65,0.92,5,0.579177624563852,1.3293379272819619,0.16655945309113745,1.7000272461579828,11.493850278704805,0.47783020946044563,1050,83,1050,222.53786043906115,0.07904761904761905,0.5762999999916474,1.572100000004184,2.1915027075918134,(gap/tau_g)^2+(speed/tau_v)^2+(lateral/tau_y)^2,False
severe,3,1.8,3134,True,Proposed,service,3,aware,none,0.65,0.92,5,0.5969472102621043,1.332452259611633,0.1673232545728989,1.6543304860217987,11.303638667499797,0.4596701920550954,1050,163,1050,222.0804342953566,0.15523809523809523,0.5126000000075237,2.0175999999878513,2.2392618727263605,(gap/tau_g)^2+(speed/tau_v)^2+(lateral/tau_y)^2,False
severe,3,1.8,3135,True,Proposed,service,3,aware,none,0.65,0.92,5,0.5871892196128156,1.3234357220618267,0.16785015530734557,1.625943712987524,11.623608284657173,0.4870958325132131,1050,114,1050,221.8393725429229,0.10857142857142857,0.5553000000020347,1.7002000000161388,2.210917284684231,(gap/tau_g)^2+(speed/tau_v)^2+(lateral/tau_y)^2,False
severe,3,1.8,3136,True,Proposed,service,3,aware,none,0.65,0.92,5,0.587886438339919,1.3279942868809156,0.16656181619817922,1.731986354105043,10.747058134796582,0.46097468738300384,1050,108,1050,222.54420073972673,0.10285714285714286,0.5031000000030872,1.0342999999863878,2.2077695819895897,(gap/tau_g)^2+(speed/tau_v)^2+(lateral/tau_y)^2,False
severe,3,1.8,3137,True,Proposed,service,3,aware,none,0.65,0.92,5,0.5998772162283423,1.3208053288327972,0.1674398131110436,1.659333750387669,11.718620746902253,0.47620790039668504,1048,108,1048,221.62552632389185,0.10305343511450382,0.5283499999961805,1.480799999995952,2.2307050148190135,(gap/tau_g)^2+(speed/tau_v)^2+(lateral/tau_y)^2,False
severe,3,1.8,3138,True,Proposed,service,3,aware,none,0.65,0.92,5,0.6082127332054418,1.3175751107568323,0.16750761789227386,1.59521225491313,11.522345472521607,0.48378260496679015,1050,120,1050,222.02235258522435,0.11428571428571428,0.5451999999905865,1.785800000021709,2.2448268726468505,(gap/tau_g)^2+(speed/tau_v)^2+(lateral/tau_y)^2,False
severe,3,1.8,3139,True,Proposed,service,3,aware,none,0.65,0.92,5,0.578732007707712,1.3175458962773319,0.16659454702385273,1.6206375418956782,11.664774613924898,0.48727434852890295,1050,73,1050,222.52467435836942,0.06952380952380953,0.44399999998745443,0.7634999999766023,2.1749531354742246,(gap/tau_g)^2+(speed/tau_v)^2+(lateral/tau_y)^2,False
severe,3,1.8,3140,True,Proposed,service,3,aware,none,0.65,0.92,5,0.6011591997801563,1.302748038256231,0.1664331127090409,1.6825831998081748,11.612922423875673,0.44556588695392063,1050,129,1050,222.6308811043066,0.12285714285714286,0.5508499999962169,1.348399999983485,2.200868981305094,(gap/tau_g)^2+(speed/tau_v)^2+(lateral/tau_y)^2,False
severe,3,1.8,3141,True,Proposed,service,3,aware,none,0.65,0.92,5,0.5982649505846884,1.3266913155507558,0.1676312143809808,1.606489403872651,11.772651071623386,0.4852550089026122,1050,103,1050,221.94458880374518,0.0980952380952381,0.6541500000025735,1.5531000000237327,2.2368247418719975,(gap/tau_g)^2+(speed/tau_v)^2+(lateral/tau_y)^2,False
severe,3,1.8,3142,True,Proposed,service,3,aware,none,0.65,0.92,5,0.597764550969025,1.3099947227454745,0.16722520533432886,1.6801542038594506,11.65506998075739,0.4411762726377709,1050,100,1050,222.1607628516199,0.09523809523809523,0.6618000000031543,2.144599999979846,2.209900828728415,(gap/tau_g)^2+(speed/tau_v)^2+(lateral/tau_y)^2,False
severe,3,1.8,3143,True,Proposed,service,3,aware,none,0.65,0.92,5,0.590857591732602,1.3125217763991692,0.16687792079090522,1.6662895803288118,11.627553269435687,0.48328459512534616,1050,158,1050,222.32368922566587,0.15047619047619049,0.5077499999828206,1.143799999994144,2.195786215063963,(gap/tau_g)^2+(speed/tau_v)^2+(lateral/tau_y)^2,False
severe,3,1.8,3144,True,Proposed,service,3,aware,none,0.65,0.92,5,0.5918709934050463,1.3194253576742019,0.16738175970469293,1.6655183350942329,11.451466170245979,0.35180888745485117,1050,154,1050,222.07259911961518,0.14666666666666667,0.5065000000001874,1.727299999998877,2.2113976854783117,(gap/tau_g)^2+(speed/tau_v)^2+(lateral/tau_y)^2,False
severe,3,1.8,3145,True,Proposed,service,3,aware,none,0.65,0.92,5,0.6014278498776425,1.3332728249165138,0.16757474313751194,1.67202461164934,11.594106721728515,0.48414971546466157,1050,127,1050,221.97194525547252,0.12095238095238095,0.6292499999887013,1.4601000000027398,2.252029223582286,(gap/tau_g)^2+(speed/tau_v)^2+(lateral/tau_y)^2,False
severe,3,1.8,3146,True,Proposed,service,3,aware,none,0.65,0.92,5,0.5926898612682575,1.3233002868399275,0.16715327268637337,1.6423495271238902,11.504032426524802,0.44403156821369716,1050,145,1050,222.16649915717198,0.1380952380952381,0.4670499999974709,0.7391000000041004,2.216435885973467,(gap/tau_g)^2+(speed/tau_v)^2+(lateral/tau_y)^2,False
severe,3,1.8,3147,True,Proposed,service,3,aware,none,0.65,0.92,5,0.6017091388503397,1.3125673927373531,0.16718863940430836,1.6840644654118586,11.526728562108815,0.474380541119808,1049,174,1049,221.95478742916578,0.16587225929456625,0.49995000000535583,1.2084999999899537,2.2214488951404685,(gap/tau_g)^2+(speed/tau_v)^2+(lateral/tau_y)^2,False
severe,3,1.8,3148,True,Proposed,service,3,aware,none,0.65,0.92,5,0.5981401152288206,1.3106484016210225,0.16713699700400916,1.6716833851501343,11.68473018117453,0.44687410845020004,1050,121,1050,222.2090905640017,0.11523809523809524,0.5794500000035896,2.8389000000004216,2.210835969581977,(gap/tau_g)^2+(speed/tau_v)^2+(lateral/tau_y)^2,False
severe,3,1.8,3149,True,Proposed,service,3,aware,none,0.65,0.92,5,0.6045520398275517,1.3210307994140464,0.1668725279198849,1.6617500572989181,11.368420465926249,0.48031540015812235,1050,151,1050,222.33878654964874,0.1438095238095238,0.4605500000138818,0.9756000000038512,2.236277427763138,(gap/tau_g)^2+(speed/tau_v)^2+(lateral/tau_y)^2,False
severe,3,1.8,3150,True,Proposed,service,3,aware,none,0.65,0.92,5,0.6016189952592828,1.31659271760495,0.16677902777126732,1.6408047745044405,11.487852045095401,0.4856728567526418,1050,115,1050,222.41823937639307,0.10952380952380952,0.5519500000019661,1.006499999988364,2.2232357332872756,(gap/tau_g)^2+(speed/tau_v)^2+(lateral/tau_y)^2,False
severe,3,2.0,3101,True,Proposed,service,3,aware,none,0.65,0.92,5,0.6301408313775274,1.3692667915473031,0.16628206774036822,1.6171504069121736,17.114745493908636,0.4418571291219181,1050,138,1050,222.71832172296945,0.13142857142857142,0.6718000000063284,1.1843999999996413,2.353735968454795,(gap/tau_g)^2+(speed/tau_v)^2+(lateral/tau_y)^2,False
severe,3,2.0,3102,True,Proposed,service,3,aware,none,0.65,0.92,5,0.6409963704934317,1.3787777604497244,0.16669949573951898,1.6911460100884366,17.1345011159858,0.43891412403376284,1049,186,1049,222.2778152904268,0.1773117254528122,0.5046499999963316,1.6466000000150416,2.3950771884844784,(gap/tau_g)^2+(speed/tau_v)^2+(lateral/tau_y)^2,False
severe,3,2.0,3103,True,Proposed,service,3,aware,none,0.65,0.92,5,0.6257122210552343,1.3721505136096686,0.1666295921299948,1.675935912059075,16.902736033149807,0.45979096247587237,1050,215,1050,222.48052914112773,0.20476190476190476,0.5737500000009277,2.1139999999775227,2.3507743146410855,(gap/tau_g)^2+(speed/tau_v)^2+(lateral/tau_y)^2,False
severe,3,2.0,3104,True,Proposed,service,3,aware,none,0.65,0.92,5,0.6208917342709138,1.3828497764352474,0.1667823102820868,1.6268575311741613,17.25377509339212,0.4316945403514453,1049,121,1049,222.22033524435523,0.11534795042897998,0.4716999999914151,1.3044000000093092,2.3564031927182905,(gap/tau_g)^2+(speed/tau_v)^2+(lateral/tau_y)^2,False
severe,3,2.0,3105,True,Proposed,service,3,aware,none,0.65,0.92,5,0.6013654194554828,1.3768362500878004,0.16624956968850316,1.644010038406543,17.015771840117296,0.4793223488990461,1050,109,1050,222.74017035846856,0.10380952380952381,0.4623499999922842,1.3705000000072687,2.3010718782616,(gap/tau_g)^2+(speed/tau_v)^2+(lateral/tau_y)^2,False
severe,3,2.0,3106,True,Proposed,service,3,aware,none,0.65,0.92,5,0.6090405769632136,1.3858319839199662,0.1669310273809131,1.618938633370309,17.188784065405983,0.47723291788891553,1050,154,1050,222.352103545366,0.14666666666666667,0.49819999998135245,1.0752000000024964,2.3359434548002787,(gap/tau_g)^2+(speed/tau_v)^2+(lateral/tau_y)^2,False
severe,3,2.0,3107,True,Proposed,service,3,aware,none,0.65,0.92,5,0.6443206081562401,1.3818596300867472,0.16699134080426054,1.6336053026317032,17.16801520765523,0.43016310356003495,1049,253,1049,222.07974252042158,0.24118207816968543,0.653299999996193,1.67229999999563,2.409448526439614,(gap/tau_g)^2+(speed/tau_v)^2+(lateral/tau_y)^2,False
severe,3,2.0,3108,True,Proposed,service,3,aware,none,0.65,0.92,5,0.6117786952902602,1.3831822510379566,0.16722115974242416,1.6204230913602073,17.18667352763596,0.47997737988089473,1050,159,1050,222.20243739304127,0.15142857142857144,0.491150000016205,1.7384000000220112,2.3405663834282695,(gap/tau_g)^2+(speed/tau_v)^2+(lateral/tau_y)^2,False
severe,3,2.0,3109,True,Proposed,service,3,aware,none,0.65,0.92,5,0.6253175869857869,1.3849109128252717,0.16713958405882667,1.5619365219833217,17.136154115719236,0.48848550214295194,1050,107,1050,222.2424472833884,0.1019047619047619,0.442899999995916,0.813499999992473,2.372101711320789,(gap/tau_g)^2+(speed/tau_v)^2+(lateral/tau_y)^2,False
severe,3,2.0,3110,True,Proposed,service,3,aware,none,0.65,0.92,5,0.6178954535213089,1.3784213027153698,0.16545482538367476,1.7353215585278987,17.2055428548194,0.46319740340612836,1050,253,1050,223.13411418785137,0.24095238095238095,0.449950000003696,0.9339999999724569,2.332539638149107,(gap/tau_g)^2+(speed/tau_v)^2+(lateral/tau_y)^2,False
severe,3,2.0,3111,True,Proposed,service,3,aware,none,0.65,0.92,5,0.6074789565452782,1.3827205267712717,0.16676573080956966,1.663927173078295,17.35765983653709,0.3349390837103329,1050,127,1050,222.45189272787223,0.12095238095238095,0.45149999999694046,0.95410000000129,2.3267921463151846,(gap/tau_g)^2+(speed/tau_v)^2+(lateral/tau_y)^2,False
severe,3,2.0,3112,True,Proposed,service,3,aware,none,0.65,0.92,5,0.6279992508409408,1.378701941176819,0.1661309325978257,1.62640349318214,16.965642624714704,0.48355884743924493,1050,191,1050,222.78471197718807,0.1819047619047619,0.619949999986602,2.406100000001743,2.3609182414507566,(gap/tau_g)^2+(speed/tau_v)^2+(lateral/tau_y)^2,False
severe,3,2.0,3113,True,Proposed,service,3,aware,none,0.65,0.92,5,0.6087291142275775,1.3910638614250879,0.16621172299589046,1.62560149279329,17.082566772749416,0.4643555106504259,1049,86,1049,222.51997049265736,0.08198284080076262,1.1117500000068503,2.99369999999044,2.336690823869768,(gap/tau_g)^2+(speed/tau_v)^2+(lateral/tau_y)^2,False
severe,3,2.0,3114,True,Proposed,service,3,aware,none,0.65,0.92,5,0.609275102647961,1.380852469068572,0.16601317381623393,1.6214807805916192,17.012807753142354,0.49421035015520665,1050,106,1050,222.88267201492263,0.10095238095238095,0.9454499999890231,1.8435000000067703,2.3217826099475216,(gap/tau_g)^2+(speed/tau_v)^2+(lateral/tau_y)^2,False
severe,3,2.0,3115,True,Proposed,service,3,aware,none,0.65,0.92,5,0.6133205058856429,1.3850341788032636,0.16633195849424257,1.5867972428772092,17.20128959950774,0.4953290132776407,1050,126,1050,222.6798084677209,0.12,0.5143500000031054,0.9331999999915297,2.3391250599978335,(gap/tau_g)^2+(speed/tau_v)^2+(lateral/tau_y)^2,False
severe,3,2.0,3116,True,Proposed,service,3,aware,none,0.65,0.92,5,0.6060948951186635,1.3939526679347367,0.1670483146443111,1.5613803564994815,17.10499640108719,0.4799174897864976,1050,101,1050,222.2834246701859,0.09619047619047619,0.6886500000007345,2.4599000000193882,2.342076581466267,(gap/tau_g)^2+(speed/tau_v)^2+(lateral/tau_y)^2,False
severe,3,2.0,3117,True,Proposed,service,3,aware,none,0.65,0.92,5,0.6025024790477993,1.3789757389379906,0.16635219437494358,1.587836473603232,17.164273759738712,0.44944223854875665,1050,108,1050,222.67842300807848,0.10285714285714286,0.46414999999910833,1.4084000000025299,2.3073669309808236,(gap/tau_g)^2+(speed/tau_v)^2+(lateral/tau_y)^2,False
severe,3,2.0,3118,True,Proposed,service,3,aware,none,0.65,0.92,5,0.628791135544244,1.3772272140090227,0.1665344125758701,1.6641874198672326,16.50885821169865,0.4674161037130269,1050,167,1050,222.56682170307278,0.15904761904761905,0.5546000000009599,1.133199999998169,2.3639695461899546,(gap/tau_g)^2+(speed/tau_v)^2+(lateral/tau_y)^2,False
severe,3,2.0,3119,True,Proposed,service,3,aware,none,0.65,0.92,5,0.6163386500346678,1.3776633777200733,0.16675368073895444,1.6595689682045904,16.785127375043494,0.43340412445874055,1050,136,1050,222.45005063107925,0.1295238095238095,0.48934999999517004,1.044700000022658,2.3388452111739095,(gap/tau_g)^2+(speed/tau_v)^2+(lateral/tau_y)^2,False
severe,3,2.0,3120,True,Proposed,service,3,aware,none,0.65,0.92,5,0.6016379330067861,1.3731517297781581,0.1658540479160844,1.5981023124416531,17.085824312474436,0.4353080665905692,1049,121,1049,222.74536097107222,0.11534795042897998,0.6116500000103997,0.9948000000008506,2.2932012552664416,(gap/tau_g)^2+(speed/tau_v)^2+(lateral/tau_y)^2,False
severe,3,2.0,3121,True,Proposed,service,3,aware,none,0.65,0.92,5,0.6206254735541542,1.3937296809850142,0.16735187520658673,1.701474721418832,16.781325181621142,0.48250797343498775,1050,176,1050,222.10500093451034,0.1676190476190476,0.620850000004225,1.4601000000027398,2.375986009405891,(gap/tau_g)^2+(speed/tau_v)^2+(lateral/tau_y)^2,False
severe,3,2.0,3122,True,Proposed,service,3,aware,none,0.65,0.92,5,0.6127619472979516,1.3836418064682399,0.1666875727531971,1.6313918635312883,17.12172038287892,0.4502076055668538,1050,124,1050,222.51381457468096,0.1180952380952381,0.5011000000081367,1.5544000000033975,2.338901380052928,(gap/tau_g)^2+(speed/tau_v)^2+(lateral/tau_y)^2,False
severe,3,2.0,3123,True,Proposed,service,3,aware,none,0.65,0.92,5,0.5938985203012411,1.3939559287455512,0.16725701811407792,1.65708199594092,17.120581845395684,0.44464537026359563,1050,100,1050,222.18099306079873,0.09523809523809523,0.4879500000072312,1.080700000017032,2.3178066965498787,(gap/tau_g)^2+(speed/tau_v)^2+(lateral/tau_y)^2,False
severe,3,2.0,3124,True,Proposed,service,3,aware,none,0.65,0.92,5,0.6089351984552099,1.3750733936250779,0.16667615408690706,1.5791297455885862,17.176287872280625,0.4790328918613729,1050,111,1050,222.5077626007792,0.10571428571428572,0.43274999998743624,1.2969999999938864,2.318434769384874,(gap/tau_g)^2+(speed/tau_v)^2+(lateral/tau_y)^2,False
severe,3,2.0,3125,True,Proposed,service,3,aware,none,0.65,0.92,5,0.6008684938530816,1.3791133042681585,0.1662793420891083,1.6490458869450224,16.947641689898077,0.47184958574074753,1050,167,1050,222.70743178267813,0.15904761904761905,0.45375000001968147,1.7086999999946784,2.30345905981281,(gap/tau_g)^2+(speed/tau_v)^2+(lateral/tau_y)^2,False
severe,3,2.0,3126,True,Proposed,service,3,aware,none,0.65,0.92,5,0.592995181476961,1.389940955423955,0.16599523609347513,1.5845357963288502,17.090989000864255,0.4396956707307679,1050,97,1050,222.87412759752766,0.09238095238095238,0.5016000000068743,1.1606000000199401,2.2996856393766145,(gap/tau_g)^2+(speed/tau_v)^2+(lateral/tau_y)^2,False
severe,3,2.0,3127,False,Proposed,service,3,aware,none,0.65,0.92,5,0.5898563008776256,1.4037945590318757,0.1662399375283588,1.6052365439601513,16.162693128370975,0.4906419490273678,1050,103,1050,222.75939567140506,0.0980952380952381,0.5158499999851074,1.2712000000192347,2.3148640979461454,(gap/tau_g)^2+(speed/tau_v)^2+(lateral/tau_y)^2,False
severe,3,2.0,3128,True,Proposed,service,3,aware,none,0.65,0.92,5,0.6239707820339908,1.3779922573606327,0.16588541984441854,1.5633483963413477,16.925744624093284,0.4366806266276573,1050,114,1050,222.92939859066055,0.10857142857142857,0.5238000000247212,1.5632999999866115,2.3489159697928894,(gap/tau_g)^2+(speed/tau_v)^2+(lateral/tau_y)^2,False
severe,3,2.0,3129,True,Proposed,service,3,aware,none,0.65,0.92,5,0.6021244849515796,1.3836860855103053,0.16677460799831373,1.627095130179618,17.0493334705969,0.48733867450207247,1050,74,1050,222.44477367204726,0.07047619047619047,0.46760000000745094,1.4524999999991905,2.3167147008028977,(gap/tau_g)^2+(speed/tau_v)^2+(lateral/tau_y)^2,False
severe,3,2.0,3130,True,Proposed,service,3,aware,none,0.65,0.92,5,0.5948099970021322,1.3914369679761962,0.16696789442206655,1.5711584788007236,17.030394626892665,0.49100842058255745,1050,106,1050,222.3205185943291,0.10095238095238095,0.4838500000090562,1.286899999996649,2.3137373323404664,(gap/tau_g)^2+(speed/tau_v)^2+(lateral/tau_y)^2,False
severe,3,2.0,3131,False,Proposed,service,3,aware,none,0.65,0.92,5,0.6019921457804898,1.4010795717921405,0.16748791227114276,1.5890525338452457,17.01029089955135,0.4370001058591111,1048,136,1048,221.59449125237006,0.1297709923664122,0.484000000000151,1.178299999992305,2.347104825338156,(gap/tau_g)^2+(speed/tau_v)^2+(lateral/tau_y)^2,False
severe,3,2.0,3132,True,Proposed,service,3,aware,none,0.65,0.92,5,0.6105033223022877,1.37889798987017,0.16600951378750572,1.6335982547707166,16.96265270351357,0.47234641016825474,1049,134,1049,222.65106275501813,0.12774070543374644,0.5129499999867448,1.472700000022087,2.3216636408132274,(gap/tau_g)^2+(speed/tau_v)^2+(lateral/tau_y)^2,False
severe,3,2.0,3133,True,Proposed,service,3,aware,none,0.65,0.92,5,0.597326072940323,1.392453631245513,0.16593507120734335,1.6502683932300235,16.91017528042375,0.48264337349987896,1050,85,1050,222.90079885219453,0.08095238095238096,0.5385500000016918,1.1762999999973545,2.311918057742999,(gap/tau_g)^2+(speed/tau_v)^2+(lateral/tau_y)^2,False
severe,3,2.0,3134,True,Proposed,service,3,aware,none,0.65,0.92,5,0.6109788711253578,1.3954118272422709,0.1666778759644682,1.6185533172134883,16.851473779581028,0.4670432657946615,1050,168,1050,222.46625564097766,0.16,0.47124999998970907,1.2895999999784635,2.35162994362883,(gap/tau_g)^2+(speed/tau_v)^2+(lateral/tau_y)^2,False
severe,3,2.0,3135,True,Proposed,service,3,aware,none,0.65,0.92,5,0.6045917704406218,1.38877831435393,0.16718252836756284,1.589949430301148,17.063572382451092,0.48444882095992714,1050,113,1050,222.22400543219567,0.10761904761904761,0.4619999999988522,0.7699000000229717,2.332616473604932,(gap/tau_g)^2+(speed/tau_v)^2+(lateral/tau_y)^2,False
severe,3,2.0,3136,True,Proposed,service,3,aware,none,0.65,0.92,5,0.6097717740336366,1.389285065608153,0.16593857996672615,1.6655213871457826,16.611168605319605,0.47629965406141783,1050,116,1050,222.90536711942462,0.11047619047619048,0.5357999999944241,1.2043000000119264,2.3341580422891894,(gap/tau_g)^2+(speed/tau_v)^2+(lateral/tau_y)^2,False
severe,3,2.0,3137,True,Proposed,service,3,aware,none,0.65,0.92,5,0.6136678795821249,1.3886777529342653,0.16679151483137875,1.610044656884696,16.86594891661398,0.4632374758482273,1048,101,1048,222.002591371276,0.09637404580152671,0.6467000000043299,2.1409999999946194,2.348866252994875,(gap/tau_g)^2+(speed/tau_v)^2+(lateral/tau_y)^2,False
severe,3,2.0,3138,True,Proposed,service,3,aware,none,0.65,0.92,5,0.6267881415961541,1.3828069410173829,0.16684887894629194,1.5532590184678308,17.12393391035922,0.48623021284810997,1050,121,1050,222.4031780006127,0.11523809523809524,0.6482000000005428,1.7736000000070362,2.36997679107881,(gap/tau_g)^2+(speed/tau_v)^2+(lateral/tau_y)^2,False
severe,3,2.0,3139,True,Proposed,service,3,aware,none,0.65,0.92,5,0.599603705774027,1.3805008796282587,0.16595860466615472,1.5791124122907692,17.076241179931557,0.49187529932407026,1050,73,1050,222.89006070895084,0.06952380952380953,0.6059500000077378,1.4886999999816908,2.3000494144390577,(gap/tau_g)^2+(speed/tau_v)^2+(lateral/tau_y)^2,False
severe,3,2.0,3140,True,Proposed,service,3,aware,none,0.65,0.92,5,0.6186116794269133,1.3670644097374174,0.1658218586861917,1.6344884185815474,17.037313886662936,0.4647224742564642,1050,125,1050,222.98614716659205,0.11904761904761904,0.5435000000062473,1.2964999999951488,2.321245551436226,(gap/tau_g)^2+(speed/tau_v)^2+(lateral/tau_y)^2,False
severe,3,2.0,3141,True,Proposed,service,3,aware,none,0.65,0.92,5,0.6136104269236359,1.3925941032569802,0.16696926240046475,1.5542107493432444,17.197547341630404,0.48982096294131583,1050,100,1050,222.32841018269283,0.09523809523809523,0.553899999999885,1.4655999999888536,2.355781395101365,(gap/tau_g)^2+(speed/tau_v)^2+(lateral/tau_y)^2,False
severe,3,2.0,3142,True,Proposed,service,3,aware,none,0.65,0.92,5,0.6163070550168481,1.3740970380226005,0.16657720000263462,1.6348580240799835,17.279190725078912,0.44742785376788996,1050,101,1050,222.53327439589023,0.09619047619047619,0.46385000000270793,1.1744999999905303,2.332298316686593,(gap/tau_g)^2+(speed/tau_v)^2+(lateral/tau_y)^2,False
severe,3,2.0,3143,True,Proposed,service,3,aware,none,0.65,0.92,5,0.6092540944011695,1.375786565837302,0.16623892284366407,1.620246879918404,17.27886689064421,0.4881808969665732,1050,156,1050,222.69846452618376,0.14857142857142858,0.48544999999933225,1.1978999999939788,2.3164873080821806,(gap/tau_g)^2+(speed/tau_v)^2+(lateral/tau_y)^2,False
severe,3,2.0,3144,True,Proposed,service,3,aware,none,0.65,0.92,5,0.6107815316303251,1.3836538442336983,0.16673131702413255,1.6245936682328836,17.176381040207673,0.367377215261248,1050,157,1050,222.4505343717469,0.14952380952380953,0.5088999999998123,2.136600000000044,2.334975227954871,(gap/tau_g)^2+(speed/tau_v)^2+(lateral/tau_y)^2,False
severe,3,2.0,3145,True,Proposed,service,3,aware,none,0.65,0.92,5,0.6184399324060579,1.398736309064742,0.16691474366854397,1.6330800938452485,17.16830247019717,0.4826565550316564,1050,128,1050,222.35507455869632,0.1219047619047619,0.4568499999919595,1.120100000008506,2.3746518555484615,(gap/tau_g)^2+(speed/tau_v)^2+(lateral/tau_y)^2,False
severe,3,2.0,3146,True,Proposed,service,3,aware,none,0.65,0.92,5,0.6107904075702034,1.3875259087806162,0.16652288636005286,1.5894936265501307,16.922474920493464,0.4479409231836814,1050,139,1050,222.53479633925448,0.13238095238095238,0.5050499999867952,2.322999999989861,2.338732578953813,(gap/tau_g)^2+(speed/tau_v)^2+(lateral/tau_y)^2,False
severe,3,2.0,3147,True,Proposed,service,3,aware,none,0.65,0.92,5,0.6250435143285556,1.373861260968118,0.16654949738708902,1.62051519597699,17.014353999221747,0.4913551051769397,1049,171,1049,222.32758648574014,0.16301239275500476,0.6312999999948943,1.3122000000009848,2.351017056167345,(gap/tau_g)^2+(speed/tau_v)^2+(lateral/tau_y)^2,False
severe,3,2.0,3148,True,Proposed,service,3,aware,none,0.65,0.92,5,0.6158529915482226,1.3747741649905223,0.16649137126782723,1.628230982845955,17.184449746321675,0.4555630382065693,1050,122,1050,222.58514963964086,0.11619047619047619,0.4500000000007276,1.424899999989293,2.3315386768659145,(gap/tau_g)^2+(speed/tau_v)^2+(lateral/tau_y)^2,False
severe,3,2.0,3149,True,Proposed,service,3,aware,none,0.65,0.92,5,0.6203923068224994,1.3866248763156852,0.16622745502389033,1.62536058177862,16.818490402640634,0.4844664469052602,1050,157,1050,222.7102541637232,0.14952380952380953,0.573149999993916,1.408299999980045,2.356015992940461,(gap/tau_g)^2+(speed/tau_v)^2+(lateral/tau_y)^2,False
severe,3,2.0,3150,True,Proposed,service,3,aware,none,0.65,0.92,5,0.6141743516214843,1.3850992236843493,0.1661448057796323,1.5987841119341175,16.916329425656308,0.44430163191036465,1050,108,1050,222.78744528029364,0.10285714285714286,0.4730999999935648,0.7895000000246455,2.3395246652073283,(gap/tau_g)^2+(speed/tau_v)^2+(lateral/tau_y)^2,False
severe,3,2.2,3101,False,Proposed,service,3,aware,none,0.65,0.92,5,0.6425632328385066,1.424700986126284,0.16566059363166882,1.5925273930579105,22.49303262520514,0.4457750300530482,1050,140,1050,223.08014458344135,0.13333333333333333,0.5821500000138258,1.4200999999900432,2.455706462153201,(gap/tau_g)^2+(speed/tau_v)^2+(lateral/tau_y)^2,False
severe,3,2.2,3102,False,Proposed,service,3,aware,none,0.65,0.92,5,0.6518101209868201,1.436222313554532,0.16606340275969242,1.6478767503793843,22.693348392301615,0.441752801170634,1049,186,1049,222.64771824405832,0.1773117254528122,0.45445000000654545,1.1410000000182663,2.497142248742727,(gap/tau_g)^2+(speed/tau_v)^2+(lateral/tau_y)^2,False
severe,3,2.2,3103,False,Proposed,service,3,aware,none,0.65,0.92,5,0.6382862384082777,1.4276827285028113,0.1660267537740854,1.6370905614134479,22.217902366704955,0.46240359766405037,1050,223,1050,222.8364676761099,0.2123809523809524,0.6747499999875117,1.45530000000349,2.4533430550433417,(gap/tau_g)^2+(speed/tau_v)^2+(lateral/tau_y)^2,False
severe,3,2.2,3104,False,Proposed,service,3,aware,none,0.65,0.92,5,0.6318062505285686,1.440158355406276,0.16614771607807333,1.586335878792008,22.592758980798294,0.4330326881159756,1049,121,1049,222.59022072150333,0.11534795042897998,0.46989999999880183,1.489899999995714,2.4579702721683394,(gap/tau_g)^2+(speed/tau_v)^2+(lateral/tau_y)^2,False
severe,3,2.2,3105,False,Proposed,service,3,aware,none,0.65,0.92,5,0.6130834685313877,1.432207724595827,0.165633278257828,1.6022613283267335,22.406436662217054,0.48159304387939683,1050,109,1050,223.10004665342592,0.10380952380952381,0.4431999999923164,0.7386999999994259,2.400615575101213,(gap/tau_g)^2+(speed/tau_v)^2+(lateral/tau_y)^2,False
severe,3,2.2,3106,False,Proposed,service,3,aware,none,0.65,0.92,5,0.6198523934300836,1.4428657820747288,0.16629129338073237,1.580064409011503,22.56080942584088,0.4807578557729346,1050,154,1050,222.72470992961803,0.14666666666666667,0.5057999999991125,1.3963999999759835,2.436546601303818,(gap/tau_g)^2+(speed/tau_v)^2+(lateral/tau_y)^2,False
severe,3,2.2,3107,False,Proposed,service,3,aware,none,0.65,0.92,5,0.6554973992557425,1.4384511735632128,0.16636453066109474,1.5827777059399641,22.51493803429281,0.44577418524963874,1049,247,1049,222.45017080612092,0.23546234509056244,0.46089999999310294,1.7849999999839383,2.5114834460785724,(gap/tau_g)^2+(speed/tau_v)^2+(lateral/tau_y)^2,False
severe,3,2.2,3108,False,Proposed,service,3,aware,none,0.65,0.92,5,0.6235903252286772,1.4405515332059464,0.16657505985018756,1.5821051590524853,22.528843374846552,0.48063774144820237,1050,158,1050,222.57691425016637,0.15047619047619049,0.7125999999999522,1.5398000000175216,2.4437663857247784,(gap/tau_g)^2+(speed/tau_v)^2+(lateral/tau_y)^2,False
severe,3,2.2,3109,False,Proposed,service,3,aware,none,0.65,0.92,5,0.6376437146107033,1.4422526726582858,0.16649427787885107,1.5460566882866462,22.625622871912185,0.48683362753720316,1050,101,1050,222.61577296455656,0.09619047619047619,1.150499999994281,2.188300000000254,2.477106226337442,(gap/tau_g)^2+(speed/tau_v)^2+(lateral/tau_y)^2,False
severe,3,2.2,3110,False,Proposed,service,3,aware,none,0.65,0.92,5,0.632601363636706,1.4325295682829553,0.16486945306386727,1.6752900683183927,22.51267941918603,0.47115249069787346,1050,251,1050,223.479628036725,0.23904761904761904,0.8405500000066013,2.060000000000173,2.43799819469373,(gap/tau_g)^2+(speed/tau_v)^2+(lateral/tau_y)^2,False
severe,3,2.2,3111,False,Proposed,service,3,aware,none,0.65,0.92,5,0.6231931696892541,1.4357443691125202,0.16611454931723843,1.542154921372395,22.709944526309513,0.4854055820450176,1050,120,1050,222.82496212530913,0.11428571428571428,0.5797000000029584,1.3465000000110194,2.432001408899018,(gap/tau_g)^2+(speed/tau_v)^2+(lateral/tau_y)^2,False
severe,3,2.2,3112,False,Proposed,service,3,aware,none,0.65,0.92,5,0.6402977431663298,1.4337353479029407,0.1655118125317625,1.5733528429780836,22.5288897552025,0.4883710280225779,1050,191,1050,223.14722787297373,0.1819047619047619,0.5761500000005526,1.0302999999964868,2.46248347267759,(gap/tau_g)^2+(speed/tau_v)^2+(lateral/tau_y)^2,False
severe,3,2.2,3113,False,Proposed,service,3,aware,none,0.65,0.92,5,0.6189570831295614,1.4471915682532293,0.16558999528220444,1.5908048592821238,22.47401168398811,0.46797703151979697,1049,89,1049,222.88407686527725,0.08484270734032412,0.4944499999908203,1.6401000000030308,2.4351345956343255,(gap/tau_g)^2+(speed/tau_v)^2+(lateral/tau_y)^2,False
severe,3,2.2,3114,False,Proposed,service,3,aware,none,0.65,0.92,5,0.6214405883539222,1.435897457883979,0.1653891141016476,1.5749993726320852,22.454382679646002,0.4976943353199432,1050,111,1050,223.24488907745862,0.10571428571428572,0.47030000000347627,0.804399999992711,2.4223356864601864,(gap/tau_g)^2+(speed/tau_v)^2+(lateral/tau_y)^2,False
severe,3,2.2,3115,False,Proposed,service,3,aware,none,0.65,0.92,5,0.6254993422772582,1.4405397359307661,0.16570728190575923,1.5495146449436081,22.583770808828618,0.4983425252785161,1050,126,1050,223.04480171510642,0.12,0.48789999999598876,1.038700000009385,2.4407795328114243,(gap/tau_g)^2+(speed/tau_v)^2+(lateral/tau_y)^2,False
severe,3,2.2,3116,False,Proposed,service,3,aware,none,0.65,0.92,5,0.6098997942798884,1.4508365886216157,0.1664318482045206,1.5313431710635368,22.593188661158834,0.48298059127240744,1050,90,1050,222.6582730185411,0.08571428571428572,0.6004499999932023,1.455999999990354,2.4277250447182706,(gap/tau_g)^2+(speed/tau_v)^2+(lateral/tau_y)^2,False
severe,3,2.2,3117,False,Proposed,service,3,aware,none,0.65,0.92,5,0.6134235804574971,1.4362106031165103,0.16571777532995197,1.544713198354912,22.718314036816665,0.45230499869871277,1050,105,1050,223.04413003825204,0.1,0.491850000003069,1.3629000000037195,2.4079152569782796,(gap/tau_g)^2+(speed/tau_v)^2+(lateral/tau_y)^2,False
severe,3,2.2,3118,False,Proposed,service,3,aware,none,0.65,0.92,5,0.6379548981962091,1.4344373464886115,0.1659000775958153,1.6147376681366348,22.401202117642832,0.4699087846759701,1050,155,1050,222.9369056507708,0.14761904761904762,0.484100000008425,1.0745000000156324,2.461403640136345,(gap/tau_g)^2+(speed/tau_v)^2+(lateral/tau_y)^2,False
severe,3,2.2,3119,False,Proposed,service,3,aware,none,0.65,0.92,5,0.6239411725151242,1.4375512027687496,0.16611121451266464,1.6146433598156107,22.236902660269358,0.43940309822774637,1050,132,1050,222.82251133449952,0.12571428571428572,0.5068499999936193,1.25810000000115,2.436280887745301,(gap/tau_g)^2+(speed/tau_v)^2+(lateral/tau_y)^2,False
severe,3,2.2,3120,False,Proposed,service,3,aware,none,0.65,0.92,5,0.6106221966828176,1.4312367991130068,0.16525172769458876,1.5703981037752353,22.27410157430463,0.42049584782442784,1049,126,1049,223.09733394777285,0.12011439466158245,0.4593999999968901,0.7429999999999382,2.390686436511757,(gap/tau_g)^2+(speed/tau_v)^2+(lateral/tau_y)^2,False
severe,3,2.2,3121,False,Proposed,service,3,aware,none,0.65,0.92,5,0.6328102059801525,1.450842252682534,0.16670356571564626,1.6584747386936753,22.393496428386932,0.4861705637620036,1050,177,1050,222.4833045647067,0.16857142857142857,0.5086999999974751,1.2868000000025859,2.480611505282127,(gap/tau_g)^2+(speed/tau_v)^2+(lateral/tau_y)^2,False
severe,3,2.2,3122,False,Proposed,service,3,aware,none,0.65,0.92,5,0.6244828229552786,1.4402491448293047,0.16605233805696532,1.5892989111681435,22.566510026397665,0.45788892389286173,1049,124,1049,222.66966691454965,0.11820781696854146,0.4743500000046197,0.8422999999879721,2.4409554176882757,(gap/tau_g)^2+(speed/tau_v)^2+(lateral/tau_y)^2,False
severe,3,2.2,3123,False,Proposed,service,3,aware,none,0.65,0.92,5,0.6094161395423087,1.4481844826627832,0.1666119181716448,1.6183992000913512,22.63306163503929,0.4522278180504622,1050,99,1050,222.55500141880304,0.09428571428571429,0.5717500000059772,1.490700000005063,2.424253209291059,(gap/tau_g)^2+(speed/tau_v)^2+(lateral/tau_y)^2,False
severe,3,2.2,3124,False,Proposed,service,3,aware,none,0.65,0.92,5,0.6222232865142561,1.4310255019420879,0.16605092705184785,1.5510097883646508,22.667442752742488,0.43784222491424685,1050,109,1050,222.87533647270072,0.10380952380952381,0.49090000000262535,1.1570000000062919,2.422423695092645,(gap/tau_g)^2+(speed/tau_v)^2+(lateral/tau_y)^2,False
severe,3,2.2,3125,False,Proposed,service,3,aware,none,0.65,0.92,5,0.612842157162383,1.4342065895885778,0.16566248064385078,1.6117977034306468,22.49984748895909,0.47900847945164315,1050,161,1050,223.0682372980122,0.15333333333333332,0.5029999999948132,0.9690999999918404,2.403254773805698,(gap/tau_g)^2+(speed/tau_v)^2+(lateral/tau_y)^2,False
severe,3,2.2,3126,False,Proposed,service,3,aware,none,0.65,0.92,5,0.6042017086280248,1.444991564312827,0.16538055211779187,1.5466501437246334,22.591271279906564,0.4451372461746862,1050,99,1050,223.23227108947114,0.09428571428571429,0.5018499999920323,1.80140000000506,2.398069645316132,(gap/tau_g)^2+(speed/tau_v)^2+(lateral/tau_y)^2,False
severe,3,2.2,3127,False,Proposed,service,3,aware,none,0.65,0.92,5,0.600655021995047,1.4589468986022762,0.16561761369988184,1.5655046260971017,21.481504476575232,0.4939127970770377,1050,103,1050,223.12123649311195,0.0980952380952381,0.49115000000199416,1.3107999999988351,2.4131106722815594,(gap/tau_g)^2+(speed/tau_v)^2+(lateral/tau_y)^2,False
severe,3,2.2,3128,False,Proposed,service,3,aware,none,0.65,0.92,5,0.634624627923157,1.4345624378965305,0.16526514786653448,1.5266565167538384,22.255998269420935,0.4415800599822135,1050,113,1050,223.29191685367906,0.10761904761904761,0.5538499999886426,1.3380000000040582,2.4487957974377395,(gap/tau_g)^2+(speed/tau_v)^2+(lateral/tau_y)^2,False
severe,3,2.2,3129,False,Proposed,service,3,aware,none,0.65,0.92,5,0.6140965267542188,1.4383751981850568,0.16612196625152825,1.5827379280889133,22.554914354721234,0.4918906327981176,1050,69,1050,222.8267150724048,0.06571428571428571,0.5680499999982658,1.163000000019565,2.415911614798079,(gap/tau_g)^2+(speed/tau_v)^2+(lateral/tau_y)^2,False
severe,3,2.2,3130,False,Proposed,service,3,aware,none,0.65,0.92,5,0.6066207726021408,1.447053032751108,0.16632338155735363,1.5347688991997013,22.439771657339826,0.4947661653061963,1050,110,1050,222.6971252366375,0.10476190476190476,0.5016500000039059,1.1815000000012787,2.4141371283068174,(gap/tau_g)^2+(speed/tau_v)^2+(lateral/tau_y)^2,False
severe,3,2.2,3131,False,Proposed,service,3,aware,none,0.65,0.92,5,0.6131566812253865,1.458999975176131,0.166832614428572,1.5440898374912233,22.337641877296946,0.4462824632327561,1048,134,1048,221.97754320616812,0.12786259541984732,0.47225000000139516,0.9996000000001004,2.450265045519222,(gap/tau_g)^2+(speed/tau_v)^2+(lateral/tau_y)^2,False
severe,3,2.2,3132,False,Proposed,service,3,aware,none,0.65,0.92,5,0.6251178111756295,1.4318787849839463,0.16539149897550018,1.6048781070098932,22.746301984045346,0.47932277939983303,1049,136,1049,223.01087597243108,0.12964728312678742,0.4822000000075377,1.218700000009676,2.4246245899060037,(gap/tau_g)^2+(speed/tau_v)^2+(lateral/tau_y)^2,False
severe,3,2.2,3133,False,Proposed,service,3,aware,none,0.65,0.92,5,0.6097211812695998,1.4469007651218178,0.16532398476585547,1.6111973388947607,22.2684790587382,0.48712146971325854,1050,85,1050,223.2580037929534,0.08095238095238096,0.6420999999932064,1.6330999999922824,2.4123304005885022,(gap/tau_g)^2+(speed/tau_v)^2+(lateral/tau_y)^2,False
severe,3,2.2,3134,False,Proposed,service,3,aware,none,0.65,0.92,5,0.6267201615995662,1.4513284295675184,0.16603926005855635,1.5672813235479863,22.46334960277394,0.4731872488388146,1050,161,1050,222.83168068934813,0.15333333333333332,0.5689500000016778,3.2596000000069125,2.462168698709119,(gap/tau_g)^2+(speed/tau_v)^2+(lateral/tau_y)^2,False
severe,3,2.2,3135,False,Proposed,service,3,aware,none,0.65,0.92,5,0.6157250311645474,1.4454995347127566,0.16652377981327035,1.5437552097368743,22.595401875498226,0.4928955120818185,1050,106,1050,222.60582280081732,0.10095238095238095,0.5644499999988284,1.4850999999964642,2.4332961307884817,(gap/tau_g)^2+(speed/tau_v)^2+(lateral/tau_y)^2,False
severe,3,2.2,3136,False,Proposed,service,3,aware,none,0.65,0.92,5,0.6232177240091326,1.4417990029928136,0.16531946134085038,1.6271056113510045,22.65629630017741,0.48266680947074514,1050,109,1050,223.26630561810236,0.10380952380952381,0.48540000000230066,1.0017000000175358,2.4343568535799376,(gap/tau_g)^2+(speed/tau_v)^2+(lateral/tau_y)^2,False
severe,3,2.2,3137,False,Proposed,service,3,aware,none,0.65,0.92,5,0.6289780436851327,1.441285179209467,0.16614538785638663,1.5695457451293666,22.240786965179083,0.4830738766098662,1048,107,1048,222.3775585265498,0.10209923664122138,0.7046999999857917,1.8588000000079319,2.4532683751688387,(gap/tau_g)^2+(speed/tau_v)^2+(lateral/tau_y)^2,False
severe,3,2.2,3138,False,Proposed,service,3,aware,none,0.65,0.92,5,0.6416436920386113,1.4380828908827472,0.16621287299941687,1.5184715578457577,22.549385717125773,0.4886599902459561,1050,118,1050,222.7732254442367,0.11238095238095239,0.5029999999948132,0.9428999999840926,2.4777349543281044,(gap/tau_g)^2+(speed/tau_v)^2+(lateral/tau_y)^2,False
severe,3,2.2,3139,False,Proposed,service,3,aware,none,0.65,0.92,5,0.6148247342492879,1.4335391307472998,0.16535161891450612,1.535224159352352,22.462157284916024,0.49104938392135944,1050,73,1050,223.24546762530056,0.06952380952380953,0.4959000000042124,1.191599999998516,2.404032712645484,(gap/tau_g)^2+(speed/tau_v)^2+(lateral/tau_y)^2,False
severe,3,2.2,3140,False,Proposed,service,3,aware,none,0.65,0.92,5,0.6293348683125366,1.422729750239508,0.1652166349966393,1.5968372691983057,22.434351410466697,0.47712922893487564,1050,127,1050,223.33938120306914,0.12095238095238095,0.5037500000071304,1.2363000000163993,2.4192589678957876,(gap/tau_g)^2+(speed/tau_v)^2+(lateral/tau_y)^2,False
severe,3,2.2,3141,False,Proposed,service,3,aware,none,0.65,0.92,5,0.6277011387194559,1.4477460789544763,0.16631317732775783,1.5200941850085428,22.534828822348608,0.49394592261635706,1050,101,1050,222.70598707306567,0.09619047619047619,0.45500000000231466,0.8048999999914486,2.461333560058951,(gap/tau_g)^2+(speed/tau_v)^2+(lateral/tau_y)^2,False
severe,3,2.2,3142,False,Proposed,service,3,aware,none,0.65,0.92,5,0.6250731106584593,1.4322834476735984,0.16595829222421593,1.5664121087867975,22.496705613808068,0.45329607560589347,1050,100,1050,222.89518079011853,0.09523809523809523,0.47960000000557557,2.0194999999887386,2.429811747393561,(gap/tau_g)^2+(speed/tau_v)^2+(lateral/tau_y)^2,False
severe,3,2.2,3143,False,Proposed,service,3,aware,none,0.65,0.92,5,0.6247814732982102,1.4285642861846928,0.1656169690588431,1.5778481961929953,22.768099109850446,0.4893099625093573,1050,161,1050,223.06554608457202,0.15333333333333332,0.4753499999878841,1.2213999999914904,2.4209058334954108,(gap/tau_g)^2+(speed/tau_v)^2+(lateral/tau_y)^2,False
severe,3,2.2,3144,False,Proposed,service,3,aware,none,0.65,0.92,5,0.6206617823161031,1.4423778456106446,0.16609784300426514,1.6143095171271504,22.596652918466297,0.3823861663010042,1050,144,1050,222.82094124917043,0.13714285714285715,0.46274999999695865,1.2346000000036383,2.4360058006503835,(gap/tau_g)^2+(speed/tau_v)^2+(lateral/tau_y)^2,False
severe,3,2.2,3145,False,Proposed,service,3,aware,none,0.65,0.92,5,0.6246754625085,1.4596302891490454,0.16627241800724027,1.575941100617604,22.282467411526014,0.4912379209402802,1050,128,1050,222.72992881886663,0.1219047619047619,0.5026500000013812,1.9173999999964053,2.4718866584412016,(gap/tau_g)^2+(speed/tau_v)^2+(lateral/tau_y)^2,False
severe,3,2.2,3146,False,Proposed,service,3,aware,none,0.65,0.92,5,0.6207756117121027,1.443837123505193,0.16590079703825847,1.555161523154459,22.421340521412475,0.45173147058850927,1050,139,1050,222.90270612458164,0.13238095238095238,0.5279999999885376,2.099399999991647,2.4367704195850326,(gap/tau_g)^2+(speed/tau_v)^2+(lateral/tau_y)^2,False
severe,3,2.2,3147,False,Proposed,service,3,aware,none,0.65,0.92,5,0.6373112632381731,1.4301620961731296,0.16592195074872226,1.5720565652367822,22.531763888579015,0.4977919679845857,1049,170,1049,222.69453463927366,0.16205910390848427,0.5569499999893424,1.7579999999952634,2.4538774715326284,(gap/tau_g)^2+(speed/tau_v)^2+(lateral/tau_y)^2,False
severe,3,2.2,3148,False,Proposed,service,3,aware,none,0.65,0.92,5,0.623745921370421,1.4328370670100696,0.16584999066111641,1.5811187330488221,22.605435636057408,0.47149284581818085,1050,123,1050,222.9602173301164,0.11714285714285715,0.46820000000025175,0.6826000000046406,2.4267761190362735,(gap/tau_g)^2+(speed/tau_v)^2+(lateral/tau_y)^2,False
severe,3,2.2,3149,False,Proposed,service,3,aware,none,0.65,0.92,5,0.6299499524677914,1.4433371700770847,0.1656004461291256,1.5624623104122035,22.370735170411493,0.4889962885800252,1050,156,1050,223.07797520235854,0.14857142857142858,0.4718000000139,0.8992999999861695,2.453944054448218,(gap/tau_g)^2+(speed/tau_v)^2+(lateral/tau_y)^2,False
severe,3,2.2,3150,False,Proposed,service,3,aware,none,0.65,0.92,5,0.6307524378325298,1.4375702657272462,0.16555169527672342,1.5373836462083594,22.449946995968027,0.49280259122209724,1050,108,1050,223.13526275118514,0.10285714285714286,0.43434999999192314,1.2700000000052114,2.446862536411402,(gap/tau_g)^2+(speed/tau_v)^2+(lateral/tau_y)^2,False
severe,3,2.4,3101,False,Proposed,service,3,aware,none,0.65,0.92,5,0.652563771760558,1.474144618113971,0.16505484817212038,1.5442334796805945,28.031087154712736,0.4495690869262502,1050,138,1050,223.4351277874315,0.13142857142857142,0.4457500000114578,3.0016999999986638,2.546851221727361,(gap/tau_g)^2+(speed/tau_v)^2+(lateral/tau_y)^2,False
severe,3,2.4,3102,False,Proposed,service,3,aware,none,0.65,0.92,5,0.6598411198018432,1.4852000069564573,0.16544586318940582,1.6075350374622266,28.289737690520084,0.44452208969422546,1049,197,1049,223.00769433842066,0.18779790276453764,0.45310000000142736,1.1024000000077194,2.5837534352670817,(gap/tau_g)^2+(speed/tau_v)^2+(lateral/tau_y)^2,False
severe,3,2.4,3103,False,Proposed,service,3,aware,none,0.65,0.92,5,0.6418688853791266,1.4802900196791793,0.16540512036375873,1.6216384647809607,27.494365588766904,0.46491998720578864,1050,223,1050,223.20035099318034,0.2123809523809524,0.6187499999867896,2.0335000000102355,2.534397137876413,(gap/tau_g)^2+(speed/tau_v)^2+(lateral/tau_y)^2,False
severe,3,2.4,3104,False,Proposed,service,3,aware,none,0.65,0.92,5,0.6402741858911224,1.4889710338650293,0.16553074105645735,1.5566071238215409,27.996285963642244,0.43499067878565756,1049,122,1049,222.9513549930211,0.11630123927550047,1.1602499999980864,2.3084999999980482,2.544952665833442,(gap/tau_g)^2+(speed/tau_v)^2+(lateral/tau_y)^2,False
severe,3,2.4,3105,False,Proposed,service,3,aware,none,0.65,0.92,5,0.6206952361695003,1.480373762149765,0.16502979888008087,1.5663590334471136,27.86855675894344,0.4837877278082364,1050,108,1050,223.4538690545216,0.10285714285714286,0.7472499999892079,1.46579999997698,2.483897658350881,(gap/tau_g)^2+(speed/tau_v)^2+(lateral/tau_y)^2,False
severe,3,2.4,3106,False,Proposed,service,3,aware,none,0.65,0.92,5,0.6282958489562123,1.4920164987319071,0.1656702115892423,1.538757869394445,27.888536137341916,0.4845076580238906,1050,155,1050,223.08830651472684,0.14761904761904762,0.5581499999891548,2.380600000009281,2.5237253971536364,(gap/tau_g)^2+(speed/tau_v)^2+(lateral/tau_y)^2,False
severe,3,2.4,3107,False,Proposed,service,3,aware,none,0.65,0.92,5,0.6601959279424373,1.4900684195862834,0.16575317793756073,1.5693754402659121,27.930636819485706,0.45982039487129,1048,235,1048,222.5980657000163,0.22423664122137404,0.5152499999923066,1.5948000000207685,2.5945208554450607,(gap/tau_g)^2+(speed/tau_v)^2+(lateral/tau_y)^2,False
severe,3,2.4,3108,False,Proposed,service,3,aware,none,0.65,0.92,5,0.635011388096603,1.4893515990158133,0.16594584913814478,1.5682045016692887,27.784477245117742,0.4630554004531662,1050,163,1050,222.94340035645394,0.15523809523809523,0.47654999998769654,1.9225000000062664,2.537039239606125,(gap/tau_g)^2+(speed/tau_v)^2+(lateral/tau_y)^2,False
severe,3,2.4,3109,False,Proposed,service,3,aware,none,0.65,0.92,5,0.6447090128545914,1.4925939862734277,0.1658646109766672,1.5095440225897985,27.97566414438115,0.49417859389643337,1050,100,1050,222.98349491910977,0.09523809523809523,0.46519999999361517,1.299899999992249,2.563360981953021,(gap/tau_g)^2+(speed/tau_v)^2+(lateral/tau_y)^2,False
severe,3,2.4,3110,False,Proposed,service,3,aware,none,0.65,0.92,5,0.6344657222999917,1.481427503239269,0.1642716454800679,1.6548877193688074,28.044859776477026,0.46023208528186454,1050,253,1050,223.83380237604456,0.24095238095238095,0.4963999999887392,1.0998999999856096,2.5099758906187537,(gap/tau_g)^2+(speed/tau_v)^2+(lateral/tau_y)^2,False
severe,3,2.4,3111,False,Proposed,service,3,aware,none,0.65,0.92,5,0.6238530076632954,1.4871451140143368,0.16550110894858067,1.5118227470618588,28.006035759259994,0.4884104878050116,1050,117,1050,223.18724395008468,0.11142857142857143,0.5647499999952288,1.3562000000035823,2.505030986023478,(gap/tau_g)^2+(speed/tau_v)^2+(lateral/tau_y)^2,False
severe,3,2.4,3112,False,Proposed,service,3,aware,none,0.65,0.92,5,0.6480068470812986,1.4822248034105179,0.1649090272769157,1.539451015941408,28.01890286333461,0.4949689501276392,1050,190,1050,223.50169727831243,0.18095238095238095,0.5230500000124039,1.1975999999833675,2.5472999106764425,(gap/tau_g)^2+(speed/tau_v)^2+(lateral/tau_y)^2,False
severe,3,2.4,3113,False,Proposed,service,3,aware,none,0.65,0.92,5,0.6271226107048721,1.49422091843416,0.16495797204064916,1.564084573426362,27.767376374310146,0.47140589989163095,1049,89,1049,223.25194110835875,0.08484270734032412,0.4926000000153863,1.0707999999794993,2.518578370701617,(gap/tau_g)^2+(speed/tau_v)^2+(lateral/tau_y)^2,False
severe,3,2.4,3114,False,Proposed,service,3,aware,none,0.65,0.92,5,0.6288751126461144,1.4837913136567333,0.16478244863211267,1.5398762942298116,27.84348224781197,0.49857031526181284,1050,110,1050,223.5990689363368,0.10476190476190476,0.48950000000047567,1.0316000000045733,2.505197897777613,(gap/tau_g)^2+(speed/tau_v)^2+(lateral/tau_y)^2,False
severe,3,2.4,3115,False,Proposed,service,3,aware,none,0.65,0.92,5,0.6329815828519755,1.488863188456061,0.16509628586398734,1.5161435108842032,27.977131999742497,0.4983425252785161,1050,124,1050,223.4032283245275,0.1180952380952381,0.47610000000020136,1.1604999999974552,2.5246904633324836,(gap/tau_g)^2+(speed/tau_v)^2+(lateral/tau_y)^2,False
severe,3,2.4,3116,False,Proposed,service,3,aware,none,0.65,0.92,5,0.6184221294170882,1.4997802128540576,0.16580092978317573,1.5150913671965973,27.86031540328281,0.48605568415187705,1050,89,1050,223.02637332321763,0.08476190476190476,0.5249000000020487,1.4216000000146778,2.5147753831740145,(gap/tau_g)^2+(speed/tau_v)^2+(lateral/tau_y)^2,False
severe,3,2.4,3117,False,Proposed,service,3,aware,none,0.65,0.92,5,0.6224458567904656,1.484750862516884,0.16513330416425662,1.5122443207457938,28.135148115057333,0.4551292355801636,1050,101,1050,223.38711701604942,0.09619047619047619,0.47019999999520223,1.0407999999983986,2.4952426798791936,(gap/tau_g)^2+(speed/tau_v)^2+(lateral/tau_y)^2,False
severe,3,2.4,3118,False,Proposed,service,3,aware,none,0.65,0.92,5,0.6447638972033706,1.4835270312632007,0.1652743471308139,1.5921418895668111,27.74500249748192,0.4723636577135645,1050,161,1050,223.30307835382746,0.15333333333333332,0.5158000000022867,3.0193999999994503,2.5448327865066247,(gap/tau_g)^2+(speed/tau_v)^2+(lateral/tau_y)^2,False
severe,3,2.4,3119,False,Proposed,service,3,aware,none,0.65,0.92,5,0.6313114445219434,1.4863319197669065,0.16549958671537043,1.5735316998751874,27.735096200448886,0.4454677397393708,1050,132,1050,223.18368611592018,0.12571428571428572,0.49864999999726933,1.9915999999966516,2.5204274905825796,(gap/tau_g)^2+(speed/tau_v)^2+(lateral/tau_y)^2,False
severe,3,2.4,3120,False,Proposed,service,3,aware,none,0.65,0.92,5,0.622175830208768,1.476615475386624,0.1646582999016106,1.5416389645352027,27.55034472648672,0.4692315923646918,1049,125,1049,223.44468245280996,0.11916110581506197,0.45529999999871507,0.9378000000026532,2.4784371260911864,(gap/tau_g)^2+(speed/tau_v)^2+(lateral/tau_y)^2,False
severe,3,2.4,3121,False,Proposed,service,3,aware,none,0.65,0.92,5,0.6440174404394898,1.4990175818895028,0.1660796674660428,1.6202035531515409,27.869307655719005,0.48965532624550867,1050,180,1050,222.84796621080918,0.17142857142857143,0.5350999999933492,1.8970000000138043,2.5733657532617786,(gap/tau_g)^2+(speed/tau_v)^2+(lateral/tau_y)^2,False
severe,3,2.4,3122,False,Proposed,service,3,aware,none,0.65,0.92,5,0.6316296836447816,1.4897162216811128,0.16542543305985927,1.5503618750932848,28.07119516641749,0.4659653510792304,1049,124,1049,223.03063056421263,0.11820781696854146,0.47214999999312113,2.006899999997813,2.525667224331724,(gap/tau_g)^2+(speed/tau_v)^2+(lateral/tau_y)^2,False
severe,3,2.4,3123,False,Proposed,service,3,aware,none,0.65,0.92,5,0.6174843376208693,1.4976309988784438,0.1659826942655646,1.5822336893010331,27.981652057927924,0.4594921549590699,1050,99,1050,222.9228996588366,0.09428571428571429,0.582250000007889,1.5295999999977994,2.5109357853805667,(gap/tau_g)^2+(speed/tau_v)^2+(lateral/tau_y)^2,False
severe,3,2.4,3124,False,Proposed,service,3,aware,none,0.65,0.92,5,0.6291925734901664,1.4789731235553667,0.16543601182264242,1.5114993929258156,28.203880966483922,0.4475068395755867,1050,110,1050,223.23692708128382,0.10476190476190476,0.5337999999994736,1.2023999999826174,2.504020139220345,(gap/tau_g)^2+(speed/tau_v)^2+(lateral/tau_y)^2,False
severe,3,2.4,3125,False,Proposed,service,3,aware,none,0.65,0.92,5,0.617908619053424,1.4835468980805968,0.16505855687326032,1.5746614859431982,27.92845062546055,0.4686696698778542,1050,165,1050,223.42425125521262,0.15714285714285714,0.5136999999990621,0.9079999999812571,2.482797379354352,(gap/tau_g)^2+(speed/tau_v)^2+(lateral/tau_y)^2,False
severe,3,2.4,3126,False,Proposed,service,3,aware,none,0.65,0.92,5,0.6139059378710817,1.4921468073027553,0.16479639933230816,1.5023547735783827,28.131988000570495,0.4503094672840312,1050,98,1050,223.5764412608408,0.09333333333333334,0.44185000000140917,2.572100000008959,2.4849265659837916,(gap/tau_g)^2+(speed/tau_v)^2+(lateral/tau_y)^2,False
severe,3,2.4,3127,False,Proposed,service,3,aware,none,0.65,0.92,5,0.6069300507356218,1.5068392295942554,0.1650089268993944,1.5300700717651272,26.87627300367638,0.4942192154901274,1050,103,1050,223.47668628291606,0.0980952380952381,0.5932999999913591,1.6861000000005788,2.4940193930617376,(gap/tau_g)^2+(speed/tau_v)^2+(lateral/tau_y)^2,False
severe,3,2.4,3128,False,Proposed,service,3,aware,none,0.65,0.92,5,0.6409193700403787,1.4835237602926208,0.1646590248005488,1.4923849780751675,27.58160566145404,0.44621030255797944,1050,113,1050,223.64768592818783,0.10761904761904761,0.6431999999989557,1.8249999999966349,2.530965171969614,(gap/tau_g)^2+(speed/tau_v)^2+(lateral/tau_y)^2,False
severe,3,2.4,3129,False,Proposed,service,3,aware,none,0.65,0.92,5,0.619514033256308,1.488335256271034,0.16551960153139192,1.5604282025233591,28.068966362465403,0.4958303808650488,1050,70,1050,223.17502007935406,0.06666666666666667,0.6615499999895746,2.538099999981114,2.4973997788562983,(gap/tau_g)^2+(speed/tau_v)^2+(lateral/tau_y)^2,False
severe,3,2.4,3130,False,Proposed,service,3,aware,none,0.65,0.92,5,0.6151399244702511,1.4949964395813735,0.16570118460926173,1.5120787495437238,27.926043762044962,0.48724417032847933,1050,112,1050,223.06262116401717,0.10666666666666667,0.510300000001962,1.6353999999978441,2.4994415136071653,(gap/tau_g)^2+(speed/tau_v)^2+(lateral/tau_y)^2,False
severe,3,2.4,3131,False,Proposed,service,3,aware,none,0.65,0.92,5,0.6160081629109172,1.5091300071498894,0.16618790638650252,1.495606821754852,27.82236112290387,0.4884020965975675,1048,129,1048,222.3518233554546,0.12309160305343511,0.49309999999991305,0.9979000000157612,2.5270430423903343,(gap/tau_g)^2+(speed/tau_v)^2+(lateral/tau_y)^2,False
severe,3,2.4,3132,False,Proposed,service,3,aware,none,0.65,0.92,5,0.631334613498488,1.4797846121983784,0.16479469768374103,1.5690664866042148,28.059712225790356,0.4857968619431907,1049,136,1049,223.36341934966885,0.12964728312678742,0.6248499999941259,1.2695000000064738,2.504750774959535,(gap/tau_g)^2+(speed/tau_v)^2+(lateral/tau_y)^2,False
severe,3,2.4,3133,False,Proposed,service,3,aware,none,0.65,0.92,5,0.6162877381458353,1.494534707698378,0.16472511986617674,1.5721640339226821,27.629946451894043,0.4913022746746537,1050,84,1050,223.60953864354187,0.08,0.4652500000048576,1.1341999999956442,2.493187109841405,(gap/tau_g)^2+(speed/tau_v)^2+(lateral/tau_y)^2,False
severe,3,2.4,3134,False,Proposed,service,3,aware,none,0.65,0.92,5,0.6337264006157998,1.5002019938153108,0.16541405556595587,1.536115642519119,28.091376175430746,0.4792117284474602,1050,160,1050,223.19928813228938,0.1523809523809524,0.4791499999896587,1.1816999999894051,2.5462854468781337,(gap/tau_g)^2+(speed/tau_v)^2+(lateral/tau_y)^2,False
severe,3,2.4,3135,False,Proposed,service,3,aware,none,0.65,0.92,5,0.6221641575402143,1.4943404969737697,0.16589648537601576,1.5088110444382614,28.006914622328544,0.4939736655762912,1050,106,1050,222.97609824197983,0.10095238095238095,0.5110000000030368,1.4895999999851028,2.5155109865729197,(gap/tau_g)^2+(speed/tau_v)^2+(lateral/tau_y)^2,False
severe,3,2.4,3136,False,Proposed,service,3,aware,none,0.65,0.92,5,0.6270118729533476,1.4954391039059067,0.16471343809139874,1.6220765638669161,28.089597771735306,0.44016974285854904,1050,107,1050,223.62208372014987,0.1019047619047619,0.4710500000015827,0.7792000000108601,2.5181742196322223,(gap/tau_g)^2+(speed/tau_v)^2+(lateral/tau_y)^2,False
severe,3,2.4,3137,False,Proposed,service,3,aware,none,0.65,0.92,5,0.6378234180252431,1.4903172526465982,0.16553306702613382,1.5354723809077244,27.69620690819123,0.4863124295537691,1049,107,1049,222.94791330823963,0.10200190657769304,0.6236499999943135,1.4527000000157386,2.54144966028636,(gap/tau_g)^2+(speed/tau_v)^2+(lateral/tau_y)^2,False
severe,3,2.4,3138,False,Proposed,service,3,aware,none,0.65,0.92,5,0.6487470030044407,1.4888538004114347,0.16557805727235012,1.4837128511431383,27.865211965261388,0.4910668878501766,1050,113,1050,223.143368957635,0.10761904761904761,0.4655000000042264,1.3040000000046348,2.56458247391242,(gap/tau_g)^2+(speed/tau_v)^2+(lateral/tau_y)^2,False
severe,3,2.4,3139,False,Proposed,service,3,aware,none,0.65,0.92,5,0.6236475487856293,1.4787409117589612,0.16475272350758627,1.518555227418597,27.850330866378854,0.4990497650910961,1050,75,1050,223.59904426930606,0.07142857142857142,0.49949999998943895,1.3484999999775482,2.485679095692662,(gap/tau_g)^2+(speed/tau_v)^2+(lateral/tau_y)^2,False
severe,3,2.4,3140,False,Proposed,service,3,aware,none,0.65,0.92,5,0.6352443516718095,1.4715076449525288,0.16462868933801914,1.5574469633109884,27.73816283147633,0.47988450656977655,1050,126,1050,223.68439986572812,0.12,0.46634999999639604,1.4240999999799442,2.499724003314215,(gap/tau_g)^2+(speed/tau_v)^2+(lateral/tau_y)^2,False
severe,3,2.4,3141,False,Proposed,service,3,aware,none,0.65,0.92,5,0.6282386408402391,1.5002873764870739,0.16568978320967165,1.4759444301728313,27.885227507966633,0.49394592261635706,1050,98,1050,223.0738313007939,0.09333333333333334,0.4914999999812153,1.1387000000127045,2.5363867651156933,(gap/tau_g)^2+(speed/tau_v)^2+(lateral/tau_y)^2,False
severe,3,2.4,3142,False,Proposed,service,3,aware,none,0.65,0.92,5,0.6314571880842854,1.48071890076637,0.16533765745399673,1.530428262305711,27.766655712658547,0.4587901916984398,1050,99,1050,223.25919687453018,0.09428571428571429,0.5643500000047652,1.1049000000014075,2.510918371509015,(gap/tau_g)^2+(speed/tau_v)^2+(lateral/tau_y)^2,False
severe,3,2.4,3143,False,Proposed,service,3,aware,none,0.65,0.92,5,0.6276891004708705,1.4789365486634811,0.16500172865028528,1.5317878169752364,28.17841961784977,0.49691199118955576,1050,149,1050,223.4270656421096,0.1419047619047619,0.4869999999925767,0.7844999999804259,2.4970179091474773,(gap/tau_g)^2+(speed/tau_v)^2+(lateral/tau_y)^2,False
severe,3,2.4,3144,False,Proposed,service,3,aware,none,0.65,0.92,5,0.6291461727916946,1.488233784894936,0.16547771223871438,1.5702227021639596,28.014874797789297,0.3929139551852181,1050,149,1050,223.18691306114155,0.1419047619047619,0.49140000000136297,0.6965000000036525,2.5182808596430473,(gap/tau_g)^2+(speed/tau_v)^2+(lateral/tau_y)^2,False
severe,3,2.4,3145,False,Proposed,service,3,aware,none,0.65,0.92,5,0.6311880555950556,1.509002756301413,0.1656415358306623,1.5381565192084439,27.7235356858221,0.49358578370126693,1050,127,1050,223.09930763017317,0.12095238095238095,0.5011499999909574,1.5722999999923104,2.555971978185983,(gap/tau_g)^2+(speed/tau_v)^2+(lateral/tau_y)^2,False
severe,3,2.4,3146,False,Proposed,service,3,aware,none,0.65,0.92,5,0.6264325875695111,1.492856056396509,0.165291596990993,1.5447422064807292,27.791227985507064,0.4554155153380065,1050,138,1050,223.26323933997156,0.13142857142857142,0.5169499999908567,0.7789000000002488,2.5177150366755554,(gap/tau_g)^2+(speed/tau_v)^2+(lateral/tau_y)^2,False
severe,3,2.4,3147,False,Proposed,service,3,aware,none,0.65,0.92,5,0.6413630829764224,1.4801324520975687,0.16530872723957651,1.5444585584479709,28.12271027507407,0.4977919679845857,1049,169,1049,223.05456626203306,0.16110581506196378,0.509049999990907,1.1548999999888565,2.5322082935165833,(gap/tau_g)^2+(speed/tau_v)^2+(lateral/tau_y)^2,False
severe,3,2.4,3148,False,Proposed,service,3,aware,none,0.65,0.92,5,0.6315473596915173,1.481035768823978,0.16523215192556737,1.5458326598436278,28.016065321474727,0.4731704528302412,1050,120,1050,223.32305323078873,0.11428571428571428,0.9327500000040345,4.184400000013966,2.510727733099718,(gap/tau_g)^2+(speed/tau_v)^2+(lateral/tau_y)^2,False
severe,3,2.4,3149,False,Proposed,service,3,aware,none,0.65,0.92,5,0.6374373078927631,1.4913932704024275,0.16499261378221475,1.5325606046461515,27.867969497097278,0.49314988686718764,1050,157,1050,223.4371428400893,0.14952380952380953,0.6864500000034468,1.2854000000004362,2.537745381680175,(gap/tau_g)^2+(speed/tau_v)^2+(lateral/tau_y)^2,False
severe,3,2.4,3150,False,Proposed,service,3,aware,none,0.65,0.92,5,0.6367841711218164,1.4857557094107783,0.16493861867946963,1.5044456303948737,27.856301077239237,0.48350508479977916,1050,105,1050,223.49415471870182,0.1,0.8346500000016022,1.552199999991899,2.5272572821841157,(gap/tau_g)^2+(speed/tau_v)^2+(lateral/tau_y)^2,False
severe,3,2.6,3101,False,Proposed,service,3,aware,none,0.65,0.92,5,0.6558217000991221,1.5174410599169803,0.16445933941251875,1.5170050044589716,33.4830193750395,0.4532441350490122,1050,140,1050,223.78487154942877,0.13333333333333333,0.71705000000577,1.5286000000003241,2.615607700498987,(gap/tau_g)^2+(speed/tau_v)^2+(lateral/tau_y)^2,False
severe,3,2.6,3102,False,Proposed,service,3,aware,none,0.65,0.92,5,0.6637307789399488,1.5285893176570295,0.16483678756090187,1.5764863910983338,33.47243314211501,0.44722114613121045,1049,199,1049,223.36451273477454,0.18970448045757865,0.8234499999986156,1.6630000000077416,2.654594160481445,(gap/tau_g)^2+(speed/tau_v)^2+(lateral/tau_y)^2,False
severe,3,2.6,3103,False,Proposed,service,3,aware,none,0.65,0.92,5,0.6463051439455082,1.5221887524922475,0.1648119878923533,1.5599961098336534,32.81501980416185,0.4673793741181428,1050,227,1050,223.55258721623383,0.21619047619047618,0.7672500000097671,1.710099999996828,2.6038436963994744,(gap/tau_g)^2+(speed/tau_v)^2+(lateral/tau_y)^2,False
severe,3,2.6,3104,False,Proposed,service,3,aware,none,0.65,0.92,5,0.642756507269835,1.5333496889065301,0.16491690944055218,1.5169345636912435,33.343204337019834,0.47716552862660544,1049,124,1049,223.3104149254659,0.11820781696854146,0.8018499999877804,2.2841999999911877,2.6139756225913984,(gap/tau_g)^2+(speed/tau_v)^2+(lateral/tau_y)^2,False
severe,3,2.6,3105,False,Proposed,service,3,aware,none,0.65,0.92,5,0.6244594852476969,1.5232796854966304,0.16443449096698334,1.519804227296296,33.39585502964124,0.4859176853015389,1050,110,1050,223.80397087391458,0.10476190476190476,1.076600000004646,1.7676000000221848,2.5530792226972374,(gap/tau_g)^2+(speed/tau_v)^2+(lateral/tau_y)^2,False
severe,3,2.6,3106,False,Proposed,service,3,aware,none,0.65,0.92,5,0.6317650155214796,1.535827613990516,0.1650568905602761,1.5085324427196574,33.24434609667201,0.48840284946833745,1050,154,1050,223.44782854084522,0.14666666666666667,1.0449499999936052,2.127599999994345,2.594105876536014,(gap/tau_g)^2+(speed/tau_v)^2+(lateral/tau_y)^2,False
severe,3,2.6,3107,False,Proposed,service,3,aware,none,0.65,0.92,5,0.6582443281861124,1.5374713351770963,0.16513719998457316,1.560796017163137,33.240506635250384,0.4747600244539327,1048,237,1048,222.96067158715275,0.22614503816793893,1.117949999994039,2.4098000000094544,2.6580725199072894,(gap/tau_g)^2+(speed/tau_v)^2+(lateral/tau_y)^2,False
severe,3,2.6,3108,False,Proposed,service,3,aware,none,0.65,0.92,5,0.6356251780477854,1.5349726828660244,0.16533241831819406,1.5519436919714082,33.2750016959605,0.4654853834358904,1050,157,1050,223.3039189993289,0.14952380952380953,1.0101000000020122,2.185799999978144,2.603739691135548,(gap/tau_g)^2+(speed/tau_v)^2+(lateral/tau_y)^2,False
severe,3,2.6,3109,False,Proposed,service,3,aware,none,0.65,0.92,5,0.6485724682264575,1.5364119838902048,0.16524882089855022,1.4766989242652069,33.345831532816035,0.49417859389643337,1050,100,1050,223.34472148599812,0.09523809523809523,0.941000000011627,2.2980999999901996,2.6348631268819274,(gap/tau_g)^2+(speed/tau_v)^2+(lateral/tau_y)^2,False
severe,3,2.6,3110,False,Proposed,service,3,aware,none,0.65,0.92,5,0.6351482524349086,1.5242525403053377,0.16369915249084918,1.5963192093920537,33.3592038105478,0.4852059111387709,1050,247,1050,224.17402926477652,0.23523809523809525,1.126250000012874,1.5949999999804731,2.572495031311779,(gap/tau_g)^2+(speed/tau_v)^2+(lateral/tau_y)^2,False
severe,3,2.6,3111,False,Proposed,service,3,aware,none,0.65,0.92,5,0.6262674776439886,1.5308878017392193,0.16489223861628247,1.4799249784742379,33.39423497420322,0.4919943004556978,1050,117,1050,223.54424752996562,0.11142857142857143,1.118299999987471,2.4709000000200376,2.572723370977531,(gap/tau_g)^2+(speed/tau_v)^2+(lateral/tau_y)^2,False
severe,3,2.6,3112,False,Proposed,service,3,aware,none,0.65,0.92,5,0.6550204384824488,1.5258912162950118,0.1643099265655725,1.5288041306885505,33.07909785118545,0.4913444072617965,1050,195,1050,223.8500096499773,0.18571428571428572,1.1143500000088125,1.9214999999803695,2.625633124276527,(gap/tau_g)^2+(speed/tau_v)^2+(lateral/tau_y)^2,False
severe,3,2.6,3113,False,Proposed,service,3,aware,none,0.65,0.92,5,0.6307411247078966,1.5354864668450205,0.16437380319781808,1.533910514345437,33.124097694619394,0.4747186172950043,1050,91,1050,223.81291226577082,0.08666666666666667,1.0410000000007358,2.8824000000042815,2.5856474741714637,(gap/tau_g)^2+(speed/tau_v)^2+(lateral/tau_y)^2,False
severe,3,2.6,3114,False,Proposed,service,3,aware,none,0.65,0.92,5,0.6320366255844411,1.5259498896652635,0.16418916793160354,1.5066726576565392,33.29909738370398,0.49857031526181284,1050,109,1050,223.94721921222842,0.10380952380952381,1.0918000000117445,2.306700000019646,2.57214345923678,(gap/tau_g)^2+(speed/tau_v)^2+(lateral/tau_y)^2,False
severe,3,2.6,3115,False,Proposed,service,3,aware,none,0.65,0.92,5,0.6367453416073806,1.5317852696101697,0.1644985125115613,1.4853981491356885,33.38737142773648,0.4983425252785161,1050,123,1050,223.75505330737835,0.11714285714285715,1.194550000008121,3.388999999998532,2.5944100363468716,(gap/tau_g)^2+(speed/tau_v)^2+(lateral/tau_y)^2,False
severe,3,2.6,3116,False,Proposed,service,3,aware,none,0.65,0.92,5,0.6212505616430997,1.543695422997242,0.16518094715170795,1.4854882095197364,33.211992781018004,0.48899682426768454,1050,87,1050,223.38957536064999,0.08285714285714285,1.1179500000082498,1.7812000000105854,2.584070044972683,(gap/tau_g)^2+(speed/tau_v)^2+(lateral/tau_y)^2,False
severe,3,2.6,3117,False,Proposed,service,3,aware,none,0.65,0.92,5,0.6261310535041582,1.527021886934021,0.1645317814758585,1.4806144431373,33.61455728812065,0.4579083528207627,1050,101,1050,223.74094881537616,0.09619047619047619,1.0168000000021493,2.486599999997452,2.563419605567775,(gap/tau_g)^2+(speed/tau_v)^2+(lateral/tau_y)^2,False
severe,3,2.6,3118,False,Proposed,service,3,aware,none,0.65,0.92,5,0.6471703463492486,1.5276490323545031,0.16467498445254392,1.542747064169336,33.14679010963475,0.4747944498743959,1050,154,1050,223.65229949399958,0.14666666666666667,1.1949999999956162,2.940300000005891,2.6132011306429206,(gap/tau_g)^2+(speed/tau_v)^2+(lateral/tau_y)^2,False
severe,3,2.6,3119,False,Proposed,service,3,aware,none,0.65,0.92,5,0.6436250359579194,1.5251003067550233,0.16491517063534558,1.5284402437531883,33.31729460727527,0.46702254942950805,1050,130,1050,223.52830994449945,0.12380952380952381,0.7658999999904381,1.356000000015456,2.603074909781215,(gap/tau_g)^2+(speed/tau_v)^2+(lateral/tau_y)^2,False
severe,3,2.6,3120,False,Proposed,service,3,aware,none,0.65,0.92,5,0.6252709640017703,1.5185658736646157,0.1640840104504573,1.487329426354365,33.01153191203964,0.471871409013518,1049,120,1049,223.78323579334437,0.11439466158245949,0.6678999999962798,1.4469000000190135,2.5446879796714503,(gap/tau_g)^2+(speed/tau_v)^2+(lateral/tau_y)^2,False
severe,3,2.6,3121,False,Proposed,service,3,aware,none,0.65,0.92,5,0.6434994176159003,1.545735406040305,0.16544559732583125,1.5837537803960822,33.24754246007474,0.49297735997272873,1050,171,1050,223.22103509901274,0.16285714285714287,0.7092999999969152,1.275399999997262,2.6394983733920796,(gap/tau_g)^2+(speed/tau_v)^2+(lateral/tau_y)^2,False
severe,3,2.6,3122,False,Proposed,service,3,aware,none,0.65,0.92,5,0.6332865126698596,1.532849144263636,0.16481720320195584,1.5120243963617066,33.473557495700874,0.4740868262374137,1049,123,1049,223.38727511562823,0.11725452812202097,0.7451999999972259,1.8460999999945216,2.5908877823730405,(gap/tau_g)^2+(speed/tau_v)^2+(lateral/tau_y)^2,False
severe,3,2.6,3123,False,Proposed,service,3,aware,none,0.65,0.92,5,0.6218717985076447,1.5412347053185809,0.165366041239448,1.5496197909483496,33.38143505347459,0.46644050336286735,1050,99,1050,223.2845290320141,0.09428571428571429,0.5536999999975478,1.13719999998807,2.5830995011738027,(gap/tau_g)^2+(speed/tau_v)^2+(lateral/tau_y)^2,False
severe,3,2.6,3124,False,Proposed,service,3,aware,none,0.65,0.92,5,0.6318049390101894,1.5232929007585563,0.1648308998385388,1.4752113962819624,33.53241265198549,0.45711587043297486,1050,110,1050,223.59093696097526,0.10476190476190476,0.7041500000042333,1.324499999981299,2.5727678923006296,(gap/tau_g)^2+(speed/tau_v)^2+(lateral/tau_y)^2,False
severe,3,2.6,3125,False,Proposed,service,3,aware,none,0.65,0.92,5,0.6212154942837393,1.5253826787826807,0.1644623359512735,1.5206747798462523,33.38499343256817,0.4910742964302378,1050,167,1050,223.77658143237417,0.15904761904761905,0.7888499999921805,1.2547000000040498,2.5493953297055585,(gap/tau_g)^2+(speed/tau_v)^2+(lateral/tau_y)^2,False
severe,3,2.6,3126,False,Proposed,service,3,aware,none,0.65,0.92,5,0.6171546858806697,1.5336216524479596,0.1642124253978765,1.4720801988300312,33.447286445819394,0.45521851599136565,1050,98,1050,223.9208726574778,0.09333333333333334,1.0010499999992817,1.3586000000032072,2.5512604890193566,(gap/tau_g)^2+(speed/tau_v)^2+(lateral/tau_y)^2,False
severe,3,2.6,3127,False,Proposed,service,3,aware,none,0.65,0.92,5,0.6101351634034812,1.5482189101702903,0.16441459167358083,1.5118254846146675,32.33738830809028,0.49498576627879765,1050,107,1050,223.82494053079378,0.1019047619047619,1.0118999999946254,1.5675000000214823,2.5605581416737944,(gap/tau_g)^2+(speed/tau_v)^2+(lateral/tau_y)^2,False
severe,3,2.6,3128,False,Proposed,service,3,aware,none,0.65,0.92,5,0.6437340771189098,1.5263607078671977,0.16406647622501613,1.4617719772031563,32.9792118506244,0.45058340693163035,1050,113,1050,223.9966639116977,0.10761904761904761,0.7568500000019185,1.2354999999786287,2.5983066214402437,(gap/tau_g)^2+(speed/tau_v)^2+(lateral/tau_y)^2,False
severe,3,2.6,3129,False,Proposed,service,3,aware,none,0.65,0.92,5,0.6223792471807846,1.5311747830093558,0.16490843931389315,1.5312311448135147,33.51539784693919,0.4958303808650488,1050,71,1050,223.5334467768606,0.06761904761904762,1.1182500000046502,5.494599999991578,2.5646741324445936,(gap/tau_g)^2+(speed/tau_v)^2+(lateral/tau_y)^2,False
severe,3,2.6,3130,False,Proposed,service,3,aware,none,0.65,0.92,5,0.6191042817637213,1.537336277406734,0.1650831288447044,1.4772068589905338,33.44949690319537,0.4947661653061963,1050,114,1050,223.4257334337278,0.10857142857142857,0.8657000000056314,1.6394999999818083,2.5685333990697403,(gap/tau_g)^2+(speed/tau_v)^2+(lateral/tau_y)^2,False
severe,3,2.6,3131,False,Proposed,service,3,aware,none,0.65,0.92,5,0.619391680840345,1.5535870041020756,0.1655542881714792,1.4638825681137386,33.278391863998536,0.490345229074034,1048,130,1048,222.72203353361041,0.12404580152671756,0.8116999999998598,1.7831999999771142,2.598688181683526,(gap/tau_g)^2+(speed/tau_v)^2+(lateral/tau_y)^2,False
severe,3,2.6,3132,False,Proposed,service,3,aware,none,0.65,0.92,5,0.6339396973891426,1.522556580535507,0.16420466994735403,1.5246248934095472,33.42350666347902,0.4916565414941758,1049,132,1049,223.71025740764225,0.12583412774070543,0.9826000000003887,1.654999999999518,2.5712760097734204,(gap/tau_g)^2+(speed/tau_v)^2+(lateral/tau_y)^2,False
severe,3,2.6,3133,False,Proposed,service,3,aware,none,0.65,0.92,5,0.6211528489153056,1.535503651721664,0.16413994358107925,1.542207551591658,33.06579361287755,0.4952192337449647,1050,84,1050,223.95415189999707,0.08,1.0609000000130209,1.7289000000175747,2.562414183628518,(gap/tau_g)^2+(speed/tau_v)^2+(lateral/tau_y)^2,False
severe,3,2.6,3134,False,Proposed,service,3,aware,none,0.65,0.92,5,0.6367600205395018,1.5432592199847044,0.16481111738171456,1.5037574214587095,33.4519184411879,0.48510043475988895,1050,161,1050,223.55595903176442,0.15333333333333332,0.9702500000088321,1.4050000000054297,2.615018348050172,(gap/tau_g)^2+(speed/tau_v)^2+(lateral/tau_y)^2,False
severe,3,2.6,3135,False,Proposed,service,3,aware,none,0.65,0.92,5,0.6253584693351338,1.538115069301584,0.1652741321425379,1.477533201656625,33.39535010113671,0.4939736655762912,1050,106,1050,223.33968087854484,0.10095238095238095,1.1428499999937003,1.8473000000085449,2.5851695190805524,(gap/tau_g)^2+(speed/tau_v)^2+(lateral/tau_y)^2,False
severe,3,2.6,3136,False,Proposed,service,3,aware,none,0.65,0.92,5,0.6298520480407598,1.537084998844589,0.16413140043591007,1.5777772215933543,33.279982414097375,0.44780247581851806,1050,105,1050,223.96474309950253,0.1,1.2647499999900447,2.2543999999982134,2.584170160973751,(gap/tau_g)^2+(speed/tau_v)^2+(lateral/tau_y)^2,False
severe,3,2.6,3137,False,Proposed,service,3,aware,none,0.65,0.92,5,0.6415709939426184,1.5336311924859867,0.16492174295929055,1.5106645639209133,33.211676575359846,0.4894350991637316,1049,108,1049,223.3066575510656,0.10295519542421354,1.1054000000001452,1.9987000000014632,2.611749150540631,(gap/tau_g)^2+(speed/tau_v)^2+(lateral/tau_y)^2,False
severe,3,2.6,3138,False,Proposed,service,3,aware,none,0.65,0.92,5,0.6524336353130483,1.5325173343778766,0.16496372709340493,1.4536782193012856,33.36090552298996,0.49344640612894086,1050,113,1050,223.50337298662402,0.10761904761904761,1.040050000014503,1.6060000000095442,2.6353419150925648,(gap/tau_g)^2+(speed/tau_v)^2+(lateral/tau_y)^2,False
severe,3,2.6,3139,False,Proposed,service,3,aware,none,0.65,0.92,5,0.6186540364965328,1.5236855862679788,0.16414965093105177,1.4809771632201545,33.26689460142341,0.4990497650910961,1050,73,1050,223.95435384116112,0.06952380952380953,0.9610999999978276,2.472900000014988,2.538540454286017,(gap/tau_g)^2+(speed/tau_v)^2+(lateral/tau_y)^2,False
severe,3,2.6,3140,False,Proposed,service,3,aware,none,0.65,0.92,5,0.6354370487401336,1.5150421837066677,0.16404800164917688,1.5019573123603946,33.10619041185077,0.4825443235536617,1050,122,1050,224.02605472711667,0.11619047619047619,0.976050000019768,1.752000000010412,2.5617235908212495,(gap/tau_g)^2+(speed/tau_v)^2+(lateral/tau_y)^2,False
severe,3,2.6,3141,False,Proposed,service,3,aware,none,0.65,0.92,5,0.6338146047466888,1.5422180701044654,0.16508081363745938,1.4583952440868155,33.3594578942899,0.49394592261635706,1050,98,1050,223.4339503049499,0.09333333333333334,0.5243999999891003,0.8723999999915577,2.608950508084867,(gap/tau_g)^2+(speed/tau_v)^2+(lateral/tau_y)^2,False
severe,3,2.6,3142,False,Proposed,service,3,aware,none,0.65,0.92,5,0.6346927080915132,1.5225676526046141,0.16474342032820133,1.5012765213965802,33.0861844945501,0.46392298274857524,1050,99,1050,223.61341493440403,0.09428571428571429,0.4696999999964646,0.7680000000220844,2.577422034499334,(gap/tau_g)^2+(speed/tau_v)^2+(lateral/tau_y)^2,False
severe,3,2.6,3143,False,Proposed,service,3,aware,none,0.65,0.92,5,0.6391364350693683,1.5184306642984164,0.16440989114393398,1.513979752066664,33.53379107056675,0.49691199118955576,1050,150,1050,223.77757449099371,0.14285714285714285,0.8361000000007834,3.694100000018352,2.578322016260804,(gap/tau_g)^2+(speed/tau_v)^2+(lateral/tau_y)^2,False
severe,3,2.6,3144,False,Proposed,service,3,aware,none,0.65,0.92,5,0.633930316885305,1.5324330443502017,0.16486893722852433,1.5655721043769266,33.27551722299826,0.40809807426753864,1050,151,1050,223.54486871470164,0.1438095238095238,0.8682000000135304,1.2887999999975364,2.5921138167985114,(gap/tau_g)^2+(speed/tau_v)^2+(lateral/tau_y)^2,False
severe,3,2.6,3145,False,Proposed,service,3,aware,none,0.65,0.92,5,0.6334560571208763,1.551601652950091,0.16502414156111225,1.5101053239973847,33.228245827624086,0.49358578370126693,1050,131,1050,223.4632087361814,0.12476190476190477,0.7602499999990187,1.4419000000032156,2.622486826315942,(gap/tau_g)^2+(speed/tau_v)^2+(lateral/tau_y)^2,False
severe,3,2.6,3146,False,Proposed,service,3,aware,none,0.65,0.92,5,0.6291828289442744,1.535498124845303,0.1646939038883059,1.5135417827426434,33.30023548189927,0.45896244235796113,1050,137,1050,223.61746257813846,0.13047619047619047,0.8164499999878672,2.609900000010157,2.5848087384302554,(gap/tau_g)^2+(speed/tau_v)^2+(lateral/tau_y)^2,False
severe,3,2.6,3147,False,Proposed,service,3,aware,none,0.65,0.92,5,0.642755807555251,1.5250774292542788,0.16470937395622529,1.5166632503569764,33.4463400145424,0.4977919679845857,1049,167,1049,223.40734345546036,0.15919923736892277,0.7181000000002769,1.0658000000205448,2.599355578792403,(gap/tau_g)^2+(speed/tau_v)^2+(lateral/tau_y)^2,False
severe,3,2.6,3148,False,Proposed,service,3,aware,none,0.65,0.92,5,0.6349865539922905,1.523271930703091,0.16462785070805205,1.5199238630597836,33.473829833287,0.4748593793936955,1050,123,1050,223.67884432251142,0.11714285714285715,0.8042500000016162,1.5726000000029217,2.578228120891311,(gap/tau_g)^2+(speed/tau_v)^2+(lateral/tau_y)^2,False
severe,3,2.6,3149,False,Proposed,service,3,aware,none,0.65,0.92,5,0.6414740890100885,1.5334825663650662,0.1643986214078337,1.5018290805373127,33.3540425914663,0.49707475962381886,1050,157,1050,223.7888066789233,0.14952380952380953,0.674350000011259,1.3387000000193439,2.6069886707180348,(gap/tau_g)^2+(speed/tau_v)^2+(lateral/tau_y)^2,False
severe,3,2.6,3150,False,Proposed,service,3,aware,none,0.65,0.92,5,0.6444693221986529,1.5274723981619545,0.16434825607411238,1.4705844615133006,33.34203067675695,0.4998755646175266,1050,109,1050,223.84109537091308,0.10380952380952381,0.7680000000220844,1.612199999982522,2.6040360518107697,(gap/tau_g)^2+(speed/tau_v)^2+(lateral/tau_y)^2,False
